Feb 15, 2020	5	null	null	null
Feb 16, 2020	5	null	0	0
Feb 17, 2020	5	null	0	0
Feb 18, 2020	5	null	0	0
Feb 19, 2020	5	null	0	0
Feb 20, 2020	6	0	1	2
Feb 21, 2020	8	0	0	2
Feb 22, 2020	10	0	0	2
Feb 23, 2020	11	0	0	1
Feb 24, 2020	11	0	0	0
Feb 25, 2020	7	0	4	0
Feb 26, 2020	8	0	0	1
Feb 27, 2020	8	0	0	0
Feb 28, 2020	10	0	0	2
Feb 29, 2020	10	0	0	0
Mar 01, 2020	13	1	0	4
Mar 02, 2020	17	0	0	4
Mar 03, 2020	17	0	6	6
Mar 04, 2020	30	1	0	14
Mar 05, 2020	36	0	1	7
Mar 06, 2020	39	0	0	3
Mar 07, 2020	49	1	0	11
Mar 08, 2020	58	0	0	9
Mar 09, 2020	68	0	0	10
Mar 10, 2020	91	0	0	23
Mar 11, 2020	101	0	2	12
Mar 12, 2020	127	0	2	28
Mar 13, 2020	169	0	0	42
Mar 14, 2020	215	0	1	47
Mar 15, 2020	263	2	0	50
Mar 16, 2020	362	0	0	99
Mar 17, 2020	414	0	0	52
Mar 18, 2020	534	1	16	137
Mar 19, 2020	686	1	3	156
Mar 20, 2020	854	0	0	168
Mar 21, 2020	994	0	0	140
Mar 22, 2020	1475	0	41	522
Mar 23, 2020	1715	0	30	270
Mar 24, 2020	2132	1	0	418
Mar 25, 2020	2478	3	0	349
Mar 26, 2020	2790	2	50	364
Mar 27, 2020	3109	0	0	319
Mar 28, 2020	3358	1	0	250
Mar 29, 2020	3796	3	72	513
Mar 30, 2020	4083	2	0	289
Mar 31, 2020	4278	1	99	295
Apr 01, 2020	4552	3	0	277
Apr 02, 2020	4574	2	234	258
Apr 03, 2020	4707	3	0	136
Apr 04, 2020	4799	2	0	94
Apr 05, 2020	4503	7	483	194
Apr 06, 2020	3317	8	1319	141
Apr 07, 2020	3292	4	112	91
Apr 08, 2020	3068	1	285	62
Apr 09, 2020	2973	1	192	98
Apr 10, 2020	2928	3	126	84
Apr 11, 2020	2888	2	101	63
Apr 12, 2020	2837	3	58	10
Apr 13, 2020	2719	2	161	45
Apr 14, 2020	2664	0	95	40
Apr 15, 2020	2608	2	99	45
Apr 16, 2020	2580	0	49	21
Apr 17, 2020	2556	2	85	63
Apr 18, 2020	2255	5	347	51
Apr 19, 2020	2235	1	45	26
Apr 20, 2020	2203	0	45	13
Apr 21, 2020	1812	0	411	20
Apr 22, 2020	1583	3	230	4
Apr 23, 2020	1481	1	119	18
Apr 24, 2020	1406	4	79	8
Apr 25, 2020	1189	1	236	20
Apr 26, 2020	1042	3	165	21
Apr 27, 2020	1005	0	41	4
Apr 28, 2020	970	5	48	18
Apr 29, 2020	944	1	33	8
Apr 30, 2020	904	3	45	8
May 01, 2020	885	1	31	13
May 02, 2020	854	0	45	14
May 03, 2020	849	2	23	20
May 04, 2020	828	0	45	24
May 05, 2020	823	1	28	24
May 06, 2020	755	1	93	26
May 07, 2020	726	0	50	21
May 08, 2020	702	0	42	18
May 09, 2020	662	0	55	15
May 10, 2020	645	0	29	12
May 11, 2020	636	0	16	7
May 12, 2020	608	0	44	16
May 13, 2020	578	1	45	16
May 14, 2020	567	0	20	9
May 15, 2020	560	0	37	30
May 16, 2020	548	0	29	17
May 17, 2020	553	0	4	9
May 18, 2020	535	1	32	15
May 19, 2020	523	1	19	8
May 20, 2020	500	0	34	11
May 21, 2020	477	0	25	2
May 22, 2020	481	1	9	14
May 23, 2020	477	1	19	16
May 24, 2020	470	0	10	3
May 25, 2020	451	0	23	4
May 26, 2020	445	0	21	15
May 27, 2020	436	0	15	6
May 28, 2020	439	0	8	11
May 29, 2020	453	0	9	23
May 30, 2020	439	0	26	12
May 31, 2020	444	0	5	10
Jun 01, 2020	448	0	5	9
Jun 02, 2020	460	0	5	17
Jun 03, 2020	452	0	16	8
Jun 04, 2020	436	0	27	11
Jun 05, 2020	431	0	16	11
Jun 06, 2020	425	0	10	4
Jun 07, 2020	418	0	12	5
Jun 08, 2020	421	0	2	5
Jun 09, 2020	410	0	13	2
Jun 10, 2020	395	0	24	9
Jun 11, 2020	288	0	116	9
Jun 12, 2020	125	0	168	5
Jun 13, 2020	118	0	19	12
Jun 14, 2020	109	0	27	18
Jun 15, 2020	112	0	12	15
Jun 16, 2020	117	0	7	12
Jun 17, 2020	135	0	5	23
Jun 18, 2020	149	0	7	21
Jun 19, 2020	162	0	5	18
Jun 20, 2020	181	0	8	27
Jun 21, 2020	197	0	9	25
Jun 22, 2020	203	0	7	13
Jun 23, 2020	207	0	14	18
Jun 24, 2020	227	1	8	29
Jun 25, 2020	158	1	105	37
Jun 26, 2020	179	0	16	37
Jun 27, 2020	200	0	24	45
Jun 28, 2020	227	0	17	44
Jun 29, 2020	284	0	22	79
Jun 30, 2020	315	0	36	67
Jul 01, 2020	362	0	35	82
Jul 02, 2020	405	0	36	79
Jul 03, 2020	430	0	222	247
Jul 04, 2020	494	0	41	105
Jul 05, 2020	534	0	45	85
Jul 06, 2020	636	2	30	134
Jul 07, 2020	760	0	41	165
Jul 08, 2020	849	0	39	128
Jul 09, 2020	920	0	97	168
Jul 10, 2020	1160	0	52	292
Jul 11, 2020	1237	1	110	188
Jul 12, 2020	1468	1	4	236
Jul 13, 2020	1601	0	46	179
Jul 14, 2020	1798	0	65	262
Jul 15, 2020	1939	3	86	230
Jul 16, 2020	2134	2	118	315
Jul 17, 2020	2462	3	82	413
Jul 18, 2020	2612	2	48	200
Jul 19, 2020	2844	4	115	351
Jul 20, 2020	2926	1	176	259
Jul 21, 2020	3159	3	113	349
Jul 22, 2020	3428	2	185	456
Jul 23, 2020	3655	5	168	400
Jul 24, 2020	3762	6	168	281
Jul 25, 2020	4017	6	84	345
Jul 26, 2020	4258	11	189	441
Jul 27, 2020	4563	6	206	517
Jul 28, 2020	4803	6	113	359
Jul 29, 2020	4883	10	180	270
Jul 30, 2020	5432	14	138	701
Jul 31, 2020	5794	8	216	586
Aug 01, 2020	5979	4	178	367
Aug 02, 2020	6383	7	213	624
Aug 03, 2020	6553	14	201	385
Aug 04, 2020	6770	12	173	402
Aug 05, 2020	7280	16	169	695
Aug 06, 2020	7503	8	175	406
Aug 07, 2020	7689	12	202	400
Aug 08, 2020	7849	13	241	414
Aug 09, 2020	7892	18	315	376
Aug 10, 2020	7907	19	271	305
Aug 11, 2020	7927	19	269	308
Aug 12, 2020	7926	22	383	404
Aug 13, 2020	7908	10	233	225
Aug 14, 2020	7916	15	352	375
Aug 15, 2020	7910	4	286	284
Aug 16, 2020	7701	18	437	246
Aug 17, 2020	7499	26	439	263
Aug 18, 2020	7289	18	400	208
Aug 19, 2020	7168	13	322	214
Aug 20, 2020	4918	14	2472	236
Aug 21, 2020	4475	10	600	167
Aug 22, 2020	4353	14	297	189
Aug 23, 2020	4065	18	474	204
Aug 24, 2020	3780	16	371	102
Aug 25, 2020	3688	8	218	134
Aug 26, 2020	3515	25	295	147
Aug 27, 2020	3327	24	279	115
Aug 28, 2020	3160	12	278	123
Aug 29, 2020	3018	18	221	97
Aug 30, 2020	2868	12	258	120
Aug 31, 2020	2651	44	247	74
Sep 01, 2020	2554	5	163	71
Sep 02, 2020	2449	6	201	102
Sep 03, 2020	2327	16	229	123
Sep 04, 2020	2083	63	266	85
Sep 05, 2020	1979	12	161	69
Sep 06, 2020	1895	5	149	70
Sep 07, 2020	1791	10	136	42
Sep 08, 2020	1701	8	132	50
Sep 09, 2020	1633	12	145	89
Sep 10, 2020	1498	7	174	46
Sep 11, 2020	1354	10	184	50
Sep 12, 2020	1273	6	116	41
Sep 13, 2020	1184	7	125	43
Sep 14, 2020	1104	6	114	40
Sep 15, 2020	1068	0	81	45
Sep 16, 2020	1019	8	80	39
Sep 17, 2020	976	8	69	34
Sep 18, 2020	943	5	74	46
Sep 19, 2020	850	7	110	24
Sep 20, 2020	756	5	102	13
Sep 21, 2020	668	2	100	14
Sep 22, 2020	625	3	70	30
Sep 23, 2020	541	5	111	32
Sep 24, 2020	513	2	35	9
Sep 25, 2020	456	8	66	17
Sep 26, 2020	416	1	55	16
Sep 27, 2020	370	2	68	24
Sep 28, 2020	322	3	49	4
Sep 29, 2020	178	7	156	19
Sep 30, 2020	180	4	9	15
Oct 01, 2020	184	2	12	18
Oct 02, 2020	171	2	28	17
Oct 03, 2020	147	3	29	8
Oct 04, 2020	153	1	8	15
Oct 05, 2020	149	0	17	13
Oct 06, 2020	158	1	15	25
Oct 07, 2020	142	2	22	8
Oct 08, 2020	162	0	4	24
Oct 09, 2020	166	0	19	23
Oct 10, 2020	166	0	15	15
Oct 11, 2020	169	1	17	21
Oct 12, 2020	173	0	17	21
Oct 13, 2020	196	1	7	31
Oct 14, 2020	205	5	10	24
Oct 15, 2020	213	0	13	21
Oct 16, 2020	197	0	25	9
Oct 17, 2020	201	0	8	12
Oct 18, 2020	185	0	24	8
Oct 19, 2020	170	1	22	8
Oct 20, 2020	185	0	15	30
Oct 21, 2020	179	0	21	15
Oct 22, 2020	180	0	21	22
Oct 23, 2020	167	0	31	18
Oct 24, 2020	158	0	24	15
Oct 25, 2020	158	0	21	21
Oct 26, 2020	156	0	9	7
Oct 27, 2020	158	0	12	14
Oct 28, 2020	163	2	6	13
Oct 29, 2020	170	0	8	15
Oct 30, 2020	153	0	30	13
Oct 31, 2020	146	0	15	8
Nov 01, 2020	129	0	22	5
Nov 02, 2020	118	0	18	7
Nov 03, 2020	111	0	15	8
Nov 04, 2020	102	0	21	12
Nov 05, 2020	107	0	7	12
Nov 06, 2020	104	0	14	11
Nov 07, 2020	98	0	13	7
Nov 08, 2020	89	0	15	6
Nov 09, 2020	86	0	13	10
Nov 10, 2020	88	0	8	10
Nov 11, 2020	91	0	5	8
Nov 12, 2020	97	0	7	13
Nov 13, 2020	93	0	8	4
Nov 14, 2020	89	0	12	8
Nov 15, 2020	94	0	12	17
Nov 16, 2020	105	0	11	22
Nov 17, 2020	108	0	7	10
Nov 18, 2020	119	0	6	17
Nov 19, 2020	116	0	10	7
Nov 20, 2020	114	0	10	8
Nov 21, 2020	120	0	8	14
Nov 22, 2020	122	0	13	15
Nov 23, 2020	132	0	4	14
Nov 24, 2020	138	0	8	14
Nov 25, 2020	128	0	17	7
Nov 26, 2020	117	0	22	11
Nov 27, 2020	114	0	10	7
Nov 28, 2020	108	0	17	11
Nov 29, 2020	109	0	7	8
Nov 30, 2020	112	1	7	11
Dec 01, 2020	106	0	14	8
Dec 02, 2020	102	0	15	11
Dec 03, 2020	104	0	14	16
Dec 04, 2020	100	0	14	10
Dec 05, 2020	100	0	7	7
Dec 06, 2020	98	0	11	9
Dec 07, 2020	98	0	7	7
Dec 08, 2020	102	0	11	15
Dec 09, 2020	100	0	8	6
Dec 10, 2020	96	0	11	7
Dec 11, 2020	100	0	8	12
Dec 12, 2020	102	0	11	13
Dec 13, 2020	92	0	16	6
Dec 14, 2020	90	0	10	8
Dec 15, 2020	92	0	7	9
Dec 16, 2020	94	0	9	11
Dec 17, 2020	99	0	7	12
Dec 18, 2020	107	0	15	23
Dec 19, 2020	135	0	6	34
Dec 20, 2020	171	0	7	43
Dec 21, 2020	185	0	12	26
Dec 22, 2020	193	0	13	21
Dec 23, 2020	206	0	6	19
Dec 24, 2020	222	0	8	24
Dec 25, 2020	227	0	9	14
Dec 26, 2020	237	0	11	21
Dec 27, 2020	240	0	12	15
Dec 28, 2020	242	1	22	25
Dec 29, 2020	221	0	34	13
Dec 30, 2020	209	0	43	31
Dec 31, 2020	207	0	26	24
Jan 01, 2021	208	0	21	22
Jan 02, 2021	231	0	19	42
Jan 03, 2021	220	0	24	13
Jan 04, 2021	227	0	14	21
Jan 05, 2021	225	0	21	19
Jan 06, 2021	223	0	15	13
Jan 07, 2021	208	0	25	10
Jan 08, 2021	220	0	13	25
Jan 09, 2021	201	0	31	12
Jan 10, 2021	189	0	24	12
Jan 11, 2021	186	0	22	19
Jan 12, 2021	163	0	42	19
Jan 13, 2021	167	0	13	17
Jan 14, 2021	154	0	21	8
Jan 15, 2021	142	0	19	7
Jan 16, 2021	153	0	13	24
Jan 17, 2021	162	0	10	19
Jan 18, 2021	150	0	25	13
Jan 19, 2021	147	0	12	9
Jan 20, 2021	145	0	12	10
Jan 21, 2021	136	0	19	10
Jan 22, 2021	122	0	19	5
Jan 23, 2021	111	0	17	6
Jan 24, 2021	108	0	8	5
Jan 25, 2021	112	0	7	11
Jan 26, 2021	91	0	24	3
Jan 27, 2021	77	0	19	5
Jan 28, 2021	72	0	13	8
Jan 29, 2021	70	0	9	7
Jan 30, 2021	66	0	10	6
Jan 31, 2021	61	0	10	5
Feb 01, 2021	63	0	5	7
Feb 02, 2021	63	0	6	6
Feb 03, 2021	63	0	5	5
Feb 04, 2021	61	0	11	9
Feb 05, 2021	62	0	3	4
Feb 06, 2021	63	0	5	6
Feb 07, 2021	57	0	8	2
Feb 08, 2021	57	0	7	7
Feb 09, 2021	54	0	6	3
Feb 10, 2021	60	0	5	11
Feb 11, 2021	59	0	7	6
Feb 12, 2021	63	0	6	10
Feb 13, 2021	63	0	5	5
Feb 14, 2021	60	0	9	6
Feb 15, 2021	58	0	4	2
Feb 16, 2021	57	0	6	5
Feb 17, 2021	61	0	2	6
Feb 18, 2021	55	0	7	1
Feb 19, 2021	58	0	3	6
Feb 20, 2021	49	0	11	2
Feb 21, 2021	49	0	6	6
Feb 22, 2021	43	0	10	4
Feb 23, 2021	45	0	5	7
Feb 24, 2021	41	0	6	2
Feb 25, 2021	47	0	2	8
Feb 26, 2021	53	0	5	11
Feb 27, 2021	54	0	6	7
Feb 28, 2021	58	0	1	5
Mar 01, 2021	57	0	6	5
Mar 02, 2021	66	0	2	11
Mar 03, 2021	70	0	6	10
Mar 04, 2021	77	0	4	11
Mar 05, 2021	84	0	7	14
Mar 06, 2021	91	0	2	9
Mar 07, 2021	90	0	8	7
Mar 08, 2021	88	0	11	9
Mar 09, 2021	96	0	7	15
Mar 10, 2021	104	0	5	13
Mar 11, 2021	115	0	5	16
Mar 12, 2021	116	0	11	12
Mar 13, 2021	116	0	10	10
Mar 14, 2021	110	0	11	5
Mar 15, 2021	109	0	14	13
Mar 16, 2021	107	0	9	7
Mar 17, 2021	117	0	7	17
Mar 18, 2021	120	0	9	12
Mar 19, 2021	120	0	15	15
Mar 20, 2021	117	0	13	10
Mar 21, 2021	106	0	16	5
Mar 22, 2021	103	0	12	9
Mar 23, 2021	99	0	10	6
Mar 24, 2021	101	0	5	7
Mar 25, 2021	98	0	13	10
Mar 26, 2021	101	0	7	10
Mar 27, 2021	95	0	17	11
Mar 28, 2021	89	0	12	6
Mar 29, 2021	92	0	15	18
Mar 30, 2021	102	0	10	20
Mar 31, 2021	108	0	5	11
Apr 01, 2021	114	0	9	15
Apr 02, 2021	122	0	6	14
Apr 03, 2021	123	0	7	8
Apr 04, 2021	116	0	10	3
Apr 05, 2021	119	0	10	13
Apr 06, 2021	115	0	11	7
Apr 07, 2021	122	0	6	13
Apr 08, 2021	109	0	18	5
Apr 09, 2021	95	0	20	6
Apr 10, 2021	92	0	11	8
Apr 11, 2021	83	0	15	6
Apr 12, 2021	86	0	14	17
Apr 13, 2021	96	1	7	18
Apr 14, 2021	107	0	3	14
Apr 15, 2021	112	0	13	18
Apr 16, 2021	120	0	7	15
Apr 17, 2021	128	0	13	21
Apr 18, 2021	137	0	5	14
Apr 19, 2021	155	0	6	24
Apr 20, 2021	163	0	8	16
Apr 21, 2021	176	0	6	19
Apr 22, 2021	183	0	17	24
Apr 23, 2021	202	0	18	37
Apr 24, 2021	207	0	14	19
Apr 25, 2021	197	0	18	8
Apr 26, 2021	211	0	15	29
Apr 27, 2021	220	0	21	30
Apr 28, 2021	230	0	14	24
Apr 29, 2021	236	0	24	30
Apr 30, 2021	242	0	16	22
May 01, 2021	234	0	19	11
May 02, 2021	224	0	24	14
May 03, 2021	202	0	37	15
May 04, 2021	194	0	19	11
May 05, 2021	199	0	8	13
May 06, 2021	191	0	29	21
May 07, 2021	172	0	30	11
May 08, 2021	157	0	24	9
May 09, 2021	137	0	30	10
May 10, 2021	130	0	22	15
May 11, 2021	126	0	11	7
May 12, 2021	121	0	14	9
May 13, 2021	114	0	15	8
May 14, 2021	105	0	11	2
May 15, 2021	102	0	13	10
May 16, 2021	89	0	21	8
May 17, 2021	81	0	11	3
May 18, 2021	82	0	9	10
May 19, 2021	75	0	10	3
May 20, 2021	66	0	15	6
May 21, 2021	62	0	7	3
May 22, 2021	57	0	9	4
May 23, 2021	56	0	8	7
May 24, 2021	62	0	2	8
May 25, 2021	63	0	10	11
May 26, 2021	73	0	8	18
May 27, 2021	85	0	3	15
May 28, 2021	85	0	10	10
May 29, 2021	92	0	3	10
May 30, 2021	101	0	6	15
May 31, 2021	106	0	3	8
Jun 01, 2021	114	0	4	12
Jun 02, 2021	119	0	7	12
Jun 03, 2021	118	0	8	7
Jun 04, 2021	120	0	11	13
Jun 05, 2021	110	0	18	8
Jun 06, 2021	112	0	15	17
Jun 07, 2021	121	0	10	19
Jun 08, 2021	121	0	10	10
Jun 09, 2021	112	0	15	6
Jun 10, 2021	119	0	8	15
Jun 11, 2021	111	0	12	4
Jun 12, 2021	107	0	12	8
Jun 13, 2021	111	0	7	11
Jun 14, 2021	112	0	13	14
Jun 15, 2021	114	0	8	10
Jun 16, 2021	116	0	17	19
Jun 17, 2021	108	0	19	11
Jun 18, 2021	109	0	10	11
Jun 19, 2021	112	0	6	9
Jun 20, 2021	106	0	15	9
Jun 21, 2021	127	0	4	25
Jun 22, 2021	129	0	8	10
Jun 23, 2021	130	0	11	12
Jun 24, 2021	146	0	14	30
Jun 25, 2021	150	0	10	14
Jun 26, 2021	165	0	19	34
Jun 27, 2021	196	0	11	42
Jun 28, 2021	215	0	11	30
Jun 29, 2021	239	0	9	33
Jun 30, 2021	277	0	9	47
Jul 01, 2021	285	0	25	33
Jul 02, 2021	315	0	10	40
Jul 03, 2021	350	0	12	47
Jul 04, 2021	343	0	30	23
Jul 05, 2021	374	0	14	45
Jul 06, 2021	369	0	34	29
Jul 07, 2021	356	0	42	29
Jul 08, 2021	369	0	30	43
Jul 09, 2021	381	0	33	45
Jul 10, 2021	396	0	47	62
Jul 11, 2021	449	1	32	86
Jul 12, 2021	527	0	40	118
Jul 13, 2021	577	1	46	97
Jul 14, 2021	660	0	23	106
Jul 15, 2021	698	0	45	83
Jul 16, 2021	782	0	29	113
Jul 17, 2021	888	1	28	135
Jul 18, 2021	971	1	42	126
Jul 19, 2021	1041	1	44	115
Jul 20, 2021	1089	0	62	110
Jul 21, 2021	1139	0	86	136
Jul 22, 2021	1174	0	118	153
Jul 23, 2021	1229	1	96	152
Jul 24, 2021	1291	0	106	168
Jul 25, 2021	1366	2	81	158
Jul 26, 2021	1414	0	113	161
Jul 27, 2021	1460	2	133	181
Jul 28, 2021	1534	1	125	200
Jul 29, 2021	1670	2	113	251
Jul 30, 2021	1732	0	110	172
Jul 31, 2021	1811	1	135	215
Aug 01, 2021	1905	0	153	247
Aug 02, 2021	1976	1	151	223
Aug 03, 2021	2022	0	168	214
Aug 04, 2021	2110	2	156	246
Aug 05, 2021	2239	5	156	290
Aug 06, 2021	2354	1	180	296
Aug 07, 2021	2501	6	194	347
Aug 08, 2021	2532	1	250	282
Aug 09, 2021	2647	0	172	287
Aug 10, 2021	2805	3	212	373
Aug 11, 2021	2913	2	245	355
Aug 12, 2021	3056	2	221	366
Aug 13, 2021	3246	2	212	404
Aug 14, 2021	3478	4	242	478
Aug 15, 2021	3621	4	286	433
Aug 16, 2021	3823	10	286	498
Aug 17, 2021	3946	1	346	470
Aug 18, 2021	4323	4	278	659
Aug 19, 2021	4763	1	286	727
Aug 20, 2021	5079	3	370	689
Aug 21, 2021	5589	3	352	865
Aug 22, 2021	6107	3	363	884
Aug 23, 2021	6570	3	401	867
Aug 24, 2021	6900	0	478	808
Aug 25, 2021	7418	2	431	951
Aug 26, 2021	8002	3	495	1082
Aug 27, 2021	8481	2	468	949
Aug 28, 2021	8914	2	657	1092
Aug 29, 2021	9470	6	721	1283
Aug 30, 2021	10100	3	686	1319
Aug 31, 2021	10441	4	861	1206
Sep 01, 2021	10766	6	878	1209
Sep 02, 2021	11332	7	860	1433
Sep 03, 2021	12124	14	794	1600
Sep 04, 2021	12867	4	947	1694
Sep 05, 2021	13398	3	1079	1613
Sep 06, 2021	13953	5	944	1504
Sep 07, 2021	14296	10	1082	1435
Sep 08, 2021	14658	7	1276	1645
Sep 09, 2021	15015	6	1313	1676
Sep 10, 2021	15630	11	1195	1821
Sep 11, 2021	16409	8	1201	1988
Sep 12, 2021	16586	7	1426	1610
Sep 13, 2021	16654	7	1593	1668
Sep 14, 2021	16488	4	1690	1528
Sep 15, 2021	16480	15	1598	1605
Sep 16, 2021	16784	13	1491	1808
Sep 17, 2021	17099	14	1421	1750
Sep 18, 2021	17261	7	1638	1807
Sep 19, 2021	17115	15	1661	1530
Sep 20, 2021	16727	5	1816	1433
Sep 21, 2021	16305	12	1976	1566
Sep 22, 2021	16312	8	1602	1617
Sep 23, 2021	16403	11	1657	1759
Sep 24, 2021	16592	13	1515	1717
Sep 25, 2021	16801	13	1592	1814
Sep 26, 2021	16679	12	1796	1686
Sep 27, 2021	16381	15	1735	1452
Sep 28, 2021	16411	12	1795	1837
Sep 29, 2021	16637	24	1506	1756
Sep 30, 2021	17539	13	1420	2335
Oct 01, 2021	17966	19	1547	1993
Oct 02, 2021	18436	13	1604	2087
Oct 03, 2021	18699	14	1745	2022
Oct 04, 2021	18946	13	1704	1964
Oct 05, 2021	19456	12	1802	2324
Oct 06, 2021	19741	23	1663	1971
Oct 07, 2021	20447	11	1441	2158
Oct 08, 2021	21052	17	1820	2442
Oct 09, 2021	21757	17	1739	2461
Oct 10, 2021	21732	12	2323	2310
Oct 11, 2021	21795	17	1976	2056
Oct 12, 2021	21472	14	2073	1764
Oct 13, 2021	21461	18	2004	2011
Oct 14, 2021	22113	19	1945	2616
Oct 15, 2021	22307	12	2312	2518
Oct 16, 2021	22586	10	1961	2250
Oct 17, 2021	22473	17	2141	2045
Oct 18, 2021	22102	12	2430	2071
Oct 19, 2021	21598	16	2445	1957
Oct 20, 2021	21354	20	2290	2066
Oct 21, 2021	21775	14	2042	2477
Oct 22, 2021	22318	22	1742	2307
Oct 23, 2021	22310	12	1999	2003
Oct 24, 2021	21811	16	2600	2117
Oct 25, 2021	20931	12	2506	1638
Oct 26, 2021	20419	5	2245	1738
Oct 27, 2021	20080	17	2028	1706
Oct 28, 2021	20087	30	2041	2078
Oct 29, 2021	19966	13	1944	1836
Oct 30, 2021	19422	15	2051	1522
Oct 31, 2021	18018	13	2464	1073
Nov 01, 2021	17240	10	2297	1529
Nov 02, 2021	16342	14	1989	1105
Nov 03, 2021	15306	13	2104	1081
Nov 04, 2021	15164	14	1624	1496
Nov 05, 2021	14963	15	1723	1537
Nov 06, 2021	14751	11	1695	1494
Nov 07, 2021	14015	11	2067	1342
Nov 08, 2021	13415	13	1823	1236
Nov 09, 2021	13150	15	1507	1257
Nov 10, 2021	13247	18	1055	1170
Nov 11, 2021	13230	4	1525	1512
Nov 12, 2021	13489	12	1093	1364
Nov 13, 2021	13835	4	1077	1427
Nov 14, 2021	13404	5	1491	1065
Nov 15, 2021	12856	6	1531	989
Nov 16, 2021	12345	11	1483	983
Nov 17, 2021	12196	10	1332	1193
Nov 18, 2021	12204	16	1220	1244
Nov 19, 2021	12406	12	1245	1459
Nov 20, 2021	12559	5	1165	1323
Nov 21, 2021	12474	6	1506	1427
Nov 22, 2021	12285	4	1360	1175
Nov 23, 2021	11834	21	1406	976
Nov 24, 2021	12183	5	1060	1414
Nov 25, 2021	12696	5	984	1502
Nov 26, 2021	13291	7	976	1578
Nov 27, 2021	13536	5	1188	1438
Nov 28, 2021	13493	4	1240	1201
Nov 29, 2021	13163	3	1456	1129
Nov 30, 2021	12908	10	1313	1068
Dec 01, 2021	12858	5	1422	1377
Dec 02, 2021	13344	11	1164	1661
Dec 03, 2021	13853	12	964	1485
Dec 04, 2021	14085	11	1403	1646
Dec 05, 2021	13814	8	1494	1231
Dec 06, 2021	13477	6	1572	1241
Dec 07, 2021	13441	10	1428	1402
Dec 08, 2021	13897	7	1194	1657
Dec 09, 2021	14374	11	1118	1606
Dec 10, 2021	14987	2	1066	1681
Dec 11, 2021	15311	17	1360	1701
Dec 12, 2021	15151	4	1657	1501
Dec 13, 2021	15440	2	1483	1774
Dec 14, 2021	15751	7	1639	1957
Dec 15, 2021	17242	4	1227	2722
Dec 16, 2021	19316	10	1231	3315
Dec 17, 2021	21610	8	1394	3696
Dec 18, 2021	23875	8	1649	3922
Dec 19, 2021	26095	4	1602	3826
Dec 20, 2021	28265	0	1681	3851
Dec 21, 2021	30964	8	1693	4400
Dec 22, 2021	35019	8	1493	5556
Dec 23, 2021	41638	12	1762	8393
Dec 24, 2021	48485	10	1947	8804
Dec 25, 2021	55443	6	2716	9680
Dec 26, 2021	61299	2	3313	9171
Dec 27, 2021	67384	7	3689	9781
Dec 28, 2021	74426	5	3917	10964
Dec 29, 2021	88271	8	3818	17671
Dec 30, 2021	105089	17	3834	20669
Dec 31, 2021	132634	14	4386	31945
Jan 01, 2022	161340	15	5541	34262
Jan 02, 2022	184298	6	8387	31351
Jan 03, 2022	211530	7	8797	36036
Jan 04, 2022	248264	5	9675	46414
Jan 05, 2022	301814	19	9152	62721
Jan 06, 2022	362216	13	9768	70183
Jan 07, 2022	426863	19	10945	75611
Jan 08, 2022	517649	26	17645	108457
Jan 09, 2022	573640	24	20645	76660
Jan 10, 2022	604545	23	31922	62850
Jan 11, 2022	658690	30	34232	88407
Jan 12, 2022	728243	53	31298	100904
Jan 13, 2022	838860	61	35975	146653
Jan 14, 2022	918996	60	46354	126550
Jan 15, 2022	954788	59	62662	98513
Jan 16, 2022	968444	38	70145	83839
Jan 17, 2022	964668	34	75577	71835
Jan 18, 2022	927114	82	108375	70903
Jan 19, 2022	927872	70	76590	77418
Jan 20, 2022	938657	59	62791	73635
Jan 21, 2022	913039	100	88307	62789
Jan 22, 2022	865778	79	100825	53643
Jan 23, 2022	766790	43	146610	47665
Jan 24, 2022	679830	55	126495	39590
Jan 25, 2022	626903	76	98437	45586
Jan 26, 2022	594225	113	83726	51161
Jan 27, 2022	566756	77	71758	44366
Jan 28, 2022	535757	145	70758	39904
Jan 29, 2022	498001	103	77315	39662
Jan 30, 2022	460236	91	73544	35870
Jan 31, 2022	428918	45	62744	31471
Feb 01, 2022	407719	82	53561	32444
Feb 02, 2022	399862	74	47591	39808
Feb 03, 2022	396607	92	39498	36335
Feb 04, 2022	381832	91	45495	30811
Feb 05, 2022	359371	90	51071	28700
Feb 06, 2022	337893	49	44317	22888
Feb 07, 2022	320315	50	39854	22326
Feb 08, 2022	307773	60	39602	27120
Feb 09, 2022	301834	68	35802	29931
Feb 10, 2022	298741	70	31401	28378
Feb 11, 2022	295158	52	32392	28861
Feb 12, 2022	274476	72	39736	19126
Feb 13, 2022	260981	51	36284	22840
Feb 14, 2022	249127	26	30785	18957
Feb 15, 2022	244448	55	28645	24021
Feb 16, 2022	249651	68	22820	28091
Feb 17, 2022	254269	71	22255	26944
Feb 18, 2022	252089	40	27080	24940
Feb 19, 2022	243521	49	29882	21363
Feb 20, 2022	232088	36	28342	16945
Feb 21, 2022	220103	17	28844	16876
Feb 22, 2022	225012	39	19087	24035
Feb 23, 2022	228460	65	22775	26288
Feb 24, 2022	234542	45	18912	25039
Feb 25, 2022	234392	32	23989	23871
Feb 26, 2022	227832	38	28053	21531
Feb 27, 2022	218845	30	26914	17957
Feb 28, 2022	212506	13	24927	18601
Mar 01, 2022	215488	44	21319	24345
Mar 02, 2022	223120	64	16881	24577
Mar 03, 2022	241135	49	16827	34891
Mar 04, 2022	240953	41	23994	23853
Mar 05, 2022	236951	52	26236	22286
Mar 06, 2022	230947	14	25025	19035
Mar 07, 2022	228294	35	23836	21218
Mar 08, 2022	248799	17	21514	42036
Mar 09, 2022	263424	37	17920	32582
Mar 10, 2022	281874	23	18578	37051
Mar 11, 2022	291478	32	24313	33949
Mar 12, 2022	297650	23	24554	30749
Mar 13, 2022	291220	16	34875	28461
Mar 14, 2022	293075	5	23848	25708
Mar 15, 2022	303921	26	22260	33132
Mar 16, 2022	341993	24	19011	57107
Mar 17, 2022	371710	27	21191	50935
Mar 18, 2022	377043	32	42004	47369
Mar 19, 2022	389691	30	32552	45230
Mar 20, 2022	391567	10	37041	38927
Mar 21, 2022	396672	6	33943	39054
Mar 22, 2022	418217	30	30719	52294
Mar 23, 2022	450066	27	28434	60310
Mar 24, 2022	485845	38	25670	61487
Mar 25, 2022	509836	31	33101	57123
Mar 26, 2022	503350	33	57074	50621
Mar 27, 2022	497642	10	50925	45227
Mar 28, 2022	495969	6	47363	45696
Mar 29, 2022	509368	34	45196	58629
Mar 30, 2022	536010	37	38890	65569
Mar 31, 2022	555622	35	39019	58666
Apr 01, 2022	566002	17	52277	62674
Apr 02, 2022	558891	26	60284	53199
Apr 03, 2022	543665	17	61470	46261
Apr 04, 2022	531973	14	57109	45431
Apr 05, 2022	537967	38	50583	56615
Apr 06, 2022	553119	27	45200	60379
Apr 07, 2022	569704	34	45662	62281
Apr 08, 2022	568519	32	58597	57444
Apr 09, 2022	550770	24	65545	47820
Apr 10, 2022	535887	14	58652	43783
Apr 11, 2022	514791	5	62669	41578
Apr 12, 2022	506364	41	53158	44772
Apr 13, 2022	511958	40	46221	51855
Apr 14, 2022	520423	46	45385	53896
Apr 15, 2022	510499	35	56580	46691
Apr 16, 2022	490650	36	60343	40530
Apr 17, 2022	460670	15	62266	32301
Apr 18, 2022	436576	9	57435	33350
Apr 19, 2022	426327	21	47799	37571
Apr 20, 2022	432490	36	43747	49946
Apr 21, 2022	444004	52	41526	53092
Apr 22, 2022	446900	47	44725	47668
Apr 23, 2022	435677	32	51823	40632
Apr 24, 2022	415616	19	53877	33835
Apr 25, 2022	398849	13	46678	29924
Apr 26, 2022	393693	68	40462	35374
Apr 27, 2022	404927	45	32256	43535
Apr 28, 2022	416476	51	33299	44899
Apr 29, 2022	419480	26	37545	40575
Apr 30, 2022	407737	35	49911	38203
May 01, 2022	386309	8	53084	31664
May 02, 2022	369104	40	47628	30463
May 03, 2022	365189	42	40590	36717
May 04, 2022	376119	57	33778	44765
May 05, 2022	399588	58	29866	53393
May 06, 2022	401301	31	35343	37087
May 07, 2022	401511	42	43493	43745
May 08, 2022	390954	18	44881	34342
May 09, 2022	387140	3	40572	36761
May 10, 2022	395595	50	38153	46658
May 11, 2022	419486	49	31615	55555
May 12, 2022	445121	58	30405	56098
May 13, 2022	459088	52	36665	50684
May 14, 2022	462965	53	44712	48642
May 15, 2022	450610	21	53372	41038
May 16, 2022	454249	13	37074	40726
May 17, 2022	476337	67	43678	65833
May 18, 2022	496742	54	34288	54747
May 19, 2022	512873	51	36710	52892
May 20, 2022	514795	52	46606	48580
May 21, 2022	504613	51	55504	45373
May 22, 2022	485995	20	56078	37480
May 23, 2022	468432	13	50671	33121
May 24, 2022	461400	69	48573	41610
May 25, 2022	464948	88	40950	44586
May 26, 2022	469007	72	40654	44785
May 27, 2022	441081	40	65793	37907
May 28, 2022	418262	57	54690	31928
May 29, 2022	390931	31	52861	25561
May 30, 2022	368831	9	48571	26480
May 31, 2022	355866	53	45320	32408
Jun 01, 2022	352225	36	37444	33839
Jun 02, 2022	353150	57	33064	34046
Jun 03, 2022	342319	51	41559	30779
Jun 04, 2022	324235	61	44525	26502
Jun 05, 2022	300769	31	44754	21319
Jun 06, 2022	280148	3	37904	17286
Jun 07, 2022	278584	48	31880	30364
Jun 08, 2022	285339	60	25501	32316
Jun 09, 2022	290751	59	26421	31892
Jun 10, 2022	287542	39	32369	29199
Jun 11, 2022	276000	68	33771	22297
Jun 12, 2022	262259	23	34023	20305
Jun 13, 2022	250513	11	30768	19033
Jun 14, 2022	248913	32	26470	24902
Jun 15, 2022	257755	58	21261	30161
Jun 16, 2022	271946	72	17214	31477
Jun 17, 2022	270898	52	30312	29316
Jun 18, 2022	264786	65	32251	26204
Jun 19, 2022	254422	43	31849	21528
Jun 20, 2022	244887	13	29186	19664
Jun 21, 2022	253294	59	22238	30704
Jun 22, 2022	264881	63	20242	31892
Jun 23, 2022	277168	52	18981	31320
Jun 24, 2022	282360	42	24860	30094
Jun 25, 2022	279446	58	30103	27247
Jun 26, 2022	270982	26	31451	23013
Jun 27, 2022	264983	22	29294	23317
Jun 28, 2022	265790	74	26130	27011
Jun 29, 2022	281939	61	21467	37677
Jun 30, 2022	295794	61	19603	33519
Jul 01, 2022	299078	34	30670	33988
Jul 02, 2022	298997	55	31837	31811
Jul 03, 2022	297146	31	31289	29469
Jul 04, 2022	295916	25	30069	28864
Jul 05, 2022	304247	48	27199	35578
Jul 06, 2022	323523	46	22967	42289
Jul 07, 2022	342177	60	23257	41971
Jul 08, 2022	355733	36	26975	40567
Jul 09, 2022	354215	77	37600	36159
Jul 10, 2022	351258	13	33506	30562
Jul 11, 2022	348536	12	33976	31266
Jul 12, 2022	356875	60	31751	40150
Jul 13, 2022	370460	53	29416	43054
Jul 14, 2022	387533	82	28782	45937
Jul 15, 2022	394063	65	35513	42108
Jul 16, 2022	390105	78	42211	38331
Jul 17, 2022	385014	31	41940	36880
Jul 18, 2022	382502	31	40536	38055
Jul 19, 2022	395483	76	36083	49140
Jul 20, 2022	412576	87	30475	47655
Jul 21, 2022	434822	91	31175	53512
Jul 22, 2022	446489	65	40085	51817
Jul 23, 2022	447119	104	42950	43684
Jul 24, 2022	437861	39	45898	36679
Jul 25, 2022	431279	29	42079	35526
Jul 26, 2022	438324	106	38225	45376
Jul 27, 2022	449691	85	36795	48247
Jul 28, 2022	456717	127	37928	45081
Jul 29, 2022	451606	160	48980	44029
Jul 30, 2022	452686	139	47516	48735
Jul 31, 2022	428663	42	53470	29489
Aug 01, 2022	409000	18	51799	32154
Aug 02, 2022	399831	99	43585	34515
Aug 03, 2022	403018	66	36613	39866
Aug 04, 2022	403782	95	35431	36290
Aug 05, 2022	390111	82	45294	31705
Aug 06, 2022	369578	91	48156	27714
Aug 07, 2022	344396	33	45048	19899
Aug 08, 2022	321972	14	44015	21605
Aug 09, 2022	299054	104	48631	25817
Aug 10, 2022	296160	133	29356	26595
Aug 11, 2022	288566	87	32067	24560
Aug 12, 2022	276387	88	34427	22336
Aug 13, 2022	256106	91	39775	19585
Aug 14, 2022	235062	32	36258	15246
Aug 15, 2022	217462	27	31678	14105
Aug 16, 2022	209069	74	27640	19321
Aug 17, 2022	209318	63	19836	20148
Aug 18, 2022	206901	137	21468	19188
Aug 19, 2022	197577	74	25743	16493
Aug 20, 2022	185675	93	26502	14693
Aug 21, 2022	170938	37	24523	9823
Aug 22, 2022	159832	6	22330	11230
Aug 23, 2022	149476	100	19485	9229
Aug 24, 2022	149169	47	15199	14939
Aug 25, 2022	148665	90	14015	13601
Aug 26, 2022	142357	55	19266	13013
Aug 27, 2022	133231	88	20060	11022
Aug 28, 2022	123049	15	19173	9006
Aug 29, 2022	115010	10	16483	8454
Aug 30, 2022	112054	76	14617	11737
Aug 31, 2022	115108	70	9753	12877
Sep 01, 2022	115274	55	11175	11396
Sep 02, 2022	115179	58	9171	9134
Sep 03, 2022	108671	40	14899	8431
Sep 04, 2022	100732	14	13587	5662
Sep 05, 2022	96497	10	13003	8778
Sep 06, 2022	94518	76	10946	9043
Sep 07, 2022	95151	63	8943	9639
Sep 08, 2022	95096	75	8379	8399
Sep 09, 2022	91291	135	11602	7932
Sep 10, 2022	80085	5	12872	1671
Sep 11, 2022	70016	0	11396	1327
Sep 12, 2022	65157	6	9128	4275
Sep 13, 2022	58479	25	8406	1753
Sep 14, 2022	54638	1	5661	1821
Sep 15, 2022	50930	31	8747	5070
Sep 16, 2022	68940	262	8781	27053
Sep 17, 2022	60693	4	9635	1392
Sep 18, 2022	53393	10	8389	1099
Sep 19, 2022	46598	5	7927	1137
Sep 20, 2022	46511	19	1652	1584
Sep 21, 2022	46709	4	1323	1525
Sep 22, 2022	43886	34	4241	1452
Sep 23, 2022	77522	107	1646	35389
Sep 24, 2022	81110	41	1780	5409
Sep 25, 2022	81449	42	5028	5409
Sep 26, 2022	59805	40	27013	5409
Sep 27, 2022	63822	42	1350	5409
Sep 28, 2022	68132	40	1059	5409
Sep 29, 2022	72404	44	1093	5409
Sep 30, 2022	76230	40	1544	5410
Oct 01, 2022	77801	14	1511	3096
Oct 02, 2022	80755	19	1433	4406
Oct 03, 2022	49772	19	35370	4406
Oct 04, 2022	48769	19	5390	4406
Oct 05, 2022	47766	19	5390	4406
Oct 06, 2022	46763	19	5390	4406
Oct 07, 2022	50194	43	5366	8840
Oct 08, 2022	50320	25	5384	5535
Oct 09, 2022	49276	14	5395	4365
Oct 10, 2022	48231	14	5396	4365
Oct 11, 2022	49500	14	3082	4365
Oct 12, 2022	49459	14	4392	4365
Oct 13, 2022	49418	15	4391	4365
Oct 14, 2022	49376	13	4393	4364
Oct 15, 2022	50570	12	4394	5600
Oct 16, 2022	50873	12	4394	4709
Oct 17, 2022	46398	12	8828	4365
Oct 18, 2022	45400	12	5523	4537
Oct 19, 2022	45572	14	4351	4537
Oct 20, 2022	45744	13	4352	4537
Oct 21, 2022	45916	11	4354	4537
Oct 22, 2022	46145	18	4347	4594
Oct 23, 2022	46374	14	4351	4594
Oct 24, 2022	46604	18	4346	4594
Oct 25, 2022	45598	16	5584	4594
Oct 26, 2022	45483	13	4696	4594
Oct 27, 2022	45712	10	4355	4594
Oct 28, 2022	46038	15	4522	4863
Oct 29, 2022	45660	10	4527	4159
Oct 30, 2022	45282	10	4527	4159
Oct 31, 2022	44904	10	4527	4159
Nov 01, 2022	44469	10	4584	4159
Nov 02, 2022	44034	10	4584	4159
Nov 03, 2022	43599	10	4584	4159
Nov 04, 2022	54204	60	4534	15199
Nov 05, 2022	57773	12	4582	8163
Nov 06, 2022	61342	12	4582	8163
Nov 07, 2022	64642	12	4851	8163
Nov 08, 2022	68646	12	4147	8163
Nov 09, 2022	72650	12	4147	8163
Nov 10, 2022	76654	12	4147	8163
Nov 11, 2022	82725	11	4148	10230
Nov 12, 2022	89194	16	4143	10628
Nov 13, 2022	95663	15	4144	10628
Nov 14, 2022	91092	16	15183	10628
Nov 15, 2022	93557	16	8147	10628
Nov 16, 2022	96022	16	8147	10628
Nov 17, 2022	98487	15	8148	10628
Nov 18, 2022	100955	14	8149	10631
Nov 19, 2022	104486	18	8145	11694
Nov 20, 2022	108017	17	8146	11694
Nov 21, 2022	109481	18	10212	11694
Nov 22, 2022	110546	17	10611	11693
Nov 23, 2022	111612	18	10610	11694
Nov 24, 2022	112678	17	10611	11694
Nov 25, 2022	113744	18	10610	11694
Nov 26, 2022	117460	16	10612	14344
Nov 27, 2022	121177	16	10612	14345
Nov 28, 2022	124890	16	10615	14344
Nov 29, 2022	127541	17	11677	14345
Nov 30, 2022	130191	16	11678	14344
Dec 01, 2022	132842	16	11678	14345
Dec 02, 2022	139341	38	11655	18192
Dec 03, 2022	142459	32	11662	14812
Dec 04, 2022	145577	31	11663	14812
Dec 05, 2022	148695	32	11662	14812
Dec 06, 2022	149164	31	14313	14813
Dec 07, 2022	149631	32	14313	14812
Dec 08, 2022	150099	31	14313	14812
Dec 09, 2022	153880	35	14310	18126
Dec 10, 2022	151743	30	14314	12207
Dec 11, 2022	152918	33	14312	15520
Dec 12, 2022	150247	33	18159	15521
Dec 13, 2022	150956	34	14778	15521
Dec 14, 2022	151665	33	14779	15521
Dec 15, 2022	152373	33	14779	15520
Dec 16, 2022	157055	43	14770	19495
Dec 17, 2022	156401	35	14777	14158
Dec 18, 2022	155747	36	14776	14158
Dec 19, 2022	151779	35	18091	14158
Dec 20, 2022	153731	35	12172	14159
Dec 21, 2022	152369	35	15485	14158
Dec 22, 2022	151006	36	15485	14158
Dec 23, 2022	153605	37	15484	18120
Dec 24, 2022	142499	15	15506	4415
Dec 25, 2022	135355	16	15504	8376
Dec 26, 2022	124237	17	19478	8377
Dec 27, 2022	118456	16	14142	8377
Dec 28, 2022	112675	17	14141	8377
Dec 29, 2022	106893	16	14142	8376
Dec 30, 2022	101111	17	14142	8377
Dec 31, 2022	97687	40	14118	10734
Jan 01, 2023	94262	41	14117	10733
Jan 02, 2023	86876	40	18080	10734
Jan 03, 2023	93195	40	4375	10734
Jan 04, 2023	95553	40	8336	10734
Jan 05, 2023	97909	41	8336	10733
Jan 06, 2023	100266	40	8337	10734
Jan 07, 2023	97713	59	8318	5824
Jan 08, 2023	95160	59	8317	5823
Jan 09, 2023	92607	59	8318	5824
Jan 10, 2023	87696	60	10674	5823
Jan 11, 2023	82787	59	10674	5824
Jan 12, 2023	77876	59	10675	5823
Jan 13, 2023	72966	60	10674	5824
Jan 14, 2023	64705	45	10689	2473
Jan 15, 2023	56445	45	10688	2473
Jan 16, 2023	48184	46	10688	2473
Jan 17, 2023	44832	45	5779	2472
Jan 18, 2023	41482	46	5777	2473
Jan 19, 2023	38131	45	5779	2473
Jan 20, 2023	43607	116	5707	11299
Jan 21, 2023	40350	13	5811	2567
Jan 22, 2023	37094	84	5739	2567
Jan 23, 2023	33837	84	5740	2567
Jan 24, 2023	33932	82	2391	2568
Jan 25, 2023	34026	84	2389	2567
Jan 26, 2023	34120	84	2389	2567
Jan 27, 2023	36858	103	2369	5210
Jan 28, 2023	34546	14	2459	161
Jan 29, 2023	34878	34	2439	2805
Jan 30, 2023	26384	34	11265	2805
Jan 31, 2023	26623	35	2532	2806
Feb 01, 2023	26861	34	2533	2805
Feb 02, 2023	27099	34	2533	2805
Feb 03, 2023	27336	34	2534	2805
Feb 04, 2023	27193	36	2531	2424
Feb 05, 2023	27050	35	2532	2424
Feb 06, 2023	24264	36	5174	2424
Feb 07, 2023	26527	35	126	2424
Feb 08, 2023	26145	36	2769	2423
Feb 09, 2023	25763	35	2770	2423
Feb 10, 2023	25377	36	2770	2420
Feb 11, 2023	24691	27	2778	2119
Feb 12, 2023	24004	27	2778	2118
Feb 13, 2023	23318	27	2778	2119
Feb 14, 2023	23013	26	2398	2119
Feb 15, 2023	24681	47	2377	4092
Feb 16, 2023	24574	20	2404	2317
Feb 17, 2023	24129	22	2402	1979
Feb 18, 2023	22555	9	2414	849
Feb 19, 2023	23015	17	2406	2883
Feb 20, 2023	23478	16	2404	2883
Feb 21, 2023	24241	17	2102	2882
Feb 22, 2023	25006	16	2102	2883
Feb 23, 2023	25770	17	2102	2883
Feb 24, 2023	26534	16	2103	2883
Feb 25, 2023	25106	12	4080	2664
Feb 26, 2023	25453	13	2304	2664
Feb 27, 2023	26138	12	1967	2664
Feb 28, 2023	27953	12	837	2664
Mar 01, 2023	27734	12	2871	2664
Mar 02, 2023	27515	13	2870	2664
Mar 03, 2023	27297	12	2870	2664
Mar 04, 2023	27215	19	2864	2801
Mar 05, 2023	27132	19	2864	2800
Mar 06, 2023	27049	19	2864	2800
Mar 07, 2023	27185	19	2645	2800
Mar 08, 2023	27321	19	2645	2800
Mar 09, 2023	27457	19	2645	2800
Mar 10, 2023	27593	18	2646	2800
Mar 11, 2023	28077	15	2649	3148
Mar 12, 2023	28561	14	2650	3148
Mar 13, 2023	29045	14	2650	3148
Mar 14, 2023	29392	14	2787	3148
Mar 15, 2023	29740	14	2786	3148
Mar 16, 2023	30088	14	2786	3148
Mar 17, 2023	30435	14	2786	3147
Mar 18, 2023	30960	10	2790	3325
Mar 19, 2023	31486	10	2790	3326
Mar 20, 2023	32011	10	2790	3325
Mar 21, 2023	32188	10	3138	3325
Mar 22, 2023	32365	10	3138	3325
Mar 23, 2023	32543	10	3138	3326
Mar 24, 2023	32720	10	3138	3325
Mar 25, 2023	33313	14	3134	3741
Mar 26, 2023	33907	13	3135	3742
Mar 27, 2023	34501	14	3133	3741
Mar 28, 2023	34918	14	3311	3742
Mar 29, 2023	35333	14	3312	3741
Mar 30, 2023	35750	13	3312	3742
Mar 31, 2023	36166	14	3311	3741
Apr 01, 2023	36385	11	3314	3544
Apr 02, 2023	36603	11	3315	3544
Apr 03, 2023	36822	11	3314	3544
Apr 04, 2023	36624	11	3730	3543
Apr 05, 2023	36426	11	3731	3544
Apr 06, 2023	36229	11	3730	3544
Apr 07, 2023	36031	11	3731	3544
Apr 08, 2023	36356	17	3724	4066
Apr 09, 2023	36681	16	3726	4067
Apr 10, 2023	37006	17	3724	4066
Apr 11, 2023	37528	16	3528	4066
Apr 12, 2023	38050	17	3527	4066
Apr 13, 2023	38573	16	3528	4067
Apr 14, 2023	39096	17	3526	4066
Apr 15, 2023	39705	15	3529	4153
Apr 16, 2023	40313	15	3529	4152
Apr 17, 2023	40922	15	3529	4153
Apr 18, 2023	41008	15	4051	4152
Apr 19, 2023	41094	15	4052	4153
Apr 20, 2023	41180	15	4051	4152
Apr 21, 2023	41267	15	4051	4153
Apr 22, 2023	41515	17	4049	4314
Apr 23, 2023	41763	17	4050	4315
Apr 24, 2023	42011	17	4049	4314
Apr 25, 2023	42172	16	4137	4314
Apr 26, 2023	42334	17	4135	4314
Apr 27, 2023	42496	17	4136	4315
Apr 28, 2023	42658	17	4135	4314
Apr 29, 2023	42778	20	4133	4273
Apr 30, 2023	42898	19	4133	4272
May 01, 2023	43018	20	4133	4273
May 02, 2023	42976	20	4294	4272
May 03, 2023	42934	20	4295	4273
May 04, 2023	42892	19	4295	4272
May 05, 2023	42851	20	4294	4273
May 06, 2023	43186	21	4293	4649
May 07, 2023	43521	21	4294	4650
May 08, 2023	43856	21	4293	4649
May 09, 2023	44232	21	4252	4649
May 10, 2023	44609	21	4251	4649
May 11, 2023	44986	21	4252	4650
May 12, 2023	45363	21	4251	4649
May 13, 2023	46537	15	4258	5447
May 14, 2023	47711	14	4258	5446
May 15, 2023	48885	15	4258	5447
May 16, 2023	49682	15	4634	5446
May 17, 2023	50479	15	4635	5447
May 18, 2023	51276	14	4635	5446
May 19, 2023	52074	15	4634	5447
May 20, 2023	53257	32	4617	5832
May 21, 2023	54439	33	4617	5832
May 22, 2023	55622	32	4617	5832
May 23, 2023	56008	32	5415	5833
May 24, 2023	56394	32	5414	5832
May 25, 2023	56779	33	5414	5832
May 26, 2023	57165	32	5414	5832
May 27, 2023	56938	26	5421	5220
May 28, 2023	56712	26	5420	5220
May 29, 2023	56485	26	5421	5220
May 30, 2023	55874	27	5805	5221
May 31, 2023	55262	26	5806	5220
Jun 01, 2023	54650	26	5806	5220
Jun 02, 2023	54037	26	5807	5220
Jun 03, 2023	52536	29	5803	4331
Jun 04, 2023	51036	29	5803	4332
Jun 05, 2023	49535	29	5803	4331
Jun 06, 2023	48646	29	5191	4331
Jun 07, 2023	47757	29	5191	4331
Jun 08, 2023	46869	29	5191	4332
Jun 09, 2023	45979	29	5192	4331
Jun 10, 2023	43531	30	5190	2772
Jun 11, 2023	41083	31	5189	2772
Jun 12, 2023	38635	30	5190	2772
Jun 13, 2023	37075	30	4301	2771
Jun 14, 2023	35515	30	4302	2772
Jun 15, 2023	33956	31	4300	2772
Jun 16, 2023	32397	30	4301	2772
Jun 17, 2023	30503	21	4310	2437
Jun 18, 2023	28608	22	4310	2437
Jun 19, 2023	26714	21	4310	2437
Jun 20, 2023	26379	21	2751	2437
Jun 21, 2023	26044	21	2751	2437
Jun 22, 2023	25709	22	2750	2437
Jun 23, 2023	25375	21	2750	2437
Jun 24, 2023	24085	30	2742	1482
Jun 25, 2023	22795	31	2741	1482
Jun 26, 2023	21505	30	2742	1482
Jun 27, 2023	20549	30	2407	1481
Jun 28, 2023	19594	30	2407	1482
Jun 29, 2023	18639	31	2406	1482
Jun 30, 2023	17684	30	2407	1482
Jul 01, 2023	17212	20	2417	1965
Jul 02, 2023	16739	19	2418	1964
Jul 03, 2023	16267	19	2418	1965
Jul 04, 2023	16749	18	1464	1964
Jul 05, 2023	17232	19	1463	1965
Jul 06, 2023	17714	18	1464	1964
Jul 07, 2023	18198	19	1462	1965
Jul 08, 2023	17259	16	1466	543
Jul 09, 2023	16321	16	1466	544
Jul 10, 2023	15382	16	1466	543
Jul 11, 2023	13960	17	1948	543
Jul 12, 2023	12539	16	1948	543
Jul 13, 2023	11118	16	1949	544
Jul 14, 2023	9697	16	1948	543
Jul 15, 2023	8704	14	1951	972
Jul 16, 2023	7711	14	1950	971
Jul 17, 2023	6718	14	1951	972
Jul 18, 2023	7146	13	530	971
Jul 19, 2023	7574	14	530	972
Jul 20, 2023	8002	14	529	971
Jul 21, 2023	8431	14	529	972
Jul 22, 2023	8749	24	519	861
Jul 23, 2023	9065	24	520	860
Jul 24, 2023	9383	24	519	861
Jul 25, 2023	9272	24	948	861
Jul 26, 2023	9162	24	947	861
Jul 27, 2023	9050	24	948	860
Jul 28, 2023	8940	24	947	861
Jul 29, 2023	8690	5	967	722
Jul 30, 2023	8441	6	965	722
Jul 31, 2023	8191	5	967	722
Aug 01, 2023	8052	5	856	722
Aug 02, 2023	7914	5	855	722
Aug 03, 2023	7775	6	855	722
Aug 04, 2023	7636	5	856	722
Aug 05, 2023	6960	15	846	185
Aug 06, 2023	6284	15	845	184
Aug 07, 2023	5608	15	846	185
Aug 08, 2023	5070	14	708	184
Aug 09, 2023	4533	15	707	185
Aug 10, 2023	3995	15	707	184
Aug 11, 2023	3458	15	707	185
Aug 12, 2023	3480	7	715	744
Aug 13, 2023	3503	6	716	745
Aug 14, 2023	3525	7	715	744
Aug 15, 2023	4084	6	179	744
Aug 16, 2023	4644	7	177	744
Aug 17, 2023	5204	6	179	745
Aug 18, 2023	5764	7	177	744
Aug 19, 2023	6210	10	175	631
Aug 20, 2023	6656	10	174	630
Aug 21, 2023	7102	10	175	631
Aug 22, 2023	6989	9	735	631
Aug 23, 2023	6875	10	735	631
Aug 24, 2023	6761	10	734	630
Aug 25, 2023	6648	10	734	631
Aug 26, 2023	6730	9	735	826
Aug 27, 2023	6811	10	735	826
Aug 28, 2023	6893	9	735	826
Aug 29, 2023	7087	9	622	825
Aug 30, 2023	7283	9	621	826
Aug 31, 2023	7478	10	621	826
Sep 01, 2023	7673	9	622	826
Sep 02, 2023	7781	6	625	739
Sep 03, 2023	7889	6	624	738
Sep 04, 2023	7997	6	625	739
Sep 05, 2023	7910	5	821	739
Sep 06, 2023	7823	6	820	739
Sep 07, 2023	7735	6	820	738
Sep 08, 2023	7649	6	819	739
Sep 09, 2023	7604	6	820	781
Sep 10, 2023	7560	5	821	782
Sep 11, 2023	7515	6	820	781
Sep 12, 2023	7557	6	733	781
Sep 13, 2023	7600	6	732	781
Sep 14, 2023	7643	5	734	782
Sep 15, 2023	7685	6	733	781
Sep 16, 2023	7558	4	735	612
Sep 17, 2023	7432	4	734	612
Sep 18, 2023	7305	4	735	612
Sep 19, 2023	7135	3	778	611
Sep 20, 2023	6965	4	778	612
Sep 21, 2023	6796	4	777	612
Sep 22, 2023	6627	4	777	612
Sep 23, 2023	6640	8	773	794
Sep 24, 2023	6652	8	774	794
Sep 25, 2023	6665	8	773	794
Sep 26, 2023	6847	8	604	794
Sep 27, 2023	7029	8	604	794
Sep 28, 2023	7211	8	604	794
Sep 29, 2023	7394	8	603	794
Sep 30, 2023	7127	7	605	345
Oct 01, 2023	6860	6	606	345
Oct 02, 2023	6593	6	606	345
Oct 03, 2023	6144	6	788	345
Oct 04, 2023	5695	6	788	345
Oct 05, 2023	5246	6	788	345
Oct 06, 2023	4797	6	788	345
Oct 07, 2023	4704	5	789	701
Oct 08, 2023	4611	5	789	701
Oct 09, 2023	4518	5	789	701
Oct 10, 2023	4874	5	340	701
Oct 11, 2023	5230	5	340	701
Oct 12, 2023	5586	5	340	701
Oct 13, 2023	5942	5	340	701
Oct 14, 2023	6363	7	338	766
Oct 15, 2023	6783	7	338	765
Oct 16, 2023	7204	7	338	766
Oct 17, 2023	7269	7	694	766
Oct 18, 2023	7334	7	694	766
Oct 19, 2023	7398	7	694	765
Oct 20, 2023	7463	6	695	766
Oct 21, 2023	7736	5	696	974
Oct 22, 2023	8010	5	696	975
Oct 23, 2023	8283	5	696	974
Oct 24, 2023	8491	5	761	974
Oct 25, 2023	8700	5	760	974
Oct 26, 2023	8909	5	761	975
Oct 27, 2023	9529	4	762	1386
Oct 28, 2023	9176	6	760	413
Oct 29, 2023	8823	6	759	412
Oct 30, 2023	8469	6	760	412
Oct 31, 2023	7907	6	968	412
Nov 01, 2023	7345	6	969	413
Nov 02, 2023	6783	6	968	412
Nov 03, 2023	6305	5	969	496
Nov 04, 2023	5827	8	966	496
Nov 05, 2023	5347	8	967	495
Nov 06, 2023	4456	8	1378	495
Nov 07, 2023	4538	8	405	495
Nov 08, 2023	4621	8	404	495
Nov 09, 2023	4704	8	404	495
Nov 10, 2023	4787	8	404	495
Nov 11, 2023	5980	9	404	1606
Nov 12, 2023	6206	9	403	638
Nov 13, 2023	6528	9	487	818
Nov 14, 2023	7978	9	487	1946
Nov 15, 2023	9350	9	486	1867
Nov 16, 2023	11355	8	487	2500
Nov 17, 2023	12399	8	487	1539
Nov 18, 2023	13371	8	487	1467
Nov 19, 2023	13727	8	487	851
Nov 20, 2023	13902	8	487	670
Nov 21, 2023	13865	8	1598	1569
Nov 22, 2023	14908	7	631	1681
Nov 23, 2023	16228	7	811	2138
Nov 24, 2023	15810	7	1939	1528
Nov 25, 2023	15325	11	1856	1382
Nov 26, 2023	13689	11	2489	864
Nov 27, 2023	12586	11	1528	436
Nov 28, 2023	12912	11	1456	1793
Nov 29, 2023	13706	11	840	1645
Nov 30, 2023	15107	11	659	2071
Dec 01, 2023	15008	10	1559	1470
Dec 02, 2023	14704	11	1670	1377
Dec 03, 2023	13548	11	2127	982
Dec 04, 2023	12665	11	1517	645
Dec 05, 2023	12924	11	1371	1641
Dec 06, 2023	13870	10	854	1810
Dec 07, 2023	15623	10	426	2189
Dec 08, 2023	15423	15	1778	1593
Dec 09, 2023	14793	11	1634	1015
Dec 10, 2023	13733	11	2060	1011
Dec 11, 2023	12964	11	1459	701
Dec 12, 2023	13655	11	1366	2068
Dec 13, 2023	14488	11	971	1815
Dec 14, 2023	15589	11	634	1746
Dec 15, 2023	16101	10	1631	2153
Dec 16, 2023	15757	8	1802	1466
Dec 17, 2023	14425	8	2181	857
Dec 18, 2023	13694	8	1585	862
Dec 19, 2023	14138	8	1007	1459
Dec 20, 2023	15563	8	1003	2436
Dec 21, 2023	17238	8	693	2376
Dec 22, 2023	17431	8	2060	2261
Dec 23, 2023	17020	9	1806	1404
Dec 24, 2023	16250	9	1737	976
Dec 25, 2023	14814	9	2144	717
Dec 26, 2023	13976	9	1457	628
Dec 27, 2023	13861	9	848	742
Dec 28, 2023	14100	9	853	1101
Dec 29, 2023	14383	8	1451	1742
Dec 30, 2023	13232	4	2432	1285
Dec 31, 2023	11957	4	2372	1101
Jan 01, 2024	10512	3	2258	816
Jan 02, 2024	9691	3	1401	583
Jan 03, 2024	12603	3	973	3888
Jan 04, 2024	14636	3	714	2750
Jan 05, 2024	15586	3	625	1578
Jan 06, 2024	16707	6	736	1863
Jan 07, 2024	16679	6	1095	1073
Jan 08, 2024	15721	6	1736	784
Jan 09, 2024	16632	6	1279	2196
Jan 10, 2024	17509	6	1095	1978
Jan 11, 2024	19257	5	811	2564
Jan 12, 2024	20402	5	578	1728
Jan 13, 2024	18126	11	3877	1612
Jan 14, 2024	16405	10	2740	1029
Jan 15, 2024	15540	10	1568	713
Jan 16, 2024	15245	10	1853	1568
Jan 17, 2024	14172	10	1063	0
Jan 18, 2024	15349	10	774	1961
Jan 19, 2024	7959	10	8753	1373
Jan 20, 2024	8192	13	0	246
Jan 21, 2024	8179	13	0	0
Jan 22, 2024	8166	13	0	0
Jan 23, 2024	12069	12	0	3915
Jan 24, 2024	13532	12	0	1475
Jan 25, 2024	15355	12	0	1835
Jan 26, 2024	8034	12	8497	1188
Jan 27, 2024	8826	6	0	798
Jan 28, 2024	9347	6	0	527
Jan 29, 2024	9992	5	0	650
Jan 30, 2024	11636	5	0	1649
Jan 31, 2024	13192	5	0	1561
Feb 01, 2024	14094	5	0	907
Feb 02, 2024	8001	5	44254	38166
Feb 03, 2024	8713	6	0	718
Feb 04, 2024	9130	6	0	423
Feb 05, 2024	10278	6	0	1154
Feb 06, 2024	11619	6	0	1347
Feb 07, 2024	12920	5	0	1306
Feb 08, 2024	14307	5	0	1392
Feb 09, 2024	8014	5	7502	1214
Feb 10, 2024	9001	9	0	996
Feb 11, 2024	9702	9	0	710
Feb 12, 2024	10238	9	0	545
Feb 13, 2024	11486	9	0	1257
Feb 14, 2024	12347	9	0	870
Feb 15, 2024	14271	8	0	1932
Feb 16, 2024	8018	8	7350	1105
Feb 17, 2024	8978	6	0	966
Feb 18, 2024	9506	6	0	534
Feb 19, 2024	10197	6	0	697
Feb 20, 2024	11335	6	0	1144
Feb 21, 2024	12674	6	0	1345
Feb 22, 2024	13848	6	0	1180
Feb 23, 2024	8012	5	7315	1484
Feb 24, 2024	8791	4	0	783
Feb 25, 2024	9221	4	0	434
Feb 26, 2024	10212	4	0	995
Feb 27, 2024	11257	4	0	1049
Feb 28, 2024	12488	4	0	1235
Feb 29, 2024	13809	3	0	1324
Mar 01, 2024	8017	3	6790	1001
Mar 02, 2024	8819	4	0	806
Mar 03, 2024	9503	4	0	688
Mar 04, 2024	9940	4	0	441
Mar 05, 2024	11040	4	0	1104
Mar 06, 2024	12178	4	0	1142
Mar 07, 2024	13363	3	0	1188
Mar 08, 2024	8894	3	5340	874
Mar 09, 2024	8886	0	871	863
Mar 10, 2024	9423	0	0	537
Mar 11, 2024	9748	0	0	325
Mar 12, 2024	10325	0	0	577
Mar 13, 2024	11329	0	0	1004
Mar 14, 2024	12587	0	0	1258
Mar 15, 2024	8901	0	4535	849
Mar 16, 2024	8837	3	846	785
Mar 17, 2024	9317	0	0	480
Mar 18, 2024	9660	0	0	343
Mar 19, 2024	10442	2	0	784
Mar 20, 2024	11395	0	0	953
Mar 21, 2024	12425	0	0	1030
Mar 22, 2024	8817	0	4373	765
Mar 23, 2024	8817	0	0	0
