Feb 15, 2020	12	null	0	0
Feb 16, 2020	12	null	0	0
Feb 17, 2020	12	null	0	0
Feb 18, 2020	12	null	0	0
Feb 19, 2020	12	null	0	0
Feb 20, 2020	10	0	0	0
Feb 21, 2020	29	0	0	0
Feb 22, 2020	29	0	0	0
Feb 23, 2020	28	0	0	0
Feb 24, 2020	48	0	0	0
Feb 25, 2020	51	0	0	0
Feb 26, 2020	54	0	0	0
Feb 27, 2020	54	0	0	0
Feb 28, 2020	57	0	0	0
Feb 29, 2020	60	1	0	0
Mar 01, 2020	65	0	0	0
Mar 02, 2020	85	5	0	0
Mar 03, 2020	106	3	0	0
Mar 04, 2020	138	2	0	0
Mar 05, 2020	200	1	0	0
Mar 06, 2020	289	3	0	0
Mar 07, 2020	401	4	0	0
Mar 08, 2020	504	3	0	0
Mar 09, 2020	663	4	0	0
Mar 10, 2020	949	4	0	0
Mar 11, 2020	1248	8	0	0
Mar 12, 2020	2367	21	0	0
Mar 13, 2020	3102	5	0	0
Mar 14, 2020	3895	11	0	0
Mar 15, 2020	4905	17	0	0
Mar 16, 2020	6228	22	0	0
Mar 17, 2020	8645	29	0	0
Mar 18, 2020	12359	48	0	0
Mar 19, 2020	17654	58	0	0
Mar 20, 2020	24121	77	0	0
Mar 21, 2020	29866	69	0	0
Mar 22, 2020	39903	170	0	0
Mar 23, 2020	51101	176	0	0
Mar 24, 2020	63616	266	0	0
Mar 25, 2020	78181	311	0	0
Mar 26, 2020	94915	386	0	0
Mar 27, 2020	113987	534	0	0
Mar 28, 2020	131404	651	0	0
Mar 29, 2020	148243	561	0	0
Mar 30, 2020	169461	855	0	0
Mar 31, 2020	188896	1085	0	0
Apr 01, 2020	210363	1300	0	0
Apr 02, 2020	232470	1207	0	0
Apr 03, 2020	258587	1331	0	0
Apr 04, 2020	284035	1636	0	0
Apr 05, 2020	301360	1514	0	0
Apr 06, 2020	324110	1579	0	0
Apr 07, 2020	348568	2201	0	0
Apr 08, 2020	372321	2274	0	0
Apr 09, 2020	395178	2210	0	0
Apr 10, 2020	418942	2274	0	0
Apr 11, 2020	435911	2166	0	0
Apr 12, 2020	448669	1902	0	0
Apr 13, 2020	460109	1810	0	0
Apr 14, 2020	477282	2530	0	0
Apr 15, 2020	495181	2720	0	0
Apr 16, 2020	504261	2293	0	0
Apr 17, 2020	524769	2653	0	0
Apr 18, 2020	533983	1973	0	0
Apr 19, 2020	543920	1699	0	0
Apr 20, 2020	560008	2023	0	0
Apr 21, 2020	571903	2679	0	0
Apr 22, 2020	592612	2468	0	0
Apr 23, 2020	614093	2422	0	0
Apr 24, 2020	612447	2031	0	0
Apr 25, 2020	628839	2373	0	0
Apr 26, 2020	644556	1356	0	0
Apr 27, 2020	654450	1609	0	0
Apr 28, 2020	669678	2373	0	0
Apr 29, 2020	687025	2248	0	0
Apr 30, 2020	703829	2242	0	0
May 01, 2020	720971	1968	0	0
May 02, 2020	727308	1836	0	0
May 03, 2020	737428	1331	0	0
May 04, 2020	738116	1482	0	0
May 05, 2020	743870	2088	0	0
May 06, 2020	750196	2510	0	0
May 07, 2020	766471	1999	0	0
May 08, 2020	778228	1654	0	0
May 09, 2020	779117	1543	0	0
May 10, 2020	785265	1417	0	0
May 11, 2020	791059	1160	0	0
May 12, 2020	780885	1854	0	0
May 13, 2020	777633	1687	0	0
May 14, 2020	791576	1693	0	0
May 15, 2020	801978	1540	0	0
May 16, 2020	811463	1303	0	0
May 17, 2020	818668	1035	0	0
May 18, 2020	825166	1036	0	0
May 19, 2020	830823	1542	0	0
May 20, 2020	836894	1388	0	0
May 21, 2020	842981	1432	0	0
May 22, 2020	804158	1285	0	0
May 23, 2020	809646	1057	0	0
May 24, 2020	812754	771	0	0
May 25, 2020	809877	763	0	0
May 26, 2020	802422	872	0	0
May 27, 2020	799506	1423	0	0
May 28, 2020	799895	1192	0	0
May 29, 2020	802988	1140	0	0
May 30, 2020	805685	995	0	0
May 31, 2020	751071	760	0	0
Jun 01, 2020	747065	734	0	0
Jun 02, 2020	727945	1119	0	0
Jun 03, 2020	697877	1052	0	0
Jun 04, 2020	693115	1005	0	0
Jun 05, 2020	696318	899	0	0
Jun 06, 2020	699824	730	0	0
Jun 07, 2020	700623	508	0	0
Jun 08, 2020	697855	689	0	0
Jun 09, 2020	695083	940	0	0
Jun 10, 2020	685166	954	0	0
Jun 11, 2020	690367	838	0	0
Jun 12, 2020	682285	772	0	0
Jun 13, 2020	688065	738	0	0
Jun 14, 2020	685711	427	0	0
Jun 15, 2020	682027	509	0	0
Jun 16, 2020	689237	804	0	0
Jun 17, 2020	688115	839	0	0
Jun 18, 2020	698688	660	0	0
Jun 19, 2020	698195	699	0	0
Jun 20, 2020	712507	570	0	0
Jun 21, 2020	724871	368	0	0
Jun 22, 2020	731971	477	0	0
Jun 23, 2020	745470	826	0	0
Jun 24, 2020	756808	808	0	0
Jun 25, 2020	781708	658	0	0
Jun 26, 2020	807749	671	0	0
Jun 27, 2020	834414	564	0	0
Jun 28, 2020	858407	405	0	0
Jun 29, 2020	873625	445	0	0
Jun 30, 2020	895219	696	0	0
Jul 01, 2020	928303	666	0	0
Jul 02, 2020	963523	671	0	0
Jul 03, 2020	1002099	655	0	0
Jul 04, 2020	1035085	441	0	0
Jul 05, 2020	1063033	442	0	0
Jul 06, 2020	1081651	527	0	0
Jul 07, 2020	1116115	1027	0	0
Jul 08, 2020	1157319	973	0	0
Jul 09, 2020	1193774	1022	0	0
Jul 10, 2020	1241595	903	0	0
Jul 11, 2020	1282422	751	0	0
Jul 12, 2020	1321672	590	0	0
Jul 13, 2020	1359374	646	0	0
Jul 14, 2020	1387362	1001	0	0
Jul 15, 2020	1427235	1058	0	0
Jul 16, 2020	1472683	1022	0	0
Jul 17, 2020	1495877	1062	0	0
Jul 18, 2020	1533150	942	0	0
Jul 19, 2020	1575448	624	0	0
Jul 20, 2020	1592960	782	0	0
Jul 21, 2020	1628499	1301	0	0
Jul 22, 2020	1652626	1275	0	0
Jul 23, 2020	1685528	1242	0	0
Jul 24, 2020	1716793	1306	0	0
Jul 25, 2020	1754107	1088	0	0
Jul 26, 2020	1779413	960	0	0
Jul 27, 2020	1793909	1019	0	0
Jul 28, 2020	1812590	1485	0	0
Jul 29, 2020	1835208	1391	0	0
Jul 30, 2020	1858440	1437	0	0
Jul 31, 2020	1886739	1474	0	0
Aug 01, 2020	1909253	1173	0	0
Aug 02, 2020	1935992	730	0	0
Aug 03, 2020	1914842	891	0	0
Aug 04, 2020	1931649	1401	0	0
Aug 05, 2020	1936123	1421	0	0
Aug 06, 2020	1951833	1346	0	0
Aug 07, 2020	1968082	1427	0	0
Aug 08, 2020	1993630	1119	0	0
Aug 09, 2020	2013887	784	0	0
Aug 10, 2020	2006862	741	0	0
Aug 11, 2020	2017953	1389	0	0
Aug 12, 2020	2022544	1450	0	0
Aug 13, 2020	2033460	1352	0	0
Aug 14, 2020	2052379	1225	0	0
Aug 15, 2020	2070734	1116	0	0
Aug 16, 2020	2080799	735	0	0
Aug 17, 2020	2068151	728	0	0
Aug 18, 2020	2067454	1286	0	0
Aug 19, 2020	2066138	1260	0	0
Aug 20, 2020	2066760	1190	0	0
Aug 21, 2020	2075139	1204	0	0
Aug 22, 2020	2087429	1082	0	0
Aug 23, 2020	2092534	700	0	0
Aug 24, 2020	2077348	642	0	0
Aug 25, 2020	2072093	1198	0	0
Aug 26, 2020	2053329	1283	0	0
Aug 27, 2020	2052208	1205	0	0
Aug 28, 2020	2061069	1130	0	0
Aug 29, 2020	2062671	954	0	0
Aug 30, 2020	2069082	631	0	0
Aug 31, 2020	2071089	620	0	0
Sep 01, 2020	2062292	1098	0	0
Sep 02, 2020	2050460	1083	0	0
Sep 03, 2020	2053199	1095	0	0
Sep 04, 2020	2014215	1036	0	0
Sep 05, 2020	2019352	794	0	0
Sep 06, 2020	2022598	603	0	0
Sep 07, 2020	2005827	515	0	0
Sep 08, 2020	1989110	653	0	0
Sep 09, 2020	1970785	1043	0	0
Sep 10, 2020	1963401	989	0	0
Sep 11, 2020	1962081	943	0	0
Sep 12, 2020	1965679	761	0	0
Sep 13, 2020	1965774	581	0	0
Sep 14, 2020	1941758	567	0	0
Sep 15, 2020	1934068	1074	0	0
Sep 16, 2020	1918707	964	0	0
Sep 17, 2020	1921550	870	0	0
Sep 18, 2020	1925544	833	0	0
Sep 19, 2020	1931896	709	0	0
Sep 20, 2020	1932018	444	0	0
Sep 21, 2020	1913812	481	0	0
Sep 22, 2020	1898220	893	0	0
Sep 23, 2020	1884577	965	0	0
Sep 24, 2020	1884796	872	0	0
Sep 25, 2020	1885770	869	0	0
Sep 26, 2020	1879142	712	0	0
Sep 27, 2020	1875783	489	0	0
Sep 28, 2020	1858827	533	0	0
Sep 29, 2020	1857047	877	0	0
Sep 30, 2020	1847462	842	0	0
Oct 01, 2020	1852200	845	0	0
Oct 02, 2020	1855361	836	0	0
Oct 03, 2020	1859485	786	0	0
Oct 04, 2020	1860450	434	0	0
Oct 05, 2020	1850050	564	0	0
Oct 06, 2020	1853938	785	0	0
Oct 07, 2020	1856784	905	0	0
Oct 08, 2020	1867389	879	0	0
Oct 09, 2020	1882618	888	0	0
Oct 10, 2020	1907595	732	0	0
Oct 11, 2020	1909557	467	0	0
Oct 12, 2020	1899984	517	0	0
Oct 13, 2020	1905405	766	0	0
Oct 14, 2020	1912627	907	0	0
Oct 15, 2020	1931140	870	0	0
Oct 16, 2020	1922381	892	0	0
Oct 17, 2020	1947507	755	0	0
Oct 18, 2020	1966050	634	0	0
Oct 19, 2020	1972896	613	0	0
Oct 20, 2020	1994875	897	0	0
Oct 21, 2020	2001939	1170	0	0
Oct 22, 2020	2026795	1048	0	0
Oct 23, 2020	2062060	863	0	0
Oct 24, 2020	2098501	881	0	0
Oct 25, 2020	2124975	570	0	0
Oct 26, 2020	2129716	759	0	0
Oct 27, 2020	2161323	966	0	0
Oct 28, 2020	2186092	1042	0	0
Oct 29, 2020	2224719	1037	0	0
Oct 30, 2020	2279221	1023	0	0
Oct 31, 2020	2324746	1009	0	0
Nov 01, 2020	2362482	752	0	0
Nov 02, 2020	2377054	828	0	0
Nov 03, 2020	2427940	1239	0	0
Nov 04, 2020	2482503	1338	0	0
Nov 05, 2020	2556213	1364	0	0
Nov 06, 2020	2631605	1365	0	0
Nov 07, 2020	2711950	1353	0	0
Nov 08, 2020	2784627	958	0	0
Nov 09, 2020	2825846	1029	0	0
Nov 10, 2020	2922452	1536	0	0
Nov 11, 2020	3017514	1500	0	0
Nov 12, 2020	3099127	1492	0	0
Nov 13, 2020	3211991	1574	0	0
Nov 14, 2020	3307091	1611	0	0
Nov 15, 2020	3402980	1125	0	0
Nov 16, 2020	3466567	1251	0	0
Nov 17, 2020	3561371	1750	0	0
Nov 18, 2020	3656922	2104	0	0
Nov 19, 2020	3765802	2206	0	0
Nov 20, 2020	3881969	2048	0	0
Nov 21, 2020	3974397	1945	0	0
Nov 22, 2020	4060671	1394	0	0
Nov 23, 2020	4122349	1536	0	0
Nov 24, 2020	4209206	2367	0	0
Nov 25, 2020	4181068	2389	0	0
Nov 26, 2020	4279169	1810	0	0
Nov 27, 2020	4326288	1792	0	0
Nov 28, 2020	4371488	1841	0	0
Nov 29, 2020	4439672	1367	0	0
Nov 30, 2020	4469765	1850	0	0
Dec 01, 2020	4529806	2835	0	0
Dec 02, 2020	4598526	2735	0	0
Dec 03, 2020	4701986	2990	0	0
Dec 04, 2020	4817442	2631	0	0
Dec 05, 2020	4909008	2752	0	0
Dec 06, 2020	4995370	1751	0	0
Dec 07, 2020	5036671	2110	0	0
Dec 08, 2020	5119683	3103	0	0
Dec 09, 2020	5190148	3212	0	0
Dec 10, 2020	5281431	3303	0	0
Dec 11, 2020	5318390	3013	0	0
Dec 12, 2020	5407294	2944	0	0
Dec 13, 2020	5482243	1947	0	0
Dec 14, 2020	5502284	2210	0	0
Dec 15, 2020	5536592	3280	0	0
Dec 16, 2020	5598178	3504	0	0
Dec 17, 2020	5672090	3582	0	0
Dec 18, 2020	5776336	3157	0	0
Dec 19, 2020	5826613	2886	0	0
Dec 20, 2020	5903561	2039	0	0
Dec 21, 2020	5883959	2683	0	0
Dec 22, 2020	5919011	3684	0	0
Dec 23, 2020	5960372	3251	0	0
Dec 24, 2020	6007155	3123	0	0
Dec 25, 2020	6070466	2233	0	0
Dec 26, 2020	6077668	1927	0	0
Dec 27, 2020	6089074	1906	0	0
Dec 28, 2020	6035898	2660	0	0
Dec 29, 2020	6053544	3895	0	0
Dec 30, 2020	6092009	3803	0	0
Dec 31, 2020	6163359	3913	0	0
Jan 01, 2021	6279694	2877	0	0
Jan 02, 2021	6327331	2614	0	0
Jan 03, 2021	6407207	2002	0	0
Jan 04, 2021	6283977	2404	0	0
Jan 05, 2021	6348369	3962	0	0
Jan 06, 2021	6414040	3839	0	0
Jan 07, 2021	6508888	4296	0	0
Jan 08, 2021	6645293	3888	0	0
Jan 09, 2021	6761277	3530	0	0
Jan 10, 2021	6834711	2282	0	0
Jan 11, 2021	6811681	2622	0	0
Jan 12, 2021	6852520	4405	0	0
Jan 13, 2021	6901818	3824	0	0
Jan 14, 2021	6925745	4169	0	0
Jan 15, 2021	6997467	3855	0	0
Jan 16, 2021	7044151	3699	0	0
Jan 17, 2021	7071056	2272	0	0
Jan 18, 2021	7030050	2053	0	0
Jan 19, 2021	6947934	3379	0	0
Jan 20, 2021	6912390	4090	0	0
Jan 21, 2021	6905903	4276	0	0
Jan 22, 2021	6907637	3844	0	0
Jan 23, 2021	6918341	3491	0	0
Jan 24, 2021	6909713	2193	0	0
Jan 25, 2021	6812248	2461	0	0
Jan 26, 2021	6775653	3804	0	0
Jan 27, 2021	6717678	4050	0	0
Jan 28, 2021	6657409	3567	0	0
Jan 29, 2021	6613631	3395	0	0
Jan 30, 2021	6547229	3072	0	0
Jan 31, 2021	6498947	2112	0	0
Feb 01, 2021	6364341	2068	0	0
Feb 02, 2021	6283955	3461	0	0
Feb 03, 2021	6196031	3351	0	0
Feb 04, 2021	6090634	3291	0	0
Feb 05, 2021	6040176	3154	0	0
Feb 06, 2021	5960952	2898	0	0
Feb 07, 2021	5891975	1590	0	0
Feb 08, 2021	5780048	1756	0	0
Feb 09, 2021	5672124	3058	0	0
Feb 10, 2021	5525642	2851	0	0
Feb 11, 2021	5454482	2979	0	0
Feb 12, 2021	5376737	2627	0	0
Feb 13, 2021	5293281	2379	0	0
Feb 14, 2021	5199901	1285	0	0
Feb 15, 2021	5060150	1097	0	0
Feb 16, 2021	4949329	1848	0	0
Feb 17, 2021	4856428	2022	0	0
Feb 18, 2021	4742891	2507	0	0
Feb 19, 2021	4654521	2282	0	0
Feb 20, 2021	4539985	1975	0	0
Feb 21, 2021	4443951	1319	0	0
Feb 22, 2021	4314372	1455	0	0
Feb 23, 2021	4217668	2291	0	0
Feb 24, 2021	4128102	2131	0	0
Feb 25, 2021	4028650	2252	0	0
Feb 26, 2021	3950984	2096	0	0
Feb 27, 2021	3859390	1574	0	0
Feb 28, 2021	3784992	1287	0	0
Mar 01, 2021	3692496	1409	0	0
Mar 02, 2021	3614558	1869	0	0
Mar 03, 2021	3533598	2083	0	0
Mar 04, 2021	3474842	1960	0	0
Mar 05, 2021	3416475	1714	0	0
Mar 06, 2021	3338981	1535	0	0
Mar 07, 2021	3275155	866	0	0
Mar 08, 2021	3196500	908	0	0
Mar 09, 2021	3121202	1353	0	0
Mar 10, 2021	3063315	1591	0	0
Mar 11, 2021	3015510	1485	0	0
Mar 12, 2021	2954449	1461	0	0
Mar 13, 2021	2912203	1021	0	0
Mar 14, 2021	2872134	817	0	0
Mar 15, 2021	2808841	844	0	0
Mar 16, 2021	2762105	1126	0	0
Mar 17, 2021	2723979	1264	0	0
Mar 18, 2021	2696313	1339	0	0
Mar 19, 2021	2662099	1153	0	0
Mar 20, 2021	2634478	873	0	0
Mar 21, 2021	2602512	573	0	0
Mar 22, 2021	2548013	699	0	0
Mar 23, 2021	2519882	1032	0	0
Mar 24, 2021	2496048	1276	0	0
Mar 25, 2021	2485600	1167	0	0
Mar 26, 2021	2471777	1106	0	0
Mar 27, 2021	2466206	918	0	0
Mar 28, 2021	2449804	610	0	0
Mar 29, 2021	2422360	658	0	0
Mar 30, 2021	2412479	853	0	0
Mar 31, 2021	2400566	1002	0	0
Apr 01, 2021	2396610	973	0	0
Apr 02, 2021	2397840	930	0	0
Apr 03, 2021	2406416	719	0	0
Apr 04, 2021	2404746	477	0	0
Apr 05, 2021	2381411	546	0	0
Apr 06, 2021	2367869	816	0	0
Apr 07, 2021	2367460	890	0	0
Apr 08, 2021	2375107	969	0	0
Apr 09, 2021	2386617	934	0	0
Apr 10, 2021	2383943	764	0	0
Apr 11, 2021	2385475	460	0	0
Apr 12, 2021	2367661	548	0	0
Apr 13, 2021	2380274	805	0	0
Apr 14, 2021	2388706	902	0	0
Apr 15, 2021	2387694	878	0	0
Apr 16, 2021	2400612	836	0	0
Apr 17, 2021	2410861	695	0	0
Apr 18, 2021	2407676	426	0	0
Apr 19, 2021	2382445	538	0	0
Apr 20, 2021	2380067	825	0	0
Apr 21, 2021	2369983	839	0	0
Apr 22, 2021	2370230	864	0	0
Apr 23, 2021	2373203	762	0	0
Apr 24, 2021	2375163	785	0	0
Apr 25, 2021	2370305	421	0	0
Apr 26, 2021	2341586	499	0	0
Apr 27, 2021	2329903	867	0	0
Apr 28, 2021	2315501	790	0	0
Apr 29, 2021	2307872	873	0	0
Apr 30, 2021	2289698	751	0	0
May 01, 2021	2281323	735	0	0
May 02, 2021	2270225	424	0	0
May 03, 2021	2229047	507	0	0
May 04, 2021	2205602	841	0	0
May 05, 2021	2182566	693	0	0
May 06, 2021	2145276	782	0	0
May 07, 2021	2130191	691	0	0
May 08, 2021	2111809	671	0	0
May 09, 2021	2091114	370	0	0
May 10, 2021	2045306	427	0	0
May 11, 2021	2013143	671	0	0
May 12, 2021	1973482	764	0	0
May 13, 2021	1950994	767	0	0
May 14, 2021	1926688	720	0	0
May 15, 2021	1891043	602	0	0
May 16, 2021	1866627	348	0	0
May 17, 2021	1820117	385	0	0
May 18, 2021	1791731	654	0	0
May 19, 2021	1767059	580	0	0
May 20, 2021	1731761	624	0	0
May 21, 2021	1709912	587	0	0
May 22, 2021	1687401	603	0	0
May 23, 2021	1665382	328	0	0
May 24, 2021	1621577	417	0	0
May 25, 2021	1596204	569	0	0
May 26, 2021	1557698	546	0	0
May 27, 2021	1533753	603	0	0
May 28, 2021	1513794	562	0	0
May 29, 2021	1489041	443	0	0
May 30, 2021	1469148	244	0	0
May 31, 2021	1448420	241	0	0
Jun 01, 2021	1393786	314	0	0
Jun 02, 2021	1360288	482	0	0
Jun 03, 2021	1335105	534	0	0
Jun 04, 2021	1313522	542	0	0
Jun 05, 2021	1294827	486	0	0
Jun 06, 2021	1277934	258	0	0
Jun 07, 2021	1235552	281	0	0
Jun 08, 2021	1199171	418	0	0
Jun 09, 2021	1178581	443	0	0
Jun 10, 2021	1158703	490	0	0
Jun 11, 2021	1138487	392	0	0
Jun 12, 2021	1030734	375	0	0
Jun 13, 2021	1012262	229	0	0
Jun 14, 2021	983911	220	0	0
Jun 15, 2021	964298	353	0	0
Jun 16, 2021	945021	370	0	0
Jun 17, 2021	930513	345	0	0
Jun 18, 2021	909888	359	0	0
Jun 19, 2021	887978	279	0	0
Jun 20, 2021	867308	182	0	0
Jun 21, 2021	842467	270	0	0
Jun 22, 2021	830708	374	0	0
Jun 23, 2021	820215	351	0	0
Jun 24, 2021	812628	403	0	0
Jun 25, 2021	804449	336	0	0
Jun 26, 2021	794674	260	0	0
Jun 27, 2021	787482	177	0	0
Jun 28, 2021	774666	186	0	0
Jun 29, 2021	767273	323	0	0
Jun 30, 2021	767851	291	0	0
Jul 01, 2021	762262	336	0	0
Jul 02, 2021	761070	323	0	0
Jul 03, 2021	761163	204	0	0
Jul 04, 2021	761524	163	0	0
Jul 05, 2021	758692	164	0	0
Jul 06, 2021	755327	283	0	0
Jul 07, 2021	757881	270	0	0
Jul 08, 2021	766945	321	0	0
Jul 09, 2021	779132	327	0	0
Jul 10, 2021	790546	272	0	0
Jul 11, 2021	798916	173	0	0
Jul 12, 2021	799158	255	0	0
Jul 13, 2021	817528	368	0	0
Jul 14, 2021	839890	356	0	0
Jul 15, 2021	865295	377	0	0
Jul 16, 2021	893491	366	0	0
Jul 17, 2021	922780	266	0	0
Jul 18, 2021	947069	213	0	0
Jul 19, 2021	962839	250	0	0
Jul 20, 2021	993861	360	0	0
Jul 21, 2021	1039551	432	0	0
Jul 22, 2021	1086710	431	0	0
Jul 23, 2021	1144060	397	0	0
Jul 24, 2021	1197006	369	0	0
Jul 25, 2021	1242180	283	0	0
Jul 26, 2021	1272940	348	0	0
Jul 27, 2021	1337836	489	0	0
Jul 28, 2021	1408301	564	0	0
Jul 29, 2021	1487245	529	0	0
Jul 30, 2021	1574185	595	0	0
Jul 31, 2021	1653550	542	0	0
Aug 01, 2021	1719648	468	0	0
Aug 02, 2021	1768068	546	0	0
Aug 03, 2021	1845468	821	0	0
Aug 04, 2021	1945630	764	0	0
Aug 05, 2021	2050681	808	0	0
Aug 06, 2021	2160673	874	0	0
Aug 07, 2021	2256719	794	0	0
Aug 08, 2021	2336048	668	0	0
Aug 09, 2021	2389452	672	0	0
Aug 10, 2021	2481843	1116	0	0
Aug 11, 2021	2594345	1050	0	0
Aug 12, 2021	2702377	1195	0	0
Aug 13, 2021	2824918	1262	0	0
Aug 14, 2021	2932630	1054	0	0
Aug 15, 2021	3013994	940	0	0
Aug 16, 2021	3058201	942	0	0
Aug 17, 2021	3148254	1450	0	0
Aug 18, 2021	3251006	1582	0	0
Aug 19, 2021	3368842	1559	0	0
Aug 20, 2021	3493896	1591	0	0
Aug 21, 2021	3596898	1462	0	0
Aug 22, 2021	3683385	1112	0	0
Aug 23, 2021	3717177	1064	0	0
Aug 24, 2021	3811714	1810	0	0
Aug 25, 2021	3919567	2002	0	0
Aug 26, 2021	4036085	1856	0	0
Aug 27, 2021	4164448	1973	0	0
Aug 28, 2021	4263095	1788	0	0
Aug 29, 2021	4339367	1298	0	0
Aug 30, 2021	4368744	1411	0	0
Aug 31, 2021	4446674	2047	0	0
Sep 01, 2021	4499450	2186	0	0
Sep 02, 2021	4592814	2191	0	0
Sep 03, 2021	4695081	2067	0	0
Sep 04, 2021	4751389	1815	0	0
Sep 05, 2021	4807133	1499	0	0
Sep 06, 2021	4813596	1352	0	0
Sep 07, 2021	4829675	1716	0	0
Sep 08, 2021	4835987	2242	0	0
Sep 09, 2021	4900627	2640	0	0
Sep 10, 2021	4964926	2343	0	0
Sep 11, 2021	5017918	1918	0	0
Sep 12, 2021	5057754	1451	0	0
Sep 13, 2021	5024750	1426	0	0
Sep 14, 2021	5031561	2583	0	0
Sep 15, 2021	5058567	2681	0	0
Sep 16, 2021	5102335	2378	0	0
Sep 17, 2021	5130556	2238	0	0
Sep 18, 2021	5142820	1965	0	0
Sep 19, 2021	5136379	1387	0	0
Sep 20, 2021	5055160	1520	0	0
Sep 21, 2021	5031801	2460	0	0
Sep 22, 2021	5019047	2403	0	0
Sep 23, 2021	5016515	2527	0	0
Sep 24, 2021	5014079	2227	0	0
Sep 25, 2021	4998743	1891	0	0
Sep 26, 2021	4957862	1312	0	0
Sep 27, 2021	4876019	1380	0	0
Sep 28, 2021	4825982	2298	0	0
Sep 29, 2021	4788877	2444	0	0
Sep 30, 2021	4772906	2264	0	0
Oct 01, 2021	4746837	2056	0	0
Oct 02, 2021	4663977	1708	0	0
Oct 03, 2021	4619612	1198	0	0
Oct 04, 2021	4512526	1227	0	0
Oct 05, 2021	4454157	2078	0	0
Oct 06, 2021	4418595	2301	0	0
Oct 07, 2021	4389482	2056	0	0
Oct 08, 2021	4339412	2095	0	0
Oct 09, 2021	4287625	1426	0	0
Oct 10, 2021	4239462	1091	0	0
Oct 11, 2021	4142820	1009	0	0
Oct 12, 2021	4052402	1759	0	0
Oct 13, 2021	3993799	1878	0	0
Oct 14, 2021	3951380	1949	0	0
Oct 15, 2021	3903567	1812	0	0
Oct 16, 2021	3858968	1334	0	0
Oct 17, 2021	3803601	1039	0	0
Oct 18, 2021	3703634	1036	0	0
Oct 19, 2021	3616149	1732	0	0
Oct 20, 2021	3557115	1917	0	0
Oct 21, 2021	3521618	1768	0	0
Oct 22, 2021	3460948	1659	0	0
Oct 23, 2021	3411413	1243	0	0
Oct 24, 2021	3355567	808	0	0
Oct 25, 2021	3250393	953	0	0
Oct 26, 2021	3199146	1678	0	0
Oct 27, 2021	3143425	1774	0	0
Oct 28, 2021	3116264	1512	0	0
Oct 29, 2021	3076841	1573	0	0
Oct 30, 2021	3043706	1012	0	0
Oct 31, 2021	3005681	733	0	0
Nov 01, 2021	2936501	887	0	0
Nov 02, 2021	2865192	1330	0	0
Nov 03, 2021	2823187	1556	0	0
Nov 04, 2021	2808262	1337	0	0
Nov 05, 2021	2786298	1374	0	0
Nov 06, 2021	2769484	961	0	0
Nov 07, 2021	2745521	646	0	0
Nov 08, 2021	2672852	853	0	0
Nov 09, 2021	2655110	1476	0	0
Nov 10, 2021	2636429	1582	0	0
Nov 11, 2021	2647170	1196	0	0
Nov 12, 2021	2638438	1138	0	0
Nov 13, 2021	2642318	827	0	0
Nov 14, 2021	2641818	572	0	0
Nov 15, 2021	2615607	725	0	0
Nov 16, 2021	2618297	1416	0	0
Nov 17, 2021	2613112	1430	0	0
Nov 18, 2021	2644538	1393	0	0
Nov 19, 2021	2665001	1238	0	0
Nov 20, 2021	2682442	904	0	0
Nov 21, 2021	2691035	563	0	0
Nov 22, 2021	2658202	765	0	0
Nov 23, 2021	2676400	1488	0	0
Nov 24, 2021	2693180	1575	0	0
Nov 25, 2021	2696006	886	0	0
Nov 26, 2021	2676852	802	0	0
Nov 27, 2021	2656692	629	0	0
Nov 28, 2021	2641395	617	0	0
Nov 29, 2021	2632241	763	0	0
Nov 30, 2021	2644203	1591	0	0
Dec 01, 2021	2677776	1586	0	0
Dec 02, 2021	2738824	1453	0	0
Dec 03, 2021	2792999	1324	0	0
Dec 04, 2021	2839965	937	0	0
Dec 05, 2021	2866697	668	0	0
Dec 06, 2021	2864754	891	0	0
Dec 07, 2021	2906801	1841	0	0
Dec 08, 2021	2937003	1554	0	0
Dec 09, 2021	2983641	1488	0	0
Dec 10, 2021	3025808	1585	0	0
Dec 11, 2021	3062023	1022	0	0
Dec 12, 2021	3088130	794	0	0
Dec 13, 2021	3011935	956	0	0
Dec 14, 2021	3021709	1771	0	0
Dec 15, 2021	3059112	1733	0	0
Dec 16, 2021	3121289	1471	0	0
Dec 17, 2021	3190974	1757	0	0
Dec 18, 2021	3256792	1136	0	0
Dec 19, 2021	3320454	792	0	0
Dec 20, 2021	3359049	1016	0	0
Dec 21, 2021	3445258	1899	0	0
Dec 22, 2021	3546271	1775	0	0
Dec 23, 2021	3749586	1536	0	0
Dec 24, 2021	3990364	1239	0	0
Dec 25, 2021	4186429	816	0	0
Dec 26, 2021	4326832	658	0	0
Dec 27, 2021	4480852	1055	0	0
Dec 28, 2021	4675175	1955	0	0
Dec 29, 2021	5018477	1941	0	0
Dec 30, 2021	5501915	1763	0	0
Dec 31, 2021	6009426	1268	0	0
Jan 01, 2022	6490026	1023	0	0
Jan 02, 2022	6879362	839	0	0
Jan 03, 2022	7246815	1207	0	0
Jan 04, 2022	7638688	2060	0	0
Jan 05, 2022	8209461	2002	0	0
Jan 06, 2022	8878702	2476	0	0
Jan 07, 2022	9607177	2314	0	0
Jan 08, 2022	10254116	1594	0	0
Jan 09, 2022	10869524	1338	0	0
Jan 10, 2022	11314228	1636	0	0
Jan 11, 2022	11826427	2771	0	0
Jan 12, 2022	12487113	2695	0	0
Jan 13, 2022	13168164	2719	0	0
Jan 14, 2022	13809444	2696	0	0
Jan 15, 2022	14393566	2106	0	0
Jan 16, 2022	14920076	1689	0	0
Jan 17, 2022	15293561	1696	0	0
Jan 18, 2022	15469687	2596	0	0
Jan 19, 2022	15788901	3037	0	0
Jan 20, 2022	16260799	3384	0	0
Jan 21, 2022	16779480	3121	0	0
Jan 22, 2022	17204211	2076	0	0
Jan 23, 2022	17460131	1839	0	0
Jan 24, 2022	17496406	2052	0	0
Jan 25, 2022	17548987	3421	0	0
Jan 26, 2022	17694832	3686	0	0
Jan 27, 2022	17888678	3418	0	0
Jan 28, 2022	18047231	3332	0	0
Jan 29, 2022	18122155	2448	0	0
Jan 30, 2022	18138683	1706	0	0
Jan 31, 2022	18030013	2012	0	0
Feb 01, 2022	17736681	3497	0	0
Feb 02, 2022	17441859	3535	0	0
Feb 03, 2022	17344978	3335	0	0
Feb 04, 2022	17142285	3082	0	0
Feb 05, 2022	16928224	2186	0	0
Feb 06, 2022	16688920	1787	0	0
Feb 07, 2022	16383606	1919	0	0
Feb 08, 2022	15956787	3369	0	0
Feb 09, 2022	15614301	3296	0	0
Feb 10, 2022	15288764	3075	0	0
Feb 11, 2022	14890891	2554	0	0
Feb 12, 2022	14476650	2006	0	0
Feb 13, 2022	14137621	1612	0	0
Feb 14, 2022	13554212	1553	0	0
Feb 15, 2022	13179510	2828	0	0
Feb 16, 2022	12753181	2795	0	0
Feb 17, 2022	12330652	2643	0	0
Feb 18, 2022	11891645	2485	0	0
Feb 19, 2022	11459945	1875	0	0
Feb 20, 2022	11008588	1080	0	0
Feb 21, 2022	10444014	1076	0	0
Feb 22, 2022	10006783	2037	0	0
Feb 23, 2022	9565853	2360	0	0
Feb 24, 2022	9098653	2373	0	0
Feb 25, 2022	8650267	1912	0	0
Feb 26, 2022	8242196	1259	0	0
Feb 27, 2022	7860906	1063	0	0
Feb 28, 2022	7417158	1187	0	0
Mar 01, 2022	7090534	1704	0	0
Mar 02, 2022	6748866	1671	0	0
Mar 03, 2022	6404125	1466	0	0
Mar 04, 2022	6035239	1610	0	0
Mar 05, 2022	5678034	1121	0	0
Mar 06, 2022	5376292	745	0	0
Mar 07, 2022	5091706	759	0	0
Mar 08, 2022	4826499	1313	0	0
Mar 09, 2022	4580050	1502	0	0
Mar 10, 2022	4338348	1432	0	0
Mar 11, 2022	4101644	1077	0	0
Mar 12, 2022	3877053	916	0	0
Mar 13, 2022	3677156	610	0	0
Mar 14, 2022	3477804	598	0	0
Mar 15, 2022	3324900	1141	0	0
Mar 16, 2022	3181834	1162	0	0
Mar 17, 2022	3011177	1112	0	0
Mar 18, 2022	2865285	898	0	0
Mar 19, 2022	2738433	673	0	0
Mar 20, 2022	2657012	356	0	0
Mar 21, 2022	2530019	466	0	0
Mar 22, 2022	2426154	809	0	0
Mar 23, 2022	2336701	824	0	0
Mar 24, 2022	2236403	735	0	0
Mar 25, 2022	2084017	784	0	0
Mar 26, 2022	2008984	501	0	0
Mar 27, 2022	1941756	341	0	0
Mar 28, 2022	1828550	403	0	0
Mar 29, 2022	1763538	712	0	0
Mar 30, 2022	1696774	800	0	0
Mar 31, 2022	1647645	638	0	0
Apr 01, 2022	1607110	613	0	0
Apr 02, 2022	1575859	488	0	0
Apr 03, 2022	1520452	338	0	0
Apr 04, 2022	1475579	398	0	0
Apr 05, 2022	1444109	547	0	0
Apr 06, 2022	1425739	551	0	0
Apr 07, 2022	1405526	532	0	0
Apr 08, 2022	1394389	511	0	0
Apr 09, 2022	1383049	423	0	0
Apr 10, 2022	1348015	200	0	0
Apr 11, 2022	1331019	293	0	0
Apr 12, 2022	1311906	589	0	0
Apr 13, 2022	1316322	411	0	0
Apr 14, 2022	1326049	391	0	0
Apr 15, 2022	1340090	450	0	0
Apr 16, 2022	1342482	225	0	0
Apr 17, 2022	1336542	173	0	0
Apr 18, 2022	1328229	256	0	0
Apr 19, 2022	1332064	435	0	0
Apr 20, 2022	1351264	526	0	0
Apr 21, 2022	1376919	462	0	0
Apr 22, 2022	1405869	411	0	0
Apr 23, 2022	1425335	249	0	0
Apr 24, 2022	1436519	204	0	0
Apr 25, 2022	1440592	284	0	0
Apr 26, 2022	1451964	367	0	0
Apr 27, 2022	1478629	436	0	0
Apr 28, 2022	1523891	413	0	0
Apr 29, 2022	1566659	393	0	0
Apr 30, 2022	1599434	329	0	0
May 01, 2022	1614764	206	0	0
May 02, 2022	1630804	295	0	0
May 03, 2022	1655648	362	0	0
May 04, 2022	1699273	375	0	0
May 05, 2022	1762495	378	0	0
May 06, 2022	1821237	367	0	0
May 07, 2022	1883200	258	0	0
May 08, 2022	1931252	160	0	0
May 09, 2022	1934567	213	0	0
May 10, 2022	1978419	328	0	0
May 11, 2022	2031191	348	0	0
May 12, 2022	2100180	333	0	0
May 13, 2022	2169003	394	0	0
May 14, 2022	2233889	191	0	0
May 15, 2022	2278396	189	0	0
May 16, 2022	2325459	238	0	0
May 17, 2022	2370330	409	0	0
May 18, 2022	2434442	375	0	0
May 19, 2022	2522648	359	0	0
May 20, 2022	2596336	364	0	0
May 21, 2022	2662239	232	0	0
May 22, 2022	2708190	215	0	0
May 23, 2022	2723695	285	0	0
May 24, 2022	2759277	465	0	0
May 25, 2022	2815852	484	0	0
May 26, 2022	2883847	407	0	0
May 27, 2022	2949018	388	0	0
May 28, 2022	3039848	223	0	0
May 29, 2022	3028700	171	0	0
May 30, 2022	3060716	162	0	0
May 31, 2022	3048963	282	0	0
Jun 01, 2022	3063174	473	0	0
Jun 02, 2022	3118115	388	0	0
Jun 03, 2022	3179244	451	0	0
Jun 04, 2022	3228735	315	0	0
Jun 05, 2022	3260993	191	0	0
Jun 06, 2022	3261600	253	0	0
Jun 07, 2022	3284244	462	0	0
Jun 08, 2022	3303587	438	0	0
Jun 09, 2022	3342719	378	0	0
Jun 10, 2022	3384086	354	0	0
Jun 11, 2022	3415349	266	0	0
Jun 12, 2022	3420314	224	0	0
Jun 13, 2022	3415307	305	0	0
Jun 14, 2022	3416493	444	0	0
Jun 15, 2022	3428029	435	0	0
Jun 16, 2022	3455669	365	0	0
Jun 17, 2022	3477327	343	0	0
Jun 18, 2022	3501941	241	0	0
Jun 19, 2022	3479725	211	0	0
Jun 20, 2022	3472080	203	0	0
Jun 21, 2022	3483293	343	0	0
Jun 22, 2022	3489462	506	0	0
Jun 23, 2022	3547354	522	0	0
Jun 24, 2022	3582549	434	0	0
Jun 25, 2022	3611634	325	0	0
Jun 26, 2022	3619169	209	0	0
Jun 27, 2022	3614487	257	0	0
Jun 28, 2022	3616631	463	0	0
Jun 29, 2022	3640342	502	0	0
Jun 30, 2022	3695605	447	0	0
Jul 01, 2022	3746445	474	0	0
Jul 02, 2022	3795840	275	0	0
Jul 03, 2022	3771945	247	0	0
Jul 04, 2022	3738979	239	0	0
Jul 05, 2022	3712504	325	0	0
Jul 06, 2022	3708057	554	0	0
Jul 07, 2022	3751855	536	0	0
Jul 08, 2022	3810118	512	0	0
Jul 09, 2022	3903003	336	0	0
Jul 10, 2022	3986607	250	0	0
Jul 11, 2022	3850196	327	0	0
Jul 12, 2022	3867988	505	0	0
Jul 13, 2022	3896338	549	0	0
Jul 14, 2022	3945500	443	0	0
Jul 15, 2022	3997239	463	0	0
Jul 16, 2022	4028145	410	0	0
Jul 17, 2022	4051810	326	0	0
Jul 18, 2022	4044904	386	0	0
Jul 19, 2022	4058422	558	0	0
Jul 20, 2022	4089304	571	0	0
Jul 21, 2022	4135094	490	0	0
Jul 22, 2022	4167042	574	0	0
Jul 23, 2022	4182898	460	0	0
Jul 24, 2022	4178225	275	0	0
Jul 25, 2022	4157840	368	0	0
Jul 26, 2022	4181211	523	0	0
Jul 27, 2022	4196923	583	0	0
Jul 28, 2022	4229134	512	0	0
Jul 29, 2022	4262099	532	0	0
Jul 30, 2022	4284162	374	0	0
Jul 31, 2022	4266444	324	0	0
Aug 01, 2022	4250729	404	0	0
Aug 02, 2022	4256611	658	0	0
Aug 03, 2022	4251561	614	0	0
Aug 04, 2022	4276046	599	0	0
Aug 05, 2022	4277676	671	0	0
Aug 06, 2022	4266274	384	0	0
Aug 07, 2022	4238231	339	0	0
Aug 08, 2022	4186196	388	0	0
Aug 09, 2022	4188117	668	0	0
Aug 10, 2022	4174017	639	0	0
Aug 11, 2022	4182601	580	0	0
Aug 12, 2022	4159362	579	0	0
Aug 13, 2022	4134624	381	0	0
Aug 14, 2022	4097024	329	0	0
Aug 15, 2022	4036052	372	0	0
Aug 16, 2022	4004102	563	0	0
Aug 17, 2022	4014143	679	0	0
Aug 18, 2022	3990709	506	0	0
Aug 19, 2022	3952207	561	0	0
Aug 20, 2022	3960864	398	0	0
Aug 21, 2022	3878476	330	0	0
Aug 22, 2022	3832805	361	0	0
Aug 23, 2022	3804571	549	0	0
Aug 24, 2022	3780872	539	0	0
Aug 25, 2022	3765933	534	0	0
Aug 26, 2022	3736760	552	0	0
Aug 27, 2022	3706051	387	0	0
Aug 28, 2022	3678028	326	0	0
Aug 29, 2022	3610979	355	0	0
Aug 30, 2022	3583440	600	0	0
Aug 31, 2022	3523378	539	0	0
Sep 01, 2022	3497922	466	0	0
Sep 02, 2022	3469257	541	0	0
Sep 03, 2022	3437359	315	0	0
Sep 04, 2022	3386789	230	0	0
Sep 05, 2022	3327817	260	0	0
Sep 06, 2022	3276486	365	0	0
Sep 07, 2022	3237025	533	0	0
Sep 08, 2022	3195673	506	0	0
Sep 09, 2022	3177871	563	0	0
Sep 10, 2022	3135994	372	0	0
Sep 11, 2022	3106093	274	0	0
Sep 12, 2022	3056224	355	0	0
Sep 13, 2022	3002423	557	0	0
Sep 14, 2022	2961226	474	0	0
Sep 15, 2022	2897742	452	0	0
Sep 16, 2022	2883748	480	0	0
Sep 17, 2022	2839059	316	0	0
Sep 18, 2022	2803155	261	0	0
Sep 19, 2022	2762233	294	0	0
Sep 20, 2022	2720800	485	0	0
Sep 21, 2022	2693030	502	0	0
Sep 22, 2022	2631427	401	0	0
Sep 23, 2022	2608968	466	0	0
Sep 24, 2022	2569874	307	0	0
Sep 25, 2022	2545318	248	0	0
Sep 26, 2022	2482567	315	0	0
Sep 27, 2022	2463458	446	0	0
Sep 28, 2022	2420662	495	0	0
Sep 29, 2022	2369612	449	0	0
Sep 30, 2022	2340830	460	0	0
Oct 01, 2022	2311698	340	0	0
Oct 02, 2022	2268780	321	0	0
Oct 03, 2022	2227137	347	0	0
Oct 04, 2022	2197334	470	0	0
Oct 05, 2022	2152853	496	0	0
Oct 06, 2022	2108074	434	0	0
Oct 07, 2022	2086781	452	0	0
Oct 08, 2022	2073968	345	0	0
Oct 09, 2022	2020493	274	0	0
Oct 10, 2022	2007713	278	0	0
Oct 11, 2022	1960848	297	0	0
Oct 12, 2022	1938024	508	0	0
Oct 13, 2022	1910011	390	0	0
Oct 14, 2022	1895735	395	0	0
Oct 15, 2022	1883434	306	0	0
Oct 16, 2022	1851389	233	0	0
Oct 17, 2022	1820007	327	0	0
Oct 18, 2022	1796205	412	0	0
Oct 19, 2022	1795015	419	0	0
Oct 20, 2022	1778892	357	0	0
Oct 21, 2022	1767435	392	0	0
Oct 22, 2022	1754198	273	0	0
Oct 23, 2022	1736501	209	0	0
Oct 24, 2022	1722432	256	0	0
Oct 25, 2022	1737342	397	0	0
Oct 26, 2022	1700836	406	0	0
Oct 27, 2022	1690595	411	0	0
Oct 28, 2022	1688615	434	0	0
Oct 29, 2022	1670904	289	0	0
Oct 30, 2022	1661631	275	0	0
Oct 31, 2022	1654009	291	0	0
Nov 01, 2022	1647318	413	0	0
Nov 02, 2022	1656461	399	0	0
Nov 03, 2022	1646260	326	0	0
Nov 04, 2022	1635656	359	0	0
Nov 05, 2022	1659158	289	0	0
Nov 06, 2022	1636421	215	0	0
Nov 07, 2022	1626421	282	0	0
Nov 08, 2022	1631947	346	0	0
Nov 09, 2022	1638657	391	0	0
Nov 10, 2022	1645741	415	0	0
Nov 11, 2022	1658997	310	0	0
Nov 12, 2022	1664690	270	0	0
Nov 13, 2022	1663000	265	0	0
Nov 14, 2022	1661922	285	0	0
Nov 15, 2022	1625096	394	0	0
Nov 16, 2022	1639773	458	0	0
Nov 17, 2022	1630788	439	0	0
Nov 18, 2022	1632400	425	0	0
Nov 19, 2022	1650462	348	0	0
Nov 20, 2022	1666878	255	0	0
Nov 21, 2022	1637039	317	0	0
Nov 22, 2022	1653333	408	0	0
Nov 23, 2022	1665696	400	0	0
Nov 24, 2022	1667975	320	0	0
Nov 25, 2022	1667796	241	0	0
Nov 26, 2022	1688248	205	0	0
Nov 27, 2022	1686539	250	0	0
Nov 28, 2022	1692128	274	0	0
Nov 29, 2022	1730334	366	0	0
Nov 30, 2022	1756599	447	0	0
Dec 01, 2022	1762312	503	0	0
Dec 02, 2022	1793681	419	0	0
Dec 03, 2022	1838171	313	0	0
Dec 04, 2022	1871633	282	0	0
Dec 05, 2022	1891575	299	0	0
Dec 06, 2022	1902565	456	0	0
Dec 07, 2022	1943394	512	0	0
Dec 08, 2022	1964190	422	0	0
Dec 09, 2022	1997258	469	0	0
Dec 10, 2022	2035560	379	0	0
Dec 11, 2022	2050145	343	0	0
Dec 12, 2022	2067889	358	0	0
Dec 13, 2022	2098540	489	0	0
Dec 14, 2022	2115899	453	0	0
Dec 15, 2022	2137355	472	0	0
Dec 16, 2022	2176186	431	0	0
Dec 17, 2022	2223251	411	0	0
Dec 18, 2022	2249921	335	0	0
Dec 19, 2022	2231930	359	0	0
Dec 20, 2022	2255992	550	0	0
Dec 21, 2022	2265290	468	0	0
Dec 22, 2022	2280257	472	0	0
Dec 23, 2022	2305177	456	0	0
Dec 24, 2022	2347370	315	0	0
Dec 25, 2022	2348641	288	0	0
Dec 26, 2022	2347027	297	0	0
Dec 27, 2022	2345280	326	0	0
Dec 28, 2022	2377334	491	0	0
Dec 29, 2022	2381018	508	0	0
Dec 30, 2022	2412531	493	0	0
Dec 31, 2022	2452393	402	0	0
Jan 01, 2023	2476274	349	0	0
Jan 02, 2023	2465599	351	0	0
Jan 03, 2023	2462267	388	0	0
Jan 04, 2023	2458635	573	0	0
Jan 05, 2023	2475392	569	0	0
Jan 06, 2023	2493779	599	0	0
Jan 07, 2023	2534916	505	0	0
Jan 08, 2023	2485810	496	0	0
Jan 09, 2023	2494893	513	0	0
Jan 10, 2023	2520932	655	0	0
Jan 11, 2023	2535855	590	0	0
Jan 12, 2023	2514482	573	0	0
Jan 13, 2023	2492061	692	0	0
Jan 14, 2023	2484793	557	0	0
Jan 15, 2023	2435377	473	0	0
Jan 16, 2023	2437053	459	0	0
Jan 17, 2023	2437450	531	0	0
Jan 18, 2023	2359968	697	0	0
Jan 19, 2023	2313799	549	0	0
Jan 20, 2023	2311598	538	0	0
Jan 21, 2023	2346700	464	0	0
Jan 22, 2023	2258081	409	0	0
Jan 23, 2023	2252795	484	0	0
Jan 24, 2023	2257545	560	0	0
Jan 25, 2023	2256425	577	0	0
Jan 26, 2023	2209167	527	0	0
Jan 27, 2023	2218185	545	0	0
Jan 28, 2023	2224765	502	0	0
Jan 29, 2023	2212257	425	0	0
Jan 30, 2023	2197766	440	0	0
Jan 31, 2023	2205856	567	0	0
Feb 01, 2023	2195091	528	0	0
Feb 02, 2023	2143376	500	0	0
Feb 03, 2023	2142317	466	0	0
Feb 04, 2023	2142074	403	0	0
Feb 05, 2023	2160449	375	0	0
Feb 06, 2023	2143771	452	0	0
Feb 07, 2023	2077278	460	0	0
Feb 08, 2023	2020345	545	0	0
Feb 09, 2023	1972085	458	0	0
Feb 10, 2023	1966431	459	0	0
Feb 11, 2023	1978979	407	0	0
Feb 12, 2023	1986426	353	0	0
Feb 13, 2023	1979907	366	0	0
Feb 14, 2023	1959869	430	0	0
Feb 15, 2023	1947979	458	0	0
Feb 16, 2023	1924485	443	0	0
Feb 17, 2023	1927002	380	0	0
Feb 18, 2023	1942392	352	0	0
Feb 19, 2023	1914048	319	0	0
Feb 20, 2023	1910358	310	0	0
Feb 21, 2023	1903804	418	0	0
Feb 22, 2023	1884221	426	0	0
Feb 23, 2023	1859926	339	0	0
Feb 24, 2023	1860457	341	0	0
Feb 25, 2023	1853811	358	0	0
Feb 26, 2023	1866375	277	0	0
Feb 27, 2023	1859837	295	0	0
Feb 28, 2023	1866220	363	0	0
Mar 01, 2023	1834987	402	0	0
Mar 02, 2023	1822171	408	0	0
Mar 03, 2023	1795218	346	0	0
Mar 04, 2023	1805288	297	0	0
Mar 05, 2023	1824641	295	0	0
Mar 06, 2023	1813222	267	0	0
Mar 07, 2023	1763807	358	0	0
Mar 08, 2023	1713147	303	0	0
Mar 09, 2023	1710346	331	0	0
Mar 10, 2023	1693595	314	0	0
Mar 11, 2023	1714772	283	0	0
Mar 12, 2023	1703651	315	0	0
Mar 13, 2023	1661429	268	0	0
Mar 14, 2023	1589876	323	0	0
Mar 15, 2023	1563630	320	0	0
Mar 16, 2023	1546542	408	0	0
Mar 17, 2023	1495356	331	0	0
Mar 18, 2023	1462690	239	0	0
Mar 19, 2023	1430168	242	0	0
Mar 20, 2023	1419185	244	0	0
Mar 21, 2023	1423581	333	0	0
Mar 22, 2023	1390542	305	0	0
Mar 23, 2023	1355599	295	0	0
Mar 24, 2023	1361994	284	0	0
Mar 25, 2023	1372211	304	0	0
Mar 26, 2023	1369663	249	0	0
Mar 27, 2023	1370397	247	0	0
Mar 28, 2023	1360812	249	0	0
Mar 29, 2023	1330634	279	0	0
Mar 30, 2023	1298779	413	0	0
Mar 31, 2023	1272395	324	0	0
Apr 01, 2023	1274244	322	0	0
Apr 02, 2023	1282362	283	0	0
Apr 03, 2023	1278931	290	0	0
Apr 04, 2023	1273345	390	0	0
Apr 05, 2023	1260114	320	0	0
Apr 06, 2023	1236815	261	0	0
Apr 07, 2023	1236574	236	0	0
Apr 08, 2023	1220121	218	0	0
Apr 09, 2023	1223438	275	0	0
Apr 10, 2023	1219218	209	0	0
Apr 11, 2023	1217322	239	0	0
Apr 12, 2023	1197981	224	0	0
Apr 13, 2023	1193722	247	0	0
Apr 14, 2023	1189415	340	0	0
Apr 15, 2023	1194306	222	0	0
Apr 16, 2023	1199616	212	0	0
Apr 17, 2023	1191607	194	0	0
Apr 18, 2023	1198589	313	0	0
Apr 19, 2023	1184573	224	0	0
Apr 20, 2023	1150555	231	0	0
Apr 21, 2023	1133974	251	0	0
Apr 22, 2023	1131022	280	0	0
Apr 23, 2023	1139402	215	0	0
Apr 24, 2023	1139973	202	0	0
Apr 25, 2023	1145761	213	0	0
Apr 26, 2023	1124674	269	0	0
Apr 27, 2023	1131240	298	0	0
Apr 28, 2023	1126902	170	0	0
Apr 29, 2023	1125771	167	0	0
Apr 30, 2023	1124534	150	0	0
May 01, 2023	1120877	208	0	0
May 02, 2023	1108041	178	0	0
May 03, 2023	1068272	181	0	0
May 04, 2023	1042590	172	0	0
May 05, 2023	1043652	145	0	0
May 06, 2023	1051765	176	0	0
May 07, 2023	1044514	127	0	0
May 08, 2023	1042271	140	0	0
May 09, 2023	1049445	131	0	0
May 10, 2023	1041573	148	0	0
May 11, 2023	1033025	173	0	0
May 12, 2023	1037363	118	0	0
May 13, 2023	1041967	125	0	0
May 14, 2023	1043271	124	0	0
May 15, 2023	1024378	129	0	0
May 16, 2023	1025201	160	0	0
May 17, 2023	987424	141	0	0
May 18, 2023	979553	131	0	0
May 19, 2023	897357	134	0	0
May 20, 2023	816154	136	0	0
May 21, 2023	813457	194	0	0
May 22, 2023	818501	132	0	0
May 23, 2023	811150	129	0	0
May 24, 2023	806817	129	0	0
May 25, 2023	784600	151	0	0
May 26, 2023	776875	128	0	0
May 27, 2023	782516	127	0	0
May 28, 2023	772029	118	0	0
May 29, 2023	772991	110	0	0
May 30, 2023	770733	143	0	0
May 31, 2023	759719	100	0	0
Jun 01, 2023	757778	115	0	0
Jun 02, 2023	761204	110	0	0
Jun 03, 2023	763781	102	0	0
Jun 04, 2023	731605	130	0	0
Jun 05, 2023	721324	105	0	0
Jun 06, 2023	724333	105	0	0
Jun 07, 2023	720779	99	0	0
Jun 08, 2023	712448	104	0	0
Jun 09, 2023	713809	116	0	0
Jun 10, 2023	717636	92	0	0
Jun 11, 2023	715823	85	0	0
Jun 12, 2023	713546	96	0	0
Jun 13, 2023	716503	112	0	0
Jun 14, 2023	719052	104	0	0
Jun 15, 2023	721294	95	0	0
Jun 16, 2023	721091	94	0	0
Jun 17, 2023	706496	83	0	0
Jun 18, 2023	705857	92	0	0
Jun 19, 2023	704431	100	0	0
Jun 20, 2023	708353	73	0	0
Jun 21, 2023	696027	90	0	0
Jun 22, 2023	689587	90	0	0
Jun 23, 2023	689206	80	0	0
Jun 24, 2023	691687	94	0	0
Jun 25, 2023	691871	73	0	0
Jun 26, 2023	694596	89	0	0
Jun 27, 2023	695880	85	0	0
Jun 28, 2023	698664	79	0	0
Jun 29, 2023	695667	89	0	0
Jun 30, 2023	696491	79	0	0
Jul 01, 2023	698378	64	0	0
Jul 02, 2023	699598	67	0	0
Jul 03, 2023	697438	72	0	0
Jul 04, 2023	698560	83	0	0
Jul 05, 2023	691496	59	0	0
Jul 06, 2023	687275	67	0	0
Jul 07, 2023	690161	87	0	0
Jul 08, 2023	693322	77	0	0
Jul 09, 2023	691939	78	0	0
Jul 10, 2023	694451	65	0	0
Jul 11, 2023	698330	76	0	0
Jul 12, 2023	699692	86	0	0
Jul 13, 2023	699340	78	0	0
Jul 14, 2023	703020	85	0	0
Jul 15, 2023	699276	64	0	0
Jul 16, 2023	702336	63	0	0
Jul 17, 2023	706134	61	0	0
Jul 18, 2023	711027	68	0	0
Jul 19, 2023	711565	75	0	0
Jul 20, 2023	712128	125	0	0
Jul 21, 2023	717267	113	0	0
Jul 22, 2023	722257	124	0	0
Jul 23, 2023	726466	108	0	0
Jul 24, 2023	731190	120	0	0
Jul 25, 2023	735027	118	0	0
Jul 26, 2023	736273	108	0	0
Jul 27, 2023	739527	120	0	0
Jul 28, 2023	748093	112	0	0
Jul 29, 2023	755833	128	0	0
Jul 30, 2023	759325	116	0	0
Jul 31, 2023	765615	180	0	0
Aug 01, 2023	773296	116	0	0
Aug 02, 2023	777816	119	0	0
Aug 03, 2023	782301	109	0	0
Aug 04, 2023	792045	107	0	0
Aug 05, 2023	800028	123	0	0
Aug 06, 2023	808195	108	0	0
Aug 07, 2023	814272	114	0	0
Aug 08, 2023	824855	114	0	0
Aug 09, 2023	824472	112	0	0
Aug 10, 2023	797530	87	0	0
Aug 11, 2023	801483	79	0	0
Aug 12, 2023	811145	88	0	0
Aug 13, 2023	820325	78	0	0
Aug 14, 2023	829078	79	0	0
Aug 15, 2023	841299	96	0	0
Aug 16, 2023	843881	92	0	0
Aug 17, 2023	857526	98	0	0
Aug 18, 2023	874005	102	0	0
Aug 19, 2023	883746	87	0	0
Aug 20, 2023	895982	87	0	0
Aug 21, 2023	910076	104	0	0
Aug 22, 2023	925397	102	0	0
Aug 23, 2023	932745	102	0	0
Aug 24, 2023	948415	101	0	0
Aug 25, 2023	960432	93	0	0
Aug 26, 2023	976152	87	0	0
Aug 27, 2023	990179	91	0	0
Aug 28, 2023	1002310	85	0	0
Aug 29, 2023	1022428	88	0	0
Aug 30, 2023	1028442	90	0	0
Aug 31, 2023	1034969	124	0	0
Sep 01, 2023	1046559	99	0	0
Sep 02, 2023	1063127	120	0	0
Sep 03, 2023	1077209	100	0	0
Sep 04, 2023	1090785	106	0	0
Sep 05, 2023	1100990	95	0	0
Sep 06, 2023	1099161	118	0	0
Sep 07, 2023	1109927	123	0	0
Sep 08, 2023	1129916	114	0	0
Sep 09, 2023	1137955	109	0	0
Sep 10, 2023	1141772	107	0	0
Sep 11, 2023	1152235	117	0	0
Sep 12, 2023	1161081	126	0	0
Sep 13, 2023	1164158	118	0	0
Sep 14, 2023	1168411	147	0	0
Sep 15, 2023	1172557	131	0	0
Sep 16, 2023	1182628	124	0	0
Sep 17, 2023	1183596	125	0	0
Sep 18, 2023	1182244	131	0	0
Sep 19, 2023	1187711	149	0	0
Sep 20, 2023	1184575	137	0	0
Sep 21, 2023	1175360	134	0	0
Sep 22, 2023	1177110	134	0	0
Sep 23, 2023	1180431	128	0	0
Sep 24, 2023	1183311	139	0	0
Sep 25, 2023	1179690	131	0	0
Sep 26, 2023	1179657	133	0	0
Sep 27, 2023	1169890	119	0	0
Sep 28, 2023	1156143	117	0	0
Sep 29, 2023	1145064	166	0	0
Sep 30, 2023	1128659	127	0	0
Oct 01, 2023	1122558	122	0	0
Oct 02, 2023	1122086	122	0	0
Oct 03, 2023	1119565	127	0	0
Oct 04, 2023	1109200	160	0	0
Oct 05, 2023	1093031	136	0	0
Oct 06, 2023	1083708	127	0	0
Oct 07, 2023	1077429	127	0	0
Oct 08, 2023	1076454	135	0	0
Oct 09, 2023	1072211	134	0	0
Oct 10, 2023	1064473	138	0	0
Oct 11, 2023	1053925	134	0	0
Oct 12, 2023	1035789	139	0	0
Oct 13, 2023	1032004	142	0	0
Oct 14, 2023	1033314	120	0	0
Oct 15, 2023	1032947	115	0	0
Oct 16, 2023	1031771	115	0	0
Oct 17, 2023	1025775	144	0	0
Oct 18, 2023	1018596	136	0	0
Oct 19, 2023	1008363	114	0	0
Oct 20, 2023	1001271	129	0	0
Oct 21, 2023	997881	132	0	0
Oct 22, 2023	1000703	128	0	0
Oct 23, 2023	1001286	139	0	0
Oct 24, 2023	1002923	130	0	0
Oct 25, 2023	997196	120	0	0
Oct 26, 2023	982509	117	0	0
Oct 27, 2023	971366	99	0	0
Oct 28, 2023	971980	138	0	0
Oct 29, 2023	976123	94	0	0
Oct 30, 2023	981701	92	0	0
Oct 31, 2023	989406	128	0	0
Nov 01, 2023	973658	147	0	0
Nov 02, 2023	958201	113	0	0
Nov 03, 2023	950178	114	0	0
Nov 04, 2023	955634	116	0	0
Nov 05, 2023	961425	111	0	0
Nov 06, 2023	963544	128	0	0
Nov 07, 2023	969116	132	0	0
Nov 08, 2023	963934	131	0	0
Nov 09, 2023	961356	114	0	0
Nov 10, 2023	958495	123	0	0
Nov 11, 2023	965502	141	0	0
Nov 12, 2023	973022	122	0	0
Nov 13, 2023	979897	133	0	0
Nov 14, 2023	987485	136	0	0
Nov 15, 2023	973344	124	0	0
Nov 16, 2023	973815	133	0	0
Nov 17, 2023	986328	107	0	0
Nov 18, 2023	988840	97	0	0
Nov 19, 2023	984892	100	0	0
Nov 20, 2023	982949	98	0	0
Nov 21, 2023	973535	116	0	0
Nov 22, 2023	968150	119	0	0
Nov 23, 2023	968044	98	0	0
Nov 24, 2023	971339	113	0	0
Nov 25, 2023	979881	100	0	0
Nov 26, 2023	987130	122	0	0
Nov 27, 2023	986433	115	0	0
Nov 28, 2023	999087	120	0	0
Nov 29, 2023	987218	119	0	0
Nov 30, 2023	988397	145	0	0
Dec 01, 2023	995356	151	0	0
Dec 02, 2023	1007363	123	0	0
Dec 03, 2023	1017196	131	0	0
Dec 04, 2023	1017329	121	0	0
Dec 05, 2023	1027074	153	0	0
Dec 06, 2023	1029142	145	0	0
Dec 07, 2023	1026766	137	0	0
Dec 08, 2023	1033751	135	0	0
Dec 09, 2023	1048179	131	0	0
Dec 10, 2023	1061794	124	0	0
Dec 11, 2023	1072597	154	0	0
Dec 12, 2023	1084119	164	0	0
Dec 13, 2023	1072827	133	0	0
Dec 14, 2023	1075095	149	0	0
Dec 15, 2023	1085229	141	0	0
Dec 16, 2023	1101236	132	0	0
Dec 17, 2023	1117144	126	0	0
Dec 18, 2023	1132987	152	0	0
Dec 19, 2023	1148711	151	0	0
Dec 20, 2023	1143883	165	0	0
Dec 21, 2023	1148659	165	0	0
Dec 22, 2023	1163749	139	0	0
Dec 23, 2023	1186134	121	0	0
Dec 24, 2023	1196138	126	0	0
Dec 25, 2023	1210630	109	0	0
Dec 26, 2023	1217143	166	0	0
Dec 27, 2023	1232300	148	0	0
Dec 28, 2023	1216958	154	0	0
Dec 29, 2023	1236622	169	0	0
Dec 30, 2023	1253145	129	0	0
Dec 31, 2023	1273200	153	0	0
Jan 01, 2024	1282671	147	0	0
Jan 02, 2024	1297731	213	0	0
Jan 03, 2024	1284091	184	0	0
Jan 04, 2024	1282063	205	0	0
Jan 05, 2024	1283432	198	0	0
Jan 06, 2024	1296489	164	0	0
Jan 07, 2024	1313968	165	0	0
Jan 08, 2024	1331330	223	0	0
Jan 09, 2024	1351899	230	0	0
Jan 10, 2024	1334003	212	0	0
Jan 11, 2024	1328141	202	0	0
Jan 12, 2024	1345780	209	0	0
Jan 13, 2024	1336365	178	0	0
Jan 14, 2024	1352874	159	0	0
Jan 15, 2024	1369122	172	0	0
Jan 16, 2024	1378131	259	0	0
Jan 17, 2024	1364215	221	0	0
Jan 18, 2024	1351777	218	0	0
Jan 19, 2024	1356853	214	0	0
Jan 20, 2024	1372059	175	0	0
Jan 21, 2024	1376997	164	0	0
Jan 22, 2024	1385331	213	0	0
Jan 23, 2024	1388724	204	0	0
Jan 24, 2024	1359979	234	0	0
Jan 25, 2024	1351106	212	0	0
Jan 26, 2024	1357396	214	0	0
Jan 27, 2024	1372337	177	0	0
Jan 28, 2024	1372053	158	0	0
Jan 29, 2024	1380390	218	0	0
Jan 30, 2024	1383451	201	0	0
Jan 31, 2024	1373379	199	0	0
Feb 01, 2024	1362221	188	0	0
Feb 02, 2024	1377366	156	0	0
Feb 03, 2024	1367052	168	0	0
Feb 04, 2024	1379997	158	0	0
Feb 05, 2024	1388864	160	0	0
Feb 06, 2024	1397074	175	0	0
Feb 07, 2024	1349643	157	0	0
Feb 08, 2024	1359613	145	0	0
Feb 09, 2024	1371269	150	0	0
Feb 10, 2024	1382558	158	0	0
Feb 11, 2024	1370590	122	0	0
Feb 12, 2024	1331785	115	0	0
Feb 13, 2024	1295376	180	0	0
Feb 14, 2024	1276501	125	0	0
Feb 15, 2024	1245195	110	0	0
Feb 16, 2024	1192432	112	0	0
Feb 17, 2024	1191843	99	0	0
Feb 18, 2024	1186464	82	0	0
Feb 19, 2024	1179390	90	0	0
Feb 20, 2024	1183735	93	0	0
Feb 21, 2024	1172206	101	0	0
Feb 22, 2024	1167790	138	0	0
Feb 23, 2024	1170933	156	0	0
Feb 24, 2024	1174786	117	0	0
Feb 25, 2024	1181018	109	0	0
Feb 26, 2024	1179107	108	0	0
Feb 27, 2024	1153725	139	0	0
Feb 28, 2024	1111808	111	0	0
Feb 29, 2024	1102044	118	0	0
Mar 01, 2024	1091689	116	0	0
Mar 02, 2024	1087970	104	0	0
Mar 03, 2024	1086231	90	0	0
Mar 04, 2024	1079693	94	0	0
Mar 05, 2024	1077684	101	0	0
Mar 06, 2024	1046585	86	0	0
Mar 07, 2024	1041030	70	0	0
Mar 08, 2024	1027382	102	0	0
Mar 09, 2024	1033358	72	0	0
Mar 10, 2024	1036670	71	0	0
Mar 11, 2024	1035225	65	0	0
Mar 12, 2024	1028903	102	0	0
Mar 13, 2024	998201	84	0	0
Mar 14, 2024	986662	61	0	0
Mar 15, 2024	967479	59	0	0
Mar 16, 2024	971373	59	0	0
Mar 17, 2024	973381	49	0	0
Mar 18, 2024	950993	53	0	0
Mar 19, 2024	951106	68	0	0
Mar 20, 2024	917349	40	0	0
Mar 21, 2024	908989	18	0	0
Mar 22, 2024	882218	3	0	0
Mar 23, 2024	881785	3	0	0
