Feb 15, 2020	5	null	null	null
Feb 16, 2020	5	0	0	0
Feb 17, 2020	5	0	1	0
Feb 18, 2020	5	0	2	0
Feb 19, 2020	5	0	0	0
Feb 20, 2020	6	0	0	0
Feb 21, 2020	8	0	0	0
Feb 22, 2020	10	0	3	0
Feb 23, 2020	11	0	0	0
Feb 24, 2020	11	0	1	0
Feb 25, 2020	7	0	0	2
Feb 26, 2020	8	0	0	4
Feb 27, 2020	8	0	0	19
Feb 28, 2020	10	0	0	18
Feb 29, 2020	10	0	1	39
Mar 01, 2020	13	0	0	27
Mar 02, 2020	17	0	0	56
Mar 03, 2020	17	0	0	20
Mar 04, 2020	30	0	0	67
Mar 05, 2020	36	0	0	126
Mar 06, 2020	39	0	0	209
Mar 07, 2020	49	5	0	269
Mar 08, 2020	58	3	0	236
Mar 09, 2020	68	11	0	185
Mar 10, 2020	91	3	0	338
Mar 11, 2020	101	15	0	452
Mar 12, 2020	127	13	0	540
Mar 13, 2020	169	18	0	714
Mar 14, 2020	215	12	0	761
Mar 15, 2020	263	36	0	840
Mar 16, 2020	362	21	0	1100
Mar 17, 2020	414	27	590	997
Mar 18, 2020	534	89	0	1277
Mar 19, 2020	686	108	693	1691
Mar 20, 2020	854	78	292	1469
Mar 21, 2020	994	112	0	1678
Mar 22, 2020	1475	112	613	1417
Mar 23, 2020	1715	186	0	3488
Mar 24, 2020	2132	240	1081	2224
Mar 25, 2020	2478	231	619	2662
Mar 26, 2020	2790	365	1048	3564
Mar 27, 2020	3109	299	752	3462
Mar 28, 2020	3358	319	0	4191
Mar 29, 2020	3796	292	1502	2362
Mar 30, 2020	4083	418	725	3977
Mar 31, 2020	4278	498	1517	6887
Apr 01, 2020	4552	508	1491	4418
Apr 02, 2020	4574	1354	1493	1923
Apr 03, 2020	4707	1119	1580	4755
Apr 04, 2020	4799	1052	1430	3877
Apr 05, 2020	4503	517	745	1703
Apr 06, 2020	3317	832	1067	3555
Apr 07, 2020	3292	1416	2087	3432
Apr 08, 2020	3068	540	1917	3526
Apr 09, 2020	2973	1339	1952	3895
Apr 10, 2020	2928	986	1726	3946
Apr 11, 2020	2888	634	1459	2829
Apr 12, 2020	2837	561	795	1466
Apr 13, 2020	2719	574	532	2428
Apr 14, 2020	2664	761	1087	4996
Apr 15, 2020	2608	1437	2150	2393
Apr 16, 2020	2580	752	1857	2400
Apr 17, 2020	2556	760	1608	368
Apr 18, 2020	2255	641	1563	2335
Apr 19, 2020	2235	395	595	714
Apr 20, 2020	2203	546	831	1864
Apr 21, 2020	1812	530	1772	2423
Apr 22, 2020	1583	543	1476	1661
Apr 23, 2020	1481	515	1431	1502
Apr 24, 2020	1406	389	1405	1611
Apr 25, 2020	1189	369	1101	1397
Apr 26, 2020	1042	242	309	419
Apr 27, 2020	1005	436	610	3420
Apr 28, 2020	970	367	1373	1381
Apr 29, 2020	944	426	1342	1675
Apr 30, 2020	904	289	1248	1061
May 01, 2020	885	218	736	563
May 02, 2020	854	166	350	740
May 03, 2020	849	135	222	287
May 04, 2020	828	306	587	537
May 05, 2020	823	330	1365	1029
May 06, 2020	755	278	1236	3898
May 07, 2020	726	178	1055	586
May 08, 2020	702	243	815	598
May 09, 2020	662	80	4206	403
May 10, 2020	645	70	4272	195
May 11, 2020	636	263	2851	425
May 12, 2020	608	348	1265	659
May 13, 2020	578	83	2590	473
May 14, 2020	567	351	5146	580
May 15, 2020	560	104	2529	524
May 16, 2020	548	96	2468	347
May 17, 2020	553	146	77	112
May 18, 2020	535	131	2361	459
May 19, 2020	523	119	1002	489
May 20, 2020	500	110	1941	389
May 21, 2020	477	83	2584	296
May 22, 2020	481	74	1753	366
May 23, 2020	477	43	1610	233
May 24, 2020	470	35	1738	107
May 25, 2020	451	65	1267	334
May 26, 2020	445	98	3800	257
May 27, 2020	436	66	520	178
May 28, 2020	439	66	532	3098
May 29, 2020	453	52	351	556
May 30, 2020	439	57	138	1703
May 31, 2020	444	31	394	239
Jun 01, 2020	448	31	628	315
Jun 02, 2020	460	107	366	283
Jun 03, 2020	452	81	499	330
Jun 04, 2020	436	44	480	720
Jun 05, 2020	431	46	301	573
Jun 06, 2020	425	31	81	543
Jun 07, 2020	418	13	446	322
Jun 08, 2020	421	54	435	198
Jun 09, 2020	410	87	302	378
Jun 10, 2020	395	23	273	511
Jun 11, 2020	288	27	339	399
Jun 12, 2020	125	28	205	681
Jun 13, 2020	118	24	83	494
Jun 14, 2020	109	9	325	382
Jun 15, 2020	112	29	228	143
Jun 16, 2020	117	111	67	323
Jun 17, 2020	135	28	3070	430
Jun 18, 2020	149	28	528	438
Jun 19, 2020	162	14	1689	761
Jun 20, 2020	181	16	223	602
Jun 21, 2020	197	7	308	267
Jun 22, 2020	203	23	260	350
Jun 23, 2020	207	57	273	485
Jun 24, 2020	227	11	709	76
Jun 25, 2020	158	21	552	0
Jun 26, 2020	179	26	517	1490
Jun 27, 2020	200	8	314	490
Jun 28, 2020	227	9	189	490
Jun 29, 2020	284	18	360	263
Jun 30, 2020	315	30	481	508
Jul 01, 2020	362	18	381	861
Jul 02, 2020	405	14	667	618
Jul 03, 2020	430	18	476	546
Jul 04, 2020	494	7	375	526
Jul 05, 2020	534	7	136	600
Jul 06, 2020	636	13	310	165
Jul 07, 2020	760	13	417	446
Jul 08, 2020	849	32	406	622
Jul 09, 2020	920	14	747	583
Jul 10, 2020	1160	25	577	617
Jul 11, 2020	1237	4	263	628
Jul 12, 2020	1468	3	347	627
Jul 13, 2020	1601	18	467	270
Jul 14, 2020	1798	71	5	480
Jul 15, 2020	1939	20	-20	390
Jul 16, 2020	2134	18	1472	501
Jul 17, 2020	2462	14	476	785
Jul 18, 2020	2612	9	481	812
Jul 19, 2020	2844	8	255	812
Jul 20, 2020	2926	8	500	328
Jul 21, 2020	3159	13	848	548
Jul 22, 2020	3428	7	611	937
Jul 23, 2020	3655	10	536	997
Jul 24, 2020	3762	10	516	1060
Jul 25, 2020	4017	4	596	956
Jul 26, 2020	4258	4	161	955
Jul 27, 2020	4563	9	437	482
Jul 28, 2020	4803	14	608	680
Jul 29, 2020	4883	15	568	1306
Jul 30, 2020	5432	16	601	1292
Jul 31, 2020	5794	11	617	1263
Aug 01, 2020	5979	3	624	0
Aug 02, 2020	6383	4	266	2646
Aug 03, 2020	6553	22	458	522
Aug 04, 2020	6770	2	388	975
Aug 05, 2020	7280	9	492	1591
Aug 06, 2020	7503	7	778	1505
Aug 07, 2020	7689	12	800	2147
Aug 08, 2020	7849	1	811	1910
Aug 09, 2020	7892	1	327	1909
Aug 10, 2020	7907	14	534	737
Aug 11, 2020	7927	14	923	1311
Aug 12, 2020	7926	17	980	2369
Aug 13, 2020	7908	17	1043	2505
Aug 14, 2020	7916	17	939	2671
Aug 15, 2020	7910	4	951	3106
Aug 16, 2020	7701	1	481	2829
Aug 17, 2020	7499	24	656	463
Aug 18, 2020	7289	17	1289	2100
Aug 19, 2020	7168	17	1275	3544
Aug 20, 2020	4918	12	1251	4477
Aug 21, 2020	4475	23	-23	4304
Aug 22, 2020	4353	9	2637	3380
Aug 23, 2020	4065	1	521	4596
Aug 24, 2020	3780	15	960	1835
Aug 25, 2020	3688	16	1575	3101
Aug 26, 2020	3515	0	1505	5095
Aug 27, 2020	3327	32	2115	5735
Aug 28, 2020	3160	20	1890	6925
Aug 29, 2020	3018	6	1903	5117
Aug 30, 2020	2868	4	733	5080
Aug 31, 2020	2651	29	1282	2892
Sep 01, 2020	2554	26	2343	4675
Sep 02, 2020	2449	25	2480	6585
Sep 03, 2020	2327	0	2671	6716
Sep 04, 2020	2083	0	3106	8423
Sep 05, 2020	1979	12	2817	8024
Sep 06, 2020	1895	3	460	6636
Sep 07, 2020	1791	25	2075	3944
Sep 08, 2020	1701	38	3506	6141
Sep 09, 2020	1633	30	4447	8049
Sep 10, 2020	1498	19	4285	9237
Sep 11, 2020	1354	80	3300	8827
Sep 12, 2020	1273	17	4579	9911
Sep 13, 2020	1184	6	1829	6741
Sep 14, 2020	1104	34	3067	5779
Sep 15, 2020	1068	49	5046	7369
Sep 16, 2020	1019	46	5689	9182
Sep 17, 2020	976	50	6875	9941
Sep 18, 2020	943	153	4964	12402
Sep 19, 2020	850	26	5054	12667
Sep 20, 2020	756	11	2881	9918
Sep 21, 2020	668	53	4622	4972
Sep 22, 2020	625	78	6507	9392
Sep 23, 2020	541	43	6673	12267
Sep 24, 2020	513	52	8371	15105
Sep 25, 2020	456	150	7874	14825
Sep 26, 2020	416	39	6597	13525
Sep 27, 2020	370	27	3917	10438
Sep 28, 2020	322	81	6060	3819
Sep 29, 2020	178	85	7964	7555
Sep 30, 2020	180	63	9174	12054
Oct 01, 2020	184	63	8764	13110
Oct 02, 2020	171	130	9781	11400
Oct 03, 2020	147	49	6692	15927
Oct 04, 2020	153	32	5747	11792
Oct 05, 2020	149	69	7300	4771
Oct 06, 2020	158	66	9116	9843
Oct 07, 2020	142	80	9861	17592
Oct 08, 2020	162	76	12326	17013
Oct 09, 2020	166	109	12558	19087
Oct 10, 2020	166	54	9864	25240
Oct 11, 2020	169	46	4926	15110
Oct 12, 2020	173	95	9297	7981
Oct 13, 2020	196	108	12159	12193
Oct 14, 2020	205	104	15001	21200
Oct 15, 2020	213	88	14737	28736
Oct 16, 2020	197	178	13347	23542
Oct 17, 2020	201	89	10349	30431
Oct 18, 2020	185	85	3734	28000
Oct 19, 2020	170	146	7409	12428
Oct 20, 2020	185	262	11792	19208
Oct 21, 2020	179	163	12947	25034
Oct 22, 2020	180	162	11238	39060
Oct 23, 2020	167	298	15629	39445
Oct 24, 2020	158	137	11655	42626
Oct 25, 2020	158	116	4655	48808
Oct 26, 2020	156	257	9586	25123
Oct 27, 2020	158	523	17069	31360
Oct 28, 2020	163	244	16769	34194
Oct 29, 2020	170	235	18852	44705
Oct 30, 2020	153	545	24695	46185
Oct 31, 2020	146	223	14887	33447
Nov 01, 2020	129	231	7750	45258
Nov 02, 2020	118	467	11726	51104
Nov 03, 2020	111	906	20294	35912
Nov 04, 2020	102	437	28299	39880
Nov 05, 2020	107	415	23127	56292
Nov 06, 2020	104	880	29551	58581
Nov 07, 2020	98	356	27644	83324
Nov 08, 2020	89	322	12106	38059
Nov 09, 2020	86	548	18660	20732
Nov 10, 2020	88	857	24177	22632
Nov 11, 2020	91	328	38732	35488
Nov 12, 2020	97	425	39020	32948
Nov 13, 2020	93	932	41694	24147
Nov 14, 2020	89	552	48256	31937
Nov 15, 2020	94	500	24623	27370
Nov 16, 2020	105	704	30656	10645
Nov 17, 2020	108	625	33569	13630
Nov 18, 2020	119	677	44028	26636
Nov 19, 2020	116	681	45504	19848
Nov 20, 2020	114	634	32813	21473
Nov 21, 2020	120	390	44868	16780
Nov 22, 2020	122	352	50752	12347
Nov 23, 2020	132	638	35274	4178
Nov 24, 2020	138	592	39288	8591
Nov 25, 2020	128	569	55723	15280
Nov 26, 2020	117	527	58054	12728
Nov 27, 2020	114	581	82743	11692
Nov 28, 2020	108	316	37743	11806
Nov 29, 2020	109	301	20431	9182
Nov 30, 2020	112	509	22123	3758
Dec 01, 2020	106	466	35022	7585
Dec 02, 2020	102	425	32523	13198
Dec 03, 2020	104	439	23708	11914
Dec 04, 2020	100	397	31540	10530
Dec 05, 2020	100	327	27043	12127
Dec 06, 2020	98	287	10358	10344
Dec 07, 2020	98	480	13150	3201
Dec 08, 2020	102	491	26145	12869
Dec 09, 2020	100	403	19445	13697
Dec 10, 2020	96	400	21073	12904
Dec 11, 2020	100	412	16368	12581
Dec 12, 2020	102	314	12033	13088
Dec 13, 2020	92	271	3907	10823
Dec 14, 2020	90	492	8099	2874
Dec 15, 2020	92	428	14852	10822
Dec 16, 2020	94	407	12321	16531
Dec 17, 2020	99	376	11316	17130
Dec 18, 2020	107	374	11432	14709
Dec 19, 2020	135	294	8888	16484
Dec 20, 2020	171	236	3522	12011
Dec 21, 2020	185	456	7129	5440
Dec 22, 2020	193	487	12711	11069
Dec 23, 2020	206	359	11555	14010
Dec 24, 2020	222	373	10157	20302
Dec 25, 2020	227	242	11885	19015
Dec 26, 2020	237	230	10114	2903
Dec 27, 2020	240	257	2944	8279
Dec 28, 2020	242	447	12422	2778
Dec 29, 2020	221	468	13229	10694
Dec 30, 2020	209	377	12527	24828
Dec 31, 2020	207	325	12256	18700
Jan 01, 2021	208	207	12881	18157
Jan 02, 2021	231	231	10592	3253
Jan 03, 2021	220	191	2683	11720
Jan 04, 2021	227	453	10369	3774
Jan 05, 2021	225	420	16111	19228
Jan 06, 2021	223	387	16743	23817
Jan 07, 2021	208	381	14328	20367
Jan 08, 2021	220	381	16103	18594
Jan 09, 2021	201	264	11747	18935
Jan 10, 2021	189	248	5192	14963
Jan 11, 2021	186	407	10662	3362
Jan 12, 2021	163	452	13558	18536
Jan 13, 2021	167	347	19955	22384
Jan 14, 2021	154	401	18614	19921
Jan 15, 2021	142	399	2504	19962
Jan 16, 2021	153	264	8015	20088
Jan 17, 2021	162	213	2565	15618
Jan 18, 2021	150	475	10219	3506
Jan 19, 2021	147	441	24387	22155
Jan 20, 2021	145	420	18280	25135
Jan 21, 2021	136	456	17701	21442
Jan 22, 2021	122	429	2824	21858
Jan 23, 2021	111	295	11425	22451
Jan 24, 2021	108	237	3537	17301
Jan 25, 2021	112	510	18718	3979
Jan 26, 2021	91	417	23400	20726
Jan 27, 2021	77	505	19862	25259
Jan 28, 2021	72	499	18095	22307
Jan 29, 2021	70	510	18425	21451
Jan 30, 2021	66	322	14641	22890
Jan 31, 2021	61	275	3087	18051
Feb 01, 2021	63	536	18000	4079
Feb 02, 2021	63	485	21899	21900
Feb 03, 2021	63	476	19445	24739
Feb 04, 2021	61	476	19486	22005
Feb 05, 2021	62	413	19675	20776
Feb 06, 2021	63	263	15355	19319
Feb 07, 2021	57	243	3263	18501
Feb 08, 2021	57	530	21625	4051
Feb 09, 2021	54	508	24627	17708
Feb 10, 2021	60	404	21038	23824
Feb 11, 2021	59	468	21390	19766
Feb 12, 2021	63	429	22022	19427
Feb 13, 2021	63	257	17044	19924
Feb 14, 2021	60	226	3753	15527
Feb 15, 2021	58	471	20255	4107
Feb 16, 2021	57	410	24849	18384
Feb 17, 2021	61	391	21916	23478
Feb 18, 2021	55	352	21099	21116
Feb 19, 2021	58	409	22481	22631
Feb 20, 2021	49	213	17838	20994
Feb 21, 2021	49	163	3916	20689
Feb 22, 2021	43	363	21537	4360
Feb 23, 2021	45	341	24398	18829
Feb 24, 2021	41	370	21635	29579
Feb 25, 2021	47	354	20422	23839
Feb 26, 2021	53	379	18940	23655
Feb 27, 2021	54	214	18287	22519
Feb 28, 2021	58	125	3926	18724
Mar 01, 2021	57	404	17304	4413
Mar 02, 2021	66	330	23494	21450
Mar 03, 2021	70	389	19377	25139
Mar 04, 2021	77	360	19067	23723
Mar 05, 2021	84	305	19619	22060
Mar 06, 2021	91	187	15340	21871
Mar 07, 2021	90	147	3960	20482
Mar 08, 2021	88	377	18007	4999
Mar 09, 2021	96	316	23162	21868
Mar 10, 2021	104	295	20821	28438
Mar 11, 2021	115	296	22335	25494
Mar 12, 2021	116	254	20740	23676
Mar 13, 2021	116	192	20497	27927
Mar 14, 2021	110	137	4223	24721
Mar 15, 2021	109	357	18472	6073
Mar 16, 2021	107	338	29241	28130
Mar 17, 2021	117	300	23539	36131
Mar 18, 2021	120	327	23328	32844
Mar 19, 2021	120	362	22157	32911
Mar 20, 2021	117	244	18480	33169
Mar 21, 2021	106	170	4243	28699
Mar 22, 2021	103	402	21048	35259
Mar 23, 2021	99	347	24792	23350
Mar 24, 2021	101	305	23418	31334
Mar 25, 2021	98	285	21775	42831
Mar 26, 2021	101	363	21508	39292
Mar 27, 2021	95	201	20281	39995
Mar 28, 2021	89	142	4857	34736
Mar 29, 2021	92	371	21497	26843
Mar 30, 2021	102	348	28090	26580
Mar 31, 2021	108	325	25169	39327
Apr 01, 2021	114	314	23362	47541
Apr 02, 2021	122	304	27623	43804
Apr 03, 2021	123	213	24508	18571
Apr 04, 2021	116	185	5888	57172
Apr 05, 2021	119	197	27933	11576
Apr 06, 2021	115	414	35717	54241
Apr 07, 2021	122	431	32413	28890
Apr 08, 2021	109	374	32537	14892
Apr 09, 2021	95	301	32868	38704
Apr 10, 2021	92	179	28520	40620
Apr 11, 2021	83	176	35083	32747
Apr 12, 2021	86	385	22965	8011
Apr 13, 2021	96	351	30983	36705
Apr 14, 2021	107	303	42528	40827
Apr 15, 2021	112	302	38990	35703
Apr 16, 2021	120	313	39682	34199
Apr 17, 2021	128	189	34547	33653
Apr 18, 2021	137	140	26703	27538
Apr 19, 2021	155	489	26091	6847
Apr 20, 2021	163	346	38981	39882
Apr 21, 2021	176	313	47228	32815
Apr 22, 2021	183	283	43521	32205
Apr 23, 2021	202	332	18239	30349
Apr 24, 2021	207	217	56955	30624
Apr 25, 2021	197	152	11424	22959
Apr 26, 2021	211	405	53836	5586
Apr 27, 2021	220	333	28557	28451
Apr 28, 2021	230	322	14570	29598
Apr 29, 2021	236	313	38391	24904
Apr 30, 2021	242	276	40344	22803
May 01, 2021	234	195	32552	24090
May 02, 2021	224	116	7895	9279
May 03, 2021	202	315	36390	3529
May 04, 2021	194	247	40580	22871
May 05, 2021	199	252	35451	24400
May 06, 2021	191	227	33972	20375
May 07, 2021	172	235	33418	17947
May 08, 2021	157	179	27359	19468
May 09, 2021	137	119	6728	8566
May 10, 2021	130	296	39586	3089
May 11, 2021	126	240	32575	18573
May 12, 2021	121	184	32021	20175
May 13, 2021	114	131	30218	18263
May 14, 2021	105	173	30451	6593
May 15, 2021	102	122	22837	14719
May 16, 2021	89	91	5495	13089
May 17, 2021	81	206	28245	3144
May 18, 2021	82	198	29400	16151
May 19, 2021	75	146	24763	17877
May 20, 2021	66	138	22803	15415
May 21, 2021	62	113	23947	12800
May 22, 2021	57	95	9166	12611
May 23, 2021	56	76	3440	9704
May 24, 2021	62	68	22801	2229
May 25, 2021	63	203	24320	3155
May 26, 2021	73	153	20172	12646
May 27, 2021	85	151	17803	13933
May 28, 2021	85	107	19308	11268
May 29, 2021	92	69	8459	10675
May 30, 2021	101	46	3021	8541
May 31, 2021	106	128	18529	1211
Jun 01, 2021	114	129	20044	9848
Jun 02, 2021	119	98	18134	8743
Jun 03, 2021	118	72	6469	8161
Jun 04, 2021	120	84	14673	6953
Jun 05, 2021	110	57	13005	6654
Jun 06, 2021	112	26	3087	5070
Jun 07, 2021	121	65	16126	1166
Jun 08, 2021	121	73	17811	6016
Jun 09, 2021	112	66	15342	5557
Jun 10, 2021	119	70	12735	4475
Jun 11, 2021	111	71	12540	3871
Jun 12, 2021	107	34	9604	3972
Jun 13, 2021	111	13	2195	2855
Jun 14, 2021	112	63	3171	689
Jun 15, 2021	114	80	12583	3235
Jun 16, 2021	116	50	13853	3058
Jun 17, 2021	108	62	11224	2044
Jun 18, 2021	109	56	10607	3181
Jun 19, 2021	112	22	8485	2624
Jun 20, 2021	106	14	1189	1815
Jun 21, 2021	127	40	9834	487
Jun 22, 2021	129	51	8703	2204
Jun 23, 2021	130	33	8110	2320
Jun 24, 2021	146	44	6920	2007
Jun 25, 2021	150	33	6610	1986
Jun 26, 2021	165	16	5037	2128
Jun 27, 2021	196	21	1154	1578
Jun 28, 2021	215	48	5999	509
Jun 29, 2021	239	33	5501	2314
Jun 30, 2021	277	25	4442	2457
Jul 01, 2021	285	29	3846	2664
Jul 02, 2021	315	24	3943	2683
Jul 03, 2021	350	17	2831	3006
Jul 04, 2021	343	9	672	2549
Jul 05, 2021	374	36	3226	796
Jul 06, 2021	369	34	3022	3585
Jul 07, 2021	356	28	2010	4081
Jul 08, 2021	369	25	3153	4442
Jul 09, 2021	381	18	2599	4580
Jul 10, 2021	396	19	1797	4696
Jul 11, 2021	449	4	468	4256
Jul 12, 2021	527	28	2200	1260
Jul 13, 2021	577	54	2292	6950
Jul 14, 2021	660	6	1953	8875
Jul 15, 2021	698	16	1980	3617
Jul 16, 2021	782	22	2112	10908
Jul 17, 2021	888	16	1556	10949
Jul 18, 2021	971	5	493	12532
Jul 19, 2021	1041	20	2309	4151
Jul 20, 2021	1089	33	2437	18181
Jul 21, 2021	1139	29	2631	21539
Jul 22, 2021	1174	11	2654	21909
Jul 23, 2021	1229	26	2995	19561
Jul 24, 2021	1291	25	2523	25624
Jul 25, 2021	1366	7	771	15242
Jul 26, 2021	1414	50	3579	5307
Jul 27, 2021	1460	31	4036	26871
Jul 28, 2021	1534	44	4414	27934
Jul 29, 2021	1670	32	4540	25190
Jul 30, 2021	1732	66	4667	24309
Jul 31, 2021	1811	47	4196	23471
Aug 01, 2021	1905	20	1217	19600
Aug 02, 2021	1976	56	6932	5184
Aug 03, 2021	2022	63	8824	26829
Aug 04, 2021	2110	59	3560	28784
Aug 05, 2021	2239	57	10855	26460
Aug 06, 2021	2354	66	10897	25077
Aug 07, 2021	2501	35	12472	25755
Aug 08, 2021	2532	33	4119	20450
Aug 09, 2021	2647	75	18151	5775
Aug 10, 2021	2805	75	21471	28576
Aug 11, 2021	2913	60	21841	30920
Aug 12, 2021	3056	85	19507	28554
Aug 13, 2021	3246	82	25547	26453
Aug 14, 2021	3478	56	15168	24427
Aug 15, 2021	3621	49	5256	21172
Aug 16, 2021	3823	107	26827	5829
Aug 17, 2021	3946	123	27837	28114
Aug 18, 2021	4323	124	25079	28405
Aug 19, 2021	4763	140	24197	23973
Aug 20, 2021	5079	92	23344	22319
Aug 21, 2021	5589	89	19517	22636
Aug 22, 2021	6107	49	5103	17300
Aug 23, 2021	6570	119	26785	5166
Aug 24, 2021	6900	169	28676	24853
Aug 25, 2021	7418	102	26307	23706
Aug 26, 2021	8002	110	24984	19683
Aug 27, 2021	8481	109	25432	18249
Aug 28, 2021	8914	85	20355	17590
Aug 29, 2021	9470	61	5701	13630
Aug 30, 2021	10100	112	28523	3795
Aug 31, 2021	10441	136	30822	19425
Sep 01, 2021	10766	86	28418	17621
Sep 02, 2021	11332	103	26320	15911
Sep 03, 2021	12124	93	24324	13466
Sep 04, 2021	12867	83	21079	13336
Sep 05, 2021	13398	49	5746	10410
Sep 06, 2021	13953	102	28065	3042
Sep 07, 2021	14296	152	28303	14534
Sep 08, 2021	14658	100	23821	12828
Sep 09, 2021	15015	103	22219	10969
Sep 10, 2021	15630	80	22533	9966
Sep 11, 2021	16409	46	17220	9601
Sep 12, 2021	16586	29	5120	7679
Sep 13, 2021	16654	86	24824	2062
Sep 14, 2021	16488	147	23620	10327
Sep 15, 2021	16480	79	19536	9144
Sep 16, 2021	16784	65	18170	8128
Sep 17, 2021	17099	66	17525	7373
Sep 18, 2021	17261	42	13564	7414
Sep 19, 2021	17115	28	3753	5814
Sep 20, 2021	16727	68	19397	1515
Sep 21, 2021	16305	153	17553	7851
Sep 22, 2021	16312	58	15758	6794
Sep 23, 2021	16403	62	13408	6229
Sep 24, 2021	16592	49	13274	5879
Sep 25, 2021	16801	29	10361	6012
Sep 26, 2021	16679	14	3013	4706
Sep 27, 2021	16381	92	14520	1309
Sep 28, 2021	16411	60	12736	6765
Sep 29, 2021	16637	42	10909	5835
Sep 30, 2021	17539	56	9924	5204
Oct 01, 2021	17966	46	9545	4935
Oct 02, 2021	18436	30	7633	4948
Oct 03, 2021	18699	9	2032	3744
Oct 04, 2021	18946	50	10318	1138
Oct 05, 2021	19456	75	9094	5558
Oct 06, 2021	19741	34	8053	4946
Oct 07, 2021	20447	34	7339	4615
Oct 08, 2021	21052	38	7380	4470
Oct 09, 2021	21757	15	5776	4734
Oct 10, 2021	21732	8	1500	3991
Oct 11, 2021	21795	30	7843	1120
Oct 12, 2021	21472	68	6764	5880
Oct 13, 2021	21461	23	6161	5578
Oct 14, 2021	22113	38	5856	5187
Oct 15, 2021	22307	34	5974	6099
Oct 16, 2021	22586	15	4672	4899
Oct 17, 2021	22473	5	1294	3778
Oct 18, 2021	22102	41	6760	1057
Oct 19, 2021	21598	49	5794	5934
Oct 20, 2021	21354	21	5155	6036
Oct 21, 2021	21775	35	4914	6127
Oct 22, 2021	22318	29	4913	6366
Oct 23, 2021	22310	23	3715	6291
Oct 24, 2021	21811	4	1115	5005
Oct 25, 2021	20931	41	5554	1295
Oct 26, 2021	20419	47	4905	6603
Oct 27, 2021	20080	34	4568	6528
Oct 28, 2021	20087	33	4436	6461
Oct 29, 2021	19966	27	4701	6433
Oct 30, 2021	19422	22	3964	7360
Oct 31, 2021	18018	12	1098	6329
Nov 01, 2021	17240	6	5868	1866
Nov 02, 2021	16342	74	5572	2039
Nov 03, 2021	15306	39	5113	10050
Nov 04, 2021	15164	47	6060	9502
Nov 05, 2021	14963	26	4852	8998
Nov 06, 2021	14751	25	3752	9605
Nov 07, 2021	14015	10	1032	8547
Nov 08, 2021	13415	55	5924	2197
Nov 09, 2021	13150	58	5981	12476
Nov 10, 2021	13247	33	6069	11883
Nov 11, 2021	13230	17	6333	12603
Nov 12, 2021	13489	48	6274	3860
Nov 13, 2021	13835	16	4957	14646
Nov 14, 2021	13404	17	1279	12496
Nov 15, 2021	12856	70	6586	3241
Nov 16, 2021	12345	47	6458	19778
Nov 17, 2021	12196	50	6414	20294
Nov 18, 2021	12204	52	6383	20366
Nov 19, 2021	12406	50	7308	21220
Nov 20, 2021	12559	23	6279	22678
Nov 21, 2021	12474	15	1843	19749
Nov 22, 2021	12285	94	2024	5266
Nov 23, 2021	11834	98	9956	30454
Nov 24, 2021	12183	81	9404	32591
Nov 25, 2021	12696	43	8917	33464
Nov 26, 2021	13291	60	9562	34436
Nov 27, 2021	13536	34	8487	37218
Nov 28, 2021	13493	23	2163	31648
Nov 29, 2021	13163	122	12453	8279
Nov 30, 2021	12908	115	11761	47177
Dec 01, 2021	12858	96	12488	49610
Dec 02, 2021	13344	103	3764	48416
Dec 03, 2021	13853	127	14543	49858
Dec 04, 2021	14085	49	12369	51624
Dec 05, 2021	13814	29	3192	42252
Dec 06, 2021	13477	192	19749	11308
Dec 07, 2021	13441	172	20102	59019
Dec 08, 2021	13897	133	20194	61340
Dec 09, 2021	14374	136	21087	56854
Dec 10, 2021	14987	150	-136	55339
Dec 11, 2021	15311	65	42277	53720
Dec 12, 2021	15151	48	5201	43848
Dec 13, 2021	15440	243	30406	12036
Dec 14, 2021	15751	158	32348	63405
Dec 15, 2021	17242	151	33306	65713
Dec 16, 2021	19316	188	34285	60866
Dec 17, 2021	21610	162	37030	58128
Dec 18, 2021	23875	85	31486	58536
Dec 19, 2021	26095	75	8194	48473
Dec 20, 2021	28265	224	47102	15075
Dec 21, 2021	30964	229	49386	72832
Dec 22, 2021	35019	170	48187	84272
Dec 23, 2021	41638	179	49688	91608
Dec 24, 2021	48485	167	51445	94124
Dec 25, 2021	55443	84	42085	104611
Dec 26, 2021	61299	96	11224	27697
Dec 27, 2021	67384	256	58923	30383
Dec 28, 2021	74426	290	61084	179807
Dec 29, 2021	88271	184	56564	208099
Dec 30, 2021	105089	180	55155	206243
Dec 31, 2021	132634	189	53540	232200
Jan 01, 2022	161340	110	43659	219126
Jan 02, 2022	184298	91	11926	58432
Jan 03, 2022	211530	270	63314	67461
Jan 04, 2022	248264	351	65443	271686
Jan 05, 2022	301814	246	60515	332252
Jan 06, 2022	362216	204	57882	261481
Jan 07, 2022	426863	193	58332	328214
Jan 08, 2022	517649	142	48280	303669
Jan 09, 2022	573640	90	14933	296097
Jan 10, 2022	604545	280	72742	93896
Jan 11, 2022	658690	341	83992	368149
Jan 12, 2022	728243	246	91267	361719
Jan 13, 2022	838860	225	93878	305322
Jan 14, 2022	918996	191	104386	329371
Jan 15, 2022	954788	148	27506	324580
Jan 16, 2022	968444	98	30235	278129
Jan 17, 2022	964668	296	179709	102144
Jan 18, 2022	927114	375	207803	464769
Jan 19, 2022	927872	231	205868	436167
Jan 20, 2022	938657	245	231969	425183
Jan 21, 2022	913039	233	218881	400851
Jan 22, 2022	865778	167	58199	389320
Jan 23, 2022	766790	115	67294	301614
Jan 24, 2022	679830	393	271571	108481
Jan 25, 2022	626903	467	331859	501635
Jan 26, 2022	594225	258	261014	428008
Jan 27, 2022	566756	268	327956	392168
Jan 28, 2022	535757	263	303401	353503
Jan 29, 2022	498001	178	295834	332398
Jan 30, 2022	460236	127	93718	249448
Jan 31, 2022	428918	348	368022	82657
Feb 01, 2022	407719	381	361371	416896
Feb 02, 2022	399862	276	304941	315363
Feb 03, 2022	396607	264	329095	274352
Feb 04, 2022	381832	355	324316	241049
Feb 05, 2022	359371	170	277774	214542
Feb 06, 2022	337893	129	101974	155439
Feb 07, 2022	320315	417	464640	46001
Feb 08, 2022	307773	691	435750	235267
Feb 09, 2022	301834	283	412530	179614
Feb 10, 2022	298741	310	412530	153025
Feb 11, 2022	295158	329	389010	131376
Feb 12, 2022	274476	161	301285	118611
Feb 13, 2022	260981	107	108320	86562
Feb 14, 2022	249127	385	501528	26475
Feb 15, 2022	244448	390	427623	142253
Feb 16, 2022	249651	276	391778	98735
Feb 17, 2022	254269	287	353227	92345
Feb 18, 2022	252089	304	332111	82553
Feb 19, 2022	243521	148	249144	76638
Feb 20, 2022	232088	114	82509	59003
Feb 21, 2022	220103	283	416896	17195
Feb 22, 2022	225012	285	319295	97382
Feb 23, 2022	228460	213	269738	66833
Feb 24, 2022	234542	281	240836	66732
Feb 25, 2022	234392	188	214261	58138
Feb 26, 2022	227832	101	155251	53623
Feb 27, 2022	218845	76	45900	42600
Feb 28, 2022	212506	232	235191	13483
Mar 01, 2022	215488	209	179382	79794
Mar 02, 2022	223120	186	152816	57697
Mar 03, 2022	241135	180	131190	60225
Mar 04, 2022	240953	181	118431	57789
Mar 05, 2022	236951	120	86381	53678
Mar 06, 2022	230947	32	26355	45328
Mar 07, 2022	228294	176	142221	14496
Mar 08, 2022	248799	167	98559	93050
Mar 09, 2022	263424	155	92178	69190
Mar 10, 2022	281874	107	82398	74818
Mar 11, 2022	291478	149	76531	72399
Mar 12, 2022	297650	51	58854	72443
Mar 13, 2022	291220	29	17144	60422
Mar 14, 2022	293075	185	97353	18853
Mar 15, 2022	303921	146	66648	116618
Mar 16, 2022	341993	173	66586	108832
Mar 17, 2022	371710	116	57965	101747
Mar 18, 2022	377043	112	53507	97579
Mar 19, 2022	389691	62	42488	98104
Mar 20, 2022	391567	30	13421	81283
Mar 21, 2022	396672	152	79764	24179
Mar 22, 2022	418217	133	57545	180777
Mar 23, 2022	450066	101	60092	145560
Mar 24, 2022	485845	124	57688	148635
Mar 25, 2022	509836	121	53554	143571
Mar 26, 2022	503350	67	45207	139517
Mar 27, 2022	497642	41	14429	110174
Mar 28, 2022	495969	149	93009	29455
Mar 29, 2022	509368	164	69041	217480
Mar 30, 2022	536010	149	74654	169024
Mar 31, 2022	555622	139	72250	169311
Apr 01, 2022	566002	134	72304	148629
Apr 02, 2022	558891	68	60288	132114
Apr 03, 2022	543665	31	18785	102266
Apr 04, 2022	531973	149	116587	27648
Apr 05, 2022	537967	129	108683	203021
Apr 06, 2022	553119	128	101618	161950
Apr 07, 2022	569704	105	97451	158792
Apr 08, 2022	568519	139	97999	148768
Apr 09, 2022	550770	87	81144	141690
Apr 10, 2022	535887	45	24092	107654
Apr 11, 2022	514791	178	180732	25492
Apr 12, 2022	506364	159	145382	190762
Apr 13, 2022	511958	152	148476	146426
Apr 14, 2022	520423	133	143419	137342
Apr 15, 2022	510499	151	139384	125394
Apr 16, 2022	490650	61	110023	111583
Apr 17, 2022	460670	35	29394	86650
Apr 18, 2022	436576	48	217445	19810
Apr 19, 2022	426327	182	168976	25465
Apr 20, 2022	432490	227	169129	155711
Apr 21, 2022	444004	185	148402	104007
Apr 22, 2022	446900	146	131929	88389
Apr 23, 2022	435677	75	102120	80571
Apr 24, 2022	415616	40	27573	58954
Apr 25, 2022	398849	197	202981	13984
Apr 26, 2022	393693	170	161753	97498
Apr 27, 2022	404927	152	158622	67711
Apr 28, 2022	416476	132	148616	59760
Apr 29, 2022	419480	158	141558	52919
Apr 30, 2022	407737	61	107496	49482
May 01, 2022	386309	32	25431	36726
May 02, 2022	369104	180	190730	8737
May 03, 2022	365189	120	146246	67017
May 04, 2022	376119	114	137222	47925
May 05, 2022	399588	122	125280	44225
May 06, 2022	401301	110	111461	40224
May 07, 2022	401511	62	86540	37958
May 08, 2022	390954	54	19748	29324
May 09, 2022	387140	132	25411	7354
May 10, 2022	395595	123	155579	56449
May 11, 2022	419486	96	103884	40299
May 12, 2022	445121	84	88293	36047
May 13, 2022	459088	98	80487	32773
May 14, 2022	462965	74	58856	30459
May 15, 2022	450610	21	13984	22844
May 16, 2022	454249	126	97403	5936
May 17, 2022	476337	90	67585	43727
May 18, 2022	496742	80	59670	29995
May 19, 2022	512873	67	52839	27842
May 20, 2022	514795	65	49415	24332
May 21, 2022	504613	44	36661	22507
May 22, 2022	485995	11	8737	16965
May 23, 2022	468432	82	66962	4386
May 24, 2022	461400	88	47843	32029
May 25, 2022	464948	51	44137	22006
May 26, 2022	469007	28	40173	21234
May 27, 2022	441081	45	37930	4811
May 28, 2022	418262	23	29279	23582
May 29, 2022	390931	14	7354	16440
May 30, 2022	368831	85	56412	4673
May 31, 2022	355866	76	40214	35142
Jun 01, 2022	352225	58	35971	26144
Jun 02, 2022	353150	41	32715	25365
Jun 03, 2022	342319	38	30418	25130
Jun 04, 2022	324235	34	22806	25172
Jun 05, 2022	300769	10	5936	20542
Jun 06, 2022	280148	9	43727	6184
Jun 07, 2022	278584	74	29942	11627
Jun 08, 2022	285339	77	27768	53802
Jun 09, 2022	290751	42	24255	40151
Jun 10, 2022	287542	39	-42	17152
Jun 11, 2022	276000	0	39433	0
Jun 12, 2022	262259	0	4386	79397
Jun 13, 2022	250513	92	32029	8474
Jun 14, 2022	248913	57	21914	65425
Jun 15, 2022	257755	49	21177	51954
Jun 16, 2022	271946	49	4762	53081
Jun 17, 2022	270898	43	23533	50605
Jun 18, 2022	264786	19	-43	50266
Jun 19, 2022	254422	3	16440	40125
Jun 20, 2022	244887	45	39793	11566
Jun 21, 2022	253294	56	26099	95217
Jun 22, 2022	264881	66	25309	77967
Jun 23, 2022	277168	40	25064	79852
Jun 24, 2022	282360	49	25132	79262
Jun 25, 2022	279446	30	-49	80926
Jun 26, 2022	270982	11	20542	66301
Jun 27, 2022	264983	48	17770	17601
Jun 28, 2022	265790	37	53754	147248
Jun 29, 2022	281939	48	40114	124724
Jun 30, 2022	295794	42	17104	133346
Jul 01, 2022	299078	52	-42	125066
Jul 02, 2022	298997	30	-52	122639
Jul 03, 2022	297146	14	79397	96191
Jul 04, 2022	295916	97	73899	24418
Jul 05, 2022	304247	75	51813	206554
Jul 06, 2022	323523	53	53006	154615
Jul 07, 2022	342177	89	50552	161265
Jul 08, 2022	355733	74	50177	140997
Jul 09, 2022	354215	39	-74	116405
Jul 10, 2022	351258	15	40125	110589
Jul 11, 2022	348536	108	106783	24343
Jul 12, 2022	356875	126	77805	182006
Jul 13, 2022	370460	109	79726	127642
Jul 14, 2022	387533	54	79153	119285
Jul 15, 2022	394063	108	80872	23027
Jul 16, 2022	390105	59	66193	124009
Jul 17, 2022	385014	26	17601	73668
Jul 18, 2022	382502	174	147163	17733
Jul 19, 2022	395483	144	124550	134188
Jul 20, 2022	412576	125	133202	89982
Jul 21, 2022	434822	133	124941	80869
Jul 22, 2022	446489	113	122506	74348
Jul 23, 2022	447119	57	96078	68532
Jul 24, 2022	437861	23	24418	50032
Jul 25, 2022	431279	130	206474	11195
Jul 26, 2022	438324	119	154485	87562
Jul 27, 2022	449691	103	161146	58638
Jul 28, 2022	456717	112	140894	51594
Jul 29, 2022	451606	89	116293	45515
Jul 30, 2022	452686	55	110500	41274
Jul 31, 2022	428663	20	24343	31535
Aug 01, 2022	409000	121	181931	7249
Aug 02, 2022	399831	101	127521	54519
Aug 03, 2022	403018	90	119184	38788
Aug 04, 2022	403782	87	22937	33799
Aug 05, 2022	390111	80	123922	30592
Aug 06, 2022	369578	45	73588	28518
Aug 07, 2022	344396	20	17733	21528
Aug 08, 2022	321972	109	134123	5090
Aug 09, 2022	299054	111	89873	38230
Aug 10, 2022	296160	88	80758	27081
Aug 11, 2022	288566	80	74260	24312
Aug 12, 2022	276387	74	68452	22638
Aug 13, 2022	256106	0	49958	21175
Aug 14, 2022	235062	0	11195	16347
Aug 15, 2022	217462	65	87562	4564
Aug 16, 2022	209069	113	58573	6331
Aug 17, 2022	209318	93	51481	35745
Aug 18, 2022	206901	92	45422	23605
Aug 19, 2022	197577	74	41182	20236
Aug 20, 2022	185675	40	31461	19870
Aug 21, 2022	170938	0	7249	14820
Aug 22, 2022	159832	76	54479	4012
Aug 23, 2022	149476	88	38712	28988
Aug 24, 2022	149169	57	33711	21289
Aug 25, 2022	148665	44	30535	19837
Aug 26, 2022	142357	51	28474	18116
Aug 27, 2022	133231	23	21477	17833
Aug 28, 2022	123049	9	5090	14110
Aug 29, 2022	115010	78	38198	3806
Aug 30, 2022	112054	72	27003	27358
Aug 31, 2022	115108	54	24240	19240
Sep 01, 2022	115274	41	22584	18646
Sep 02, 2022	115179	55	21134	16399
Sep 03, 2022	108671	14	16292	15597
Sep 04, 2022	100732	3	4564	12894
Sep 05, 2022	96497	67	6314	3443
Sep 06, 2022	94518	60	35678	26918
Sep 07, 2022	95151	46	23545	20142
Sep 08, 2022	95096	58	20190	19866
Sep 09, 2022	91291	31	19812	19087
Sep 10, 2022	80085	15	14789	19517
Sep 11, 2022	70016	6	4012	16422
Sep 12, 2022	65157	40	28967	4579
Sep 13, 2022	58479	49	21249	41850
Sep 14, 2022	54638	33	19788	33575
Sep 15, 2022	50930	33	18083	33263
Sep 16, 2022	68940	28	17800	28686
Sep 17, 2022	60693	11	14082	33162
Sep 18, 2022	53393	2	3806	23137
Sep 19, 2022	46598	58	27345	5219
Sep 20, 2022	46511	48	19182	51816
Sep 21, 2022	46709	33	18598	38250
Sep 22, 2022	43886	30	16366	38464
Sep 23, 2022	77522	33	15567	37524
Sep 24, 2022	81110	14	12861	38024
Sep 25, 2022	81449	8	3443	31365
Sep 26, 2022	59805	51	26896	7489
Sep 27, 2022	63822	40	20091	73639
Sep 28, 2022	68132	45	19826	53410
Sep 29, 2022	72404	33	19042	51366
Sep 30, 2022	76230	34	19484	48261
Oct 01, 2022	77801	17	16388	46596
Oct 02, 2022	80755	7	4579	37453
Oct 03, 2022	49772	62	41826	8690
Oct 04, 2022	48769	74	33513	89185
Oct 05, 2022	47766	47	33189	66564
Oct 06, 2022	46763	50	28639	65537
Oct 07, 2022	50194	53	33112	61121
Oct 08, 2022	50320	26	23084	57270
Oct 09, 2022	49276	8	5219	42626
Oct 10, 2022	48231	79	51782	9373
Oct 11, 2022	49500	85	38171	94753
Oct 12, 2022	49459	55	38379	67948
Oct 13, 2022	49418	62	37469	64218
Oct 14, 2022	49376	79	37962	58695
Oct 15, 2022	50570	35	31286	55394
Oct 16, 2022	50873	17	7489	41973
Oct 17, 2022	46398	112	73587	9421
Oct 18, 2022	45400	101	53298	87666
Oct 19, 2022	45572	106	51265	63031
Oct 20, 2022	45744	69	48155	56793
Oct 21, 2022	45916	81	46527	49087
Oct 22, 2022	46145	33	37372	43746
Oct 23, 2022	46374	17	8690	31470
Oct 24, 2022	46604	122	89135	6907
Oct 25, 2022	45598	131	66442	59653
Oct 26, 2022	45483	60	65406	41185
Oct 27, 2022	45712	71	61061	37089
Oct 28, 2022	46038	61	57199	25783
Oct 29, 2022	45660	41	42565	22723
Oct 30, 2022	45282	9	9373	16456
Oct 31, 2022	44904	112	94703	3768
Nov 01, 2022	44469	53	67836	29525
Nov 02, 2022	44034	97	64165	5691
Nov 03, 2022	43599	55	58598	42025
Nov 04, 2022	54204	78	55339	29438
Nov 05, 2022	57773	34	41895	26840
Nov 06, 2022	61342	9	0	21178
Nov 07, 2022	64642	109	97044	3645
Nov 08, 2022	68646	117	62922	40591
Nov 09, 2022	72650	72	56676	28702
Nov 10, 2022	76654	53	49015	27068
Nov 11, 2022	82725	33	43693	26353
Nov 12, 2022	89194	15	31437	5577
Nov 13, 2022	95663	2	6907	27155
Nov 14, 2022	91092	100	59636	6017
Nov 15, 2022	93557	110	41085	48971
Nov 16, 2022	96022	71	36979	34878
Nov 17, 2022	98487	87	25712	33331
Nov 18, 2022	100955	74	22636	37177
Nov 19, 2022	104486	75	16382	47088
Nov 20, 2022	108017	6	3768	14204
Nov 21, 2022	109481	94	29444	29335
Nov 22, 2022	110546	89	5597	64772
Nov 23, 2022	111612	84	41936	49188
Nov 24, 2022	112678	60	-84	50530
Nov 25, 2022	113744	68	56218	48629
Nov 26, 2022	117460	29	21110	48331
Nov 27, 2022	121177	8	3645	37675
Nov 28, 2022	124890	95	40554	9304
Nov 29, 2022	127541	88	28607	91814
Nov 30, 2022	130191	91	26980	68382
Dec 01, 2022	132842	76	26262	69253
Dec 02, 2022	139341	67	5501	59008
Dec 03, 2022	142459	38	27088	52908
Dec 04, 2022	145577	10	6017	40006
Dec 05, 2022	148695	104	48923	10591
Dec 06, 2022	149164	117	34774	105516
Dec 07, 2022	149631	93	33214	75752
Dec 08, 2022	150099	62	37084	71597
Dec 09, 2022	153880	94	47026	65509
Dec 10, 2022	151743	62	14110	61482
Dec 11, 2022	152918	30	29335	46422
Dec 12, 2022	150247	167	64680	10878
Dec 13, 2022	150956	138	49021	97037
Dec 14, 2022	151665	114	50392	70224
Dec 15, 2022	152373	106	48515	62541
Dec 16, 2022	157055	131	48225	56361
Dec 17, 2022	156401	45	37544	52544
Dec 18, 2022	155747	35	9304	37264
Dec 19, 2022	151779	178	91734	8213
Dec 20, 2022	153731	130	68204	71212
Dec 21, 2022	152369	127	69123	54613
Dec 22, 2022	151006	120	58881	49517
Dec 23, 2022	153605	158	52788	43766
Dec 24, 2022	142499	58	39848	40744
Dec 25, 2022	135355	24	0	23681
Dec 26, 2022	124237	133	10591	5429
Dec 27, 2022	118456	208	105516	30989
Dec 28, 2022	112675	140	147349	26081
Dec 29, 2022	106893	132	64946	24436
Dec 30, 2022	101111	115	61350	23808
Dec 31, 2022	97687	52	46307	21836
Jan 01, 2023	94262	28	10878	15005
Jan 02, 2023	86876	172	96957	2246
Jan 03, 2023	93195	163	70052	22916
Jan 04, 2023	95553	123	62378	14105
Jan 05, 2023	97909	143	56238	11537
Jan 06, 2023	100266	126	52401	10383
Jan 07, 2023	97713	54	37264	8961
Jan 08, 2023	95160	22	8213	6557
Jan 09, 2023	92607	145	71010	1702
Jan 10, 2023	87696	115	54468	11715
Jan 11, 2023	82787	88	49402	7635
Jan 12, 2023	77876	53	43678	7159
Jan 13, 2023	72966	101	40691	6238
Jan 14, 2023	64705	27	23580	5429
Jan 15, 2023	56445	9	5429	4166
Jan 16, 2023	48184	80	30953	1235
Jan 17, 2023	44832	99	26001	8381
Jan 18, 2023	41482	82	24337	5894
Jan 19, 2023	38131	64	23726	4992
Jan 20, 2023	43607	44	21772	4475
Jan 21, 2023	40350	54	14961	4324
Jan 22, 2023	37094	9	2246	3477
Jan 23, 2023	33837	134	22853	1027
Jan 24, 2023	33932	59	13971	7263
Jan 25, 2023	34026	0	11478	5347
Jan 26, 2023	34120	28	10383	5287
Jan 27, 2023	36858	44	8933	4681
Jan 28, 2023	34546	0	6513	4513
Jan 29, 2023	34878	0	1702	3802
Jan 30, 2023	26384	96	11715	982
Jan 31, 2023	26623	57	7539	6860
Feb 01, 2023	26861	53	7102	4506
Feb 02, 2023	27099	52	6185	4021
Feb 03, 2023	27336	28	0	3618
Feb 04, 2023	27193	21	5429	3312
Feb 05, 2023	27050	0	4166	2632
Feb 06, 2023	24264	40	9616	718
Feb 07, 2023	26527	42	5753	4999
Feb 08, 2023	26145	31	4950	3991
Feb 09, 2023	25763	17	4444	3653
Feb 10, 2023	25377	20	4307	3366
Feb 11, 2023	24691	0	3457	3187
Feb 12, 2023	24004	0	1027	2469
Feb 13, 2023	23318	50	7263	706
Feb 14, 2023	23013	35	5297	4986
Feb 15, 2023	24681	35	5252	3972
Feb 16, 2023	24574	27	4646	4021
Feb 17, 2023	24129	28	4486	3589
Feb 18, 2023	22555	0	3774	4236
Feb 19, 2023	23015	0	982	2999
Feb 20, 2023	23478	47	6860	898
Feb 21, 2023	24241	32	4459	5774
Feb 22, 2023	25006	38	3989	4584
Feb 23, 2023	25770	19	3580	4489
Feb 24, 2023	26534	29	3293	3917
Feb 25, 2023	25106	0	2603	3843
Feb 26, 2023	25453	0	718	2942
Feb 27, 2023	26138	52	4999	841
Feb 28, 2023	27953	34	3939	5651
Mar 01, 2023	27734	25	3619	4525
Mar 02, 2023	27515	21	3341	4196
Mar 03, 2023	27297	21	3166	3194
Mar 04, 2023	27215	0	2448	4013
Mar 05, 2023	27132	0	0	0
Mar 06, 2023	27049	43	5692	953
Mar 07, 2023	27185	0	-43	0
Mar 08, 2023	27321	0	3972	0
Mar 09, 2023	27457	0	4021	0
Mar 10, 2023	27593	90	7825	6188
Mar 11, 2023	28077	0	2909	6072
Mar 12, 2023	28561	0	898	4558
Mar 13, 2023	29045	50	5774	1235
Mar 14, 2023	29392	27	4534	9937
Mar 15, 2023	29740	24	4462	8348
Mar 16, 2023	30088	24	3893	7932
Mar 17, 2023	30435	26	3819	7228
Mar 18, 2023	30960	0	2916	7210
Mar 19, 2023	31486	0	841	5459
Mar 20, 2023	32011	63	5651	1470
Mar 21, 2023	32188	35	4462	11519
Mar 22, 2023	32365	13	4161	9762
Mar 23, 2023	32543	29	3181	9249
Mar 24, 2023	32720	15	3984	8839
Mar 25, 2023	33313	0	-15	8435
Mar 26, 2023	33907	0	953	6211
Mar 27, 2023	34501	65	0	7
Mar 28, 2023	34918	39	-65	12933
Mar 29, 2023	35333	36	-39	10885
Mar 30, 2023	35750	0	-36	0
Mar 31, 2023	36166	69	12260	9211
Apr 01, 2023	36385	0	4489	8455
Apr 02, 2023	36603	0	1235	6027
Apr 03, 2023	36822	58	9937	1453
Apr 04, 2023	36624	0	-58	0
Apr 05, 2023	36426	58	16280	9922
Apr 06, 2023	36229	35	7170	9374
Apr 07, 2023	36031	28	7175	8786
Apr 08, 2023	36356	0	5431	7739
Apr 09, 2023	36681	0	1470	6474
Apr 10, 2023	37006	0	11519	1342
Apr 11, 2023	37528	0	9762	1884
Apr 12, 2023	38050	59	9249	14207
Apr 13, 2023	38573	0	8780	10678
Apr 14, 2023	39096	108	8435	9467
Apr 15, 2023	39705	0	6103	8595
Apr 16, 2023	40313	0	7	5805
Apr 17, 2023	40922	0	12933	1411
Apr 18, 2023	41008	140	10885	10616
Apr 19, 2023	41094	0	-140	8807
Apr 20, 2023	41180	0	9211	8201
Apr 21, 2023	41267	125	8455	7400
Apr 22, 2023	41515	0	5902	6796
Apr 23, 2023	41763	0	1453	5008
Apr 24, 2023	42011	0	0	1185
Apr 25, 2023	42172	136	9922	8895
Apr 26, 2023	42334	0	9238	7490
Apr 27, 2023	42496	0	8786	6609
Apr 28, 2023	42658	131	7739	6144
Apr 29, 2023	42778	0	6343	5642
Apr 30, 2023	42898	0	1342	4030
May 01, 2023	43018	0	1884	1098
May 02, 2023	42976	89	14207	1065
May 03, 2023	42934	0	10589	8715
May 04, 2023	42892	0	9467	6161
May 05, 2023	42851	166	8595	5505
May 06, 2023	43186	0	5639	5103
May 07, 2023	43521	0	1411	3301
May 08, 2023	43856	0	10616	759
May 09, 2023	44232	51	8807	1044
May 10, 2023	44609	0	8150	6708
May 11, 2023	44986	0	0	0
May 12, 2023	45363	108	14196	9003
May 13, 2023	46537	0	4900	3706
May 14, 2023	47711	0	1185	2563
May 15, 2023	48885	0	8895	623
May 16, 2023	49682	82	7490	5118
May 17, 2023	50479	0	6527	4149
May 18, 2023	51276	0	0	0
May 19, 2023	52074	0	6144	0
May 20, 2023	53257	0	5642	0
May 21, 2023	54439	0	4030	0
May 22, 2023	55622	76	2163	677
May 23, 2023	56008	79	8639	5901
May 24, 2023	56394	0	6082	4905
May 25, 2023	56779	0	5505	4220
May 26, 2023	57165	56	5103	3724
May 27, 2023	56938	0	3245	3317
May 28, 2023	56712	0	759	2284
May 29, 2023	56485	0	1044	592
May 30, 2023	55874	48	6708	902
May 31, 2023	55262	0	-48	5210
Jun 01, 2023	54650	0	9003	3735
Jun 02, 2023	54037	62	3706	3204
Jun 03, 2023	52536	0	2501	2797
Jun 04, 2023	51036	0	623	2082
Jun 05, 2023	49535	0	5118	443
Jun 06, 2023	48646	51	4149	3590
Jun 07, 2023	47757	0	-51	2762
Jun 08, 2023	46869	0	0	2603
Jun 09, 2023	45979	56	0	2357
Jun 10, 2023	43531	0	-56	2135
Jun 11, 2023	41083	0	677	1282
Jun 12, 2023	38635	0	5901	332
Jun 13, 2023	37075	28	4905	2631
Jun 14, 2023	35515	0	4192	2069
Jun 15, 2023	33956	0	3724	545
Jun 16, 2023	32397	40	3317	2895
Jun 17, 2023	30503	0	2244	1482
Jun 18, 2023	28608	0	592	1080
Jun 19, 2023	26714	0	902	270
Jun 20, 2023	26379	45	5210	2071
Jun 21, 2023	26044	0	3690	1702
Jun 22, 2023	25709	0	3204	1420
Jun 23, 2023	25375	23	2797	1232
Jun 24, 2023	24085	0	2059	1217
Jun 25, 2023	22795	0	443	776
Jun 26, 2023	21505	0	3590	213
Jun 27, 2023	20549	26	2762	1680
Jun 28, 2023	19594	0	2577	1148
Jun 29, 2023	18639	0	2357	1106
Jun 30, 2023	17684	0	2135	1106
Jul 01, 2023	17212	0	0	0
Jul 02, 2023	16739	0	1282	0
Jul 03, 2023	16267	0	332	0
Jul 04, 2023	16749	0	2631	0
Jul 05, 2023	17232	0	2069	0
Jul 06, 2023	17714	0	545	0
Jul 07, 2023	18198	0	2895	0
Jul 08, 2023	17259	0	1482	0
Jul 09, 2023	16321	0	1080	0
Jul 10, 2023	15382	0	270	0
Jul 11, 2023	13960	0	2071	0
Jul 12, 2023	12539	0	1702	0
Jul 13, 2023	11118	0	1420	0
Jul 14, 2023	9697	0	1232	0
Jul 15, 2023	8704	0	1217	0
Jul 16, 2023	7711	0	776	0
Jul 17, 2023	6718	0	213	0
Jul 18, 2023	7146	0	1680	0
Jul 19, 2023	7574	0	1148	0
Jul 20, 2023	8002	0	1106	0
Jul 21, 2023	8431	0	1106	0
Jul 22, 2023	8749	0	0	0
Jul 23, 2023	9065	0	0	0
Jul 24, 2023	9383	0	0	0
Jul 25, 2023	9272	0	0	0
Jul 26, 2023	9162	0	0	0
Jul 27, 2023	9050	0	0	0
Jul 28, 2023	8940	0	0	0
Jul 29, 2023	8690	0	0	0
Jul 30, 2023	8441	0	0	0
Jul 31, 2023	8191	0	0	0
Aug 01, 2023	8052	0	0	0
Aug 02, 2023	7914	0	0	0
Aug 03, 2023	7775	0	0	0
Aug 04, 2023	7636	0	0	0
Aug 05, 2023	6960	0	0	0
Aug 06, 2023	6284	0	0	0
Aug 07, 2023	5608	0	0	0
Aug 08, 2023	5070	0	0	0
Aug 09, 2023	4533	0	0	0
Aug 10, 2023	3995	0	0	0
Aug 11, 2023	3458	0	0	0
Aug 12, 2023	3480	0	0	0
Aug 13, 2023	3503	0	0	0
Aug 14, 2023	3525	0	0	0
Aug 15, 2023	4084	0	0	0
Aug 16, 2023	4644	0	0	0
Aug 17, 2023	5204	0	0	0
Aug 18, 2023	5764	0	0	0
Aug 19, 2023	6210	0	0	0
Aug 20, 2023	6656	0	0	0
Aug 21, 2023	7102	0	0	0
Aug 22, 2023	6989	0	0	0
Aug 23, 2023	6875	0	0	0
Aug 24, 2023	6761	0	0	0
Aug 25, 2023	6648	0	0	0
Aug 26, 2023	6730	0	0	0
Aug 27, 2023	6811	0	0	0
Aug 28, 2023	6893	0	0	0
Aug 29, 2023	7087	0	0	0
Aug 30, 2023	7283	0	0	0
Aug 31, 2023	7478	0	0	0
Sep 01, 2023	7673	0	0	0
Sep 02, 2023	7781	0	0	0
Sep 03, 2023	7889	0	0	0
Sep 04, 2023	7997	0	0	0
Sep 05, 2023	7910	0	0	0
Sep 06, 2023	7823	0	0	0
Sep 07, 2023	7735	0	0	0
Sep 08, 2023	7649	0	0	0
Sep 09, 2023	7604	0	0	0
Sep 10, 2023	7560	0	0	0
Sep 11, 2023	7515	0	0	0
Sep 12, 2023	7557	0	0	0
Sep 13, 2023	7600	0	0	0
Sep 14, 2023	7643	0	0	0
Sep 15, 2023	7685	0	0	0
Sep 16, 2023	7558	0	0	0
Sep 17, 2023	7432	0	0	0
Sep 18, 2023	7305	0	0	0
Sep 19, 2023	7135	0	0	0
Sep 20, 2023	6965	0	0	0
Sep 21, 2023	6796	0	0	0
Sep 22, 2023	6627	0	0	0
Sep 23, 2023	6640	0	0	0
Sep 24, 2023	6652	0	0	0
Sep 25, 2023	6665	0	0	0
Sep 26, 2023	6847	0	0	0
Sep 27, 2023	7029	0	0	0
Sep 28, 2023	7211	0	0	0
Sep 29, 2023	7394	0	0	0
Sep 30, 2023	7127	0	0	0
Oct 01, 2023	6860	0	0	0
Oct 02, 2023	6593	0	0	0
Oct 03, 2023	6144	0	0	0
Oct 04, 2023	5695	0	0	0
Oct 05, 2023	5246	0	0	0
Oct 06, 2023	4797	0	0	0
Oct 07, 2023	4704	0	0	0
Oct 08, 2023	4611	0	0	0
Oct 09, 2023	4518	0	0	0
Oct 10, 2023	4874	0	0	0
Oct 11, 2023	5230	0	0	0
Oct 12, 2023	5586	0	0	0
Oct 13, 2023	5942	0	0	0
Oct 14, 2023	6363	0	0	0
Oct 15, 2023	6783	0	0	0
Oct 16, 2023	7204	0	0	0
Oct 17, 2023	7269	0	0	0
Oct 18, 2023	7334	0	0	0
Oct 19, 2023	7398	0	0	0
Oct 20, 2023	7463	0	0	0
Oct 21, 2023	7736	0	0	0
Oct 22, 2023	8010	0	0	0
Oct 23, 2023	8283	0	0	0
Oct 24, 2023	8491	0	0	0
Oct 25, 2023	8700	0	0	0
Oct 26, 2023	8909	0	0	0
Oct 27, 2023	9529	0	0	0
Oct 28, 2023	9176	0	0	0
Oct 29, 2023	8823	0	0	0
Oct 30, 2023	8469	0	0	0
Oct 31, 2023	7907	0	0	0
Nov 01, 2023	7345	0	0	0
Nov 02, 2023	6783	0	0	0
Nov 03, 2023	6305	0	0	0
Nov 04, 2023	5827	0	0	0
Nov 05, 2023	5347	0	0	0
Nov 06, 2023	4456	0	0	0
Nov 07, 2023	4538	0	0	0
Nov 08, 2023	4621	0	0	0
Nov 09, 2023	4704	0	0	0
Nov 10, 2023	4787	0	0	0
Nov 11, 2023	5980	0	0	0
Nov 12, 2023	6206	0	0	0
Nov 13, 2023	6528	0	0	0
Nov 14, 2023	7978	0	0	0
Nov 15, 2023	9350	0	0	0
Nov 16, 2023	11355	0	0	0
Nov 17, 2023	12399	0	0	0
Nov 18, 2023	13371	0	0	0
Nov 19, 2023	13727	0	0	0
Nov 20, 2023	13902	0	0	0
Nov 21, 2023	13865	0	0	0
Nov 22, 2023	14908	0	0	0
Nov 23, 2023	16228	0	0	0
Nov 24, 2023	15810	0	0	0
Nov 25, 2023	15325	0	0	0
Nov 26, 2023	13689	0	0	0
Nov 27, 2023	12586	0	0	0
Nov 28, 2023	12912	0	0	0
Nov 29, 2023	13706	0	0	0
Nov 30, 2023	15107	0	0	0
Dec 01, 2023	15008	0	0	0
Dec 02, 2023	14704	0	0	0
Dec 03, 2023	13548	0	0	0
Dec 04, 2023	12665	0	0	0
Dec 05, 2023	12924	0	0	0
Dec 06, 2023	13870	0	0	0
Dec 07, 2023	15623	0	0	0
Dec 08, 2023	15423	0	0	0
Dec 09, 2023	14793	0	0	0
Dec 10, 2023	13733	0	0	0
Dec 11, 2023	12964	0	0	0
Dec 12, 2023	13655	0	0	0
Dec 13, 2023	14488	0	0	0
Dec 14, 2023	15589	0	0	0
Dec 15, 2023	16101	0	0	0
Dec 16, 2023	15757	0	0	0
Dec 17, 2023	14425	0	0	0
Dec 18, 2023	13694	0	0	0
Dec 19, 2023	14138	0	0	0
Dec 20, 2023	15563	0	0	0
Dec 21, 2023	17238	0	0	0
Dec 22, 2023	17431	0	0	0
Dec 23, 2023	17020	0	0	0
Dec 24, 2023	16250	0	0	0
Dec 25, 2023	14814	0	0	0
Dec 26, 2023	13976	0	0	0
Dec 27, 2023	13861	0	0	0
Dec 28, 2023	14100	0	0	0
Dec 29, 2023	14383	0	0	0
Dec 30, 2023	13232	0	0	0
Dec 31, 2023	11957	0	0	0
Jan 01, 2024	10512	0	0	0
Jan 02, 2024	9691	0	0	0
Jan 03, 2024	12603	0	0	0
Jan 04, 2024	14636	0	0	0
Jan 05, 2024	15586	0	0	0
Jan 06, 2024	16707	0	0	0
Jan 07, 2024	16679	0	0	0
Jan 08, 2024	15721	0	0	0
Jan 09, 2024	16632	0	0	0
Jan 10, 2024	17509	0	0	0
Jan 11, 2024	19257	0	0	0
Jan 12, 2024	20402	0	0	0
Jan 13, 2024	18126	0	0	0
Jan 14, 2024	16405	0	0	0
Jan 15, 2024	15540	0	0	0
Jan 16, 2024	15245	0	0	0
Jan 17, 2024	14172	0	0	0
Jan 18, 2024	15349	0	0	0
Jan 19, 2024	7959	0	0	0
Jan 20, 2024	8192	0	0	0
Jan 21, 2024	8179	0	0	0
Jan 22, 2024	8166	0	0	0
Jan 23, 2024	12069	0	0	0
Jan 24, 2024	13532	0	0	0
Jan 25, 2024	15355	0	0	0
Jan 26, 2024	8034	0	0	0
Jan 27, 2024	8826	0	0	0
Jan 28, 2024	9347	0	0	0
Jan 29, 2024	9992	0	0	0
Jan 30, 2024	11636	0	0	0
Jan 31, 2024	13192	0	0	0
Feb 01, 2024	14094	0	0	0
Feb 02, 2024	8001	0	0	0
Feb 03, 2024	8713	0	0	0
Feb 04, 2024	9130	0	0	0
Feb 05, 2024	10278	0	0	0
Feb 06, 2024	11619	0	0	0
Feb 07, 2024	12920	0	0	0
Feb 08, 2024	14307	0	0	0
Feb 09, 2024	8014	0	0	0
Feb 10, 2024	9001	0	0	0
Feb 11, 2024	9702	0	0	0
Feb 12, 2024	10238	0	0	0
Feb 13, 2024	11486	0	0	0
Feb 14, 2024	12347	0	0	0
Feb 15, 2024	14271	0	0	0
Feb 16, 2024	8018	0	0	0
Feb 17, 2024	8978	0	0	0
Feb 18, 2024	9506	0	0	0
Feb 19, 2024	10197	0	0	0
Feb 20, 2024	11335	0	0	0
Feb 21, 2024	12674	0	0	0
Feb 22, 2024	13848	0	0	0
Feb 23, 2024	8012	0	0	0
Feb 24, 2024	8791	0	0	0
Feb 25, 2024	9221	0	0	0
Feb 26, 2024	10212	0	0	0
Feb 27, 2024	11257	0	0	0
Feb 28, 2024	12488	0	0	0
Feb 29, 2024	13809	0	0	0
Mar 01, 2024	8017	0	0	0
Mar 02, 2024	8819	0	0	0
Mar 03, 2024	9503	0	0	0
Mar 04, 2024	9940	0	0	0
Mar 05, 2024	11040	0	0	0
Mar 06, 2024	12178	0	0	0
Mar 07, 2024	13363	0	0	0
Mar 08, 2024	8894	0	0	0
Mar 09, 2024	8886	0	0	0
Mar 10, 2024	9423	0	0	0
Mar 11, 2024	9748	0	0	0
Mar 12, 2024	10325	0	0	0
Mar 13, 2024	11329	0	0	0
Mar 14, 2024	12587	0	0	0
Mar 15, 2024	8901	0	0	0
Mar 16, 2024	8837	0	0	0
Mar 17, 2024	9317	0	0	0
Mar 18, 2024	9660	0	0	0
Mar 19, 2024	10442	0	0	0
Mar 20, 2024	11395	0	0	0
Mar 21, 2024	12425	0	0	0
Mar 22, 2024	8817	0	0	0
Mar 23, 2024	8817	0	0	0
