Feb 15, 2020	0	null	null	null
Feb 16, 2020	0	0	0	0
Feb 17, 2020	0	0	1	0
Feb 18, 2020	0	0	2	0
Feb 19, 2020	0	0	0	0
Feb 20, 2020	0	0	0	0
Feb 21, 2020	0	0	0	0
Feb 22, 2020	0	0	3	0
Feb 23, 2020	0	0	0	0
Feb 24, 2020	0	0	1	0
Feb 25, 2020	0	0	0	2
Feb 26, 2020	0	0	0	4
Feb 27, 2020	0	0	0	19
Feb 28, 2020	0	0	0	18
Feb 29, 2020	0	0	1	39
Mar 01, 2020	0	0	0	27
Mar 02, 2020	0	0	0	56
Mar 03, 2020	0	0	0	20
Mar 04, 2020	0	0	0	67
Mar 05, 2020	0	0	0	126
Mar 06, 2020	0	0	0	209
Mar 07, 2020	0	5	0	269
Mar 08, 2020	0	3	0	236
Mar 09, 2020	0	11	0	185
Mar 10, 2020	2	3	0	338
Mar 11, 2020	2	15	0	452
Mar 12, 2020	3	13	0	540
Mar 13, 2020	10	18	0	714
Mar 14, 2020	10	12	0	761
Mar 15, 2020	10	36	0	840
Mar 16, 2020	11	21	0	1100
Mar 17, 2020	12	27	590	997
Mar 18, 2020	12	89	0	1277
Mar 19, 2020	15	108	693	1691
Mar 20, 2020	16	78	292	1469
Mar 21, 2020	19	112	0	1678
Mar 22, 2020	24	112	613	1417
Mar 23, 2020	27	186	0	3488
Mar 24, 2020	29	240	1081	2224
Mar 25, 2020	32	231	619	2662
Mar 26, 2020	61	365	1048	3564
Mar 27, 2020	61	299	752	3462
Mar 28, 2020	74	319	0	4191
Mar 29, 2020	80	292	1502	2362
Mar 30, 2020	92	418	725	3977
Mar 31, 2020	99	498	1517	6887
Apr 01, 2020	105	508	1491	4418
Apr 02, 2020	112	1354	1493	1923
Apr 03, 2020	120	1119	1580	4755
Apr 04, 2020	126	1052	1430	3877
Apr 05, 2020	143	517	745	1703
Apr 06, 2020	168	832	1067	3555
Apr 07, 2020	175	1416	2087	3432
Apr 08, 2020	190	540	1917	3526
Apr 09, 2020	240	1339	1952	3895
Apr 10, 2020	243	986	1726	3946
Apr 11, 2020	249	634	1459	2829
Apr 12, 2020	269	561	795	1466
Apr 13, 2020	295	574	532	2428
Apr 14, 2020	314	761	1087	4996
Apr 15, 2020	356	1437	2150	2393
Apr 16, 2020	392	752	1857	2400
Apr 17, 2020	401	760	1608	368
Apr 18, 2020	424	641	1563	2335
Apr 19, 2020	450	395	595	714
Apr 20, 2020	493	546	831	1864
Apr 21, 2020	520	530	1772	2423
Apr 22, 2020	520	543	1476	1661
Apr 23, 2020	579	515	1431	1502
Apr 24, 2020	606	389	1405	1611
Apr 25, 2020	699	369	1101	1397
Apr 26, 2020	735	242	309	419
Apr 27, 2020	808	436	610	3420
Apr 28, 2020	850	367	1373	1381
Apr 29, 2020	874	426	1342	1675
Apr 30, 2020	919	289	1248	1061
May 01, 2020	957	218	736	563
May 02, 2020	1012	166	350	740
May 03, 2020	1222	135	222	287
May 04, 2020	1333	306	587	537
May 05, 2020	1404	330	1365	1029
May 06, 2020	1507	278	1236	3898
May 07, 2020	1574	178	1055	586
May 08, 2020	1734	243	815	598
May 09, 2020	1896	80	4206	403
May 10, 2020	2036	70	4272	195
May 11, 2020	2135	263	2851	425
May 12, 2020	2379	348	1265	659
May 13, 2020	2490	83	2590	473
May 14, 2020	2630	351	5146	580
May 15, 2020	2824	104	2529	524
May 16, 2020	2936	96	2468	347
May 17, 2020	3145	146	77	112
May 18, 2020	3382	131	2361	459
May 19, 2020	3541	119	1002	489
May 20, 2020	3710	110	1941	389
May 21, 2020	4115	83	2584	296
May 22, 2020	4354	74	1753	366
May 23, 2020	4713	43	1610	233
May 24, 2020	5002	35	1738	107
May 25, 2020	5317	65	1267	334
May 26, 2020	5682	98	3800	257
May 27, 2020	6111	66	520	178
May 28, 2020	6723	66	532	3098
May 29, 2020	7276	52	351	556
May 30, 2020	7600	57	138	1703
May 31, 2020	8308	31	394	239
Jun 01, 2020	8615	31	628	315
Jun 02, 2020	8955	107	366	283
Jun 03, 2020	9210	81	499	330
Jun 04, 2020	9616	44	480	720
Jun 05, 2020	10053	46	301	573
Jun 06, 2020	10440	31	81	543
Jun 07, 2020	10871	13	446	322
Jun 08, 2020	10958	54	435	198
Jun 09, 2020	11178	87	302	378
Jun 10, 2020	11827	23	273	511
Jun 11, 2020	12360	27	339	399
Jun 12, 2020	13105	28	205	681
Jun 13, 2020	13775	24	83	494
Jun 14, 2020	14316	9	325	382
Jun 15, 2020	14553	29	228	143
Jun 16, 2020	14822	111	67	323
Jun 17, 2020	15274	28	3070	430
Jun 18, 2020	15799	28	528	438
Jun 19, 2020	16590	14	1689	761
Jun 20, 2020	16876	16	223	602
Jun 21, 2020	17463	7	308	267
Jun 22, 2020	17927	23	260	350
Jun 23, 2020	18567	57	273	485
Jun 24, 2020	18985	11	709	76
Jun 25, 2020	19548	21	552	0
Jun 26, 2020	19972	26	517	1490
Jun 27, 2020	20466	8	314	490
Jun 28, 2020	21250	9	189	490
Jun 29, 2020	21681	18	360	263
Jun 30, 2020	21795	30	481	508
Jul 01, 2020	22409	18	381	861
Jul 02, 2020	22889	14	667	618
Jul 03, 2020	23503	18	476	546
Jul 04, 2020	24321	7	375	526
Jul 05, 2020	24991	7	136	600
Jul 06, 2020	25749	13	310	165
Jul 07, 2020	26644	13	417	446
Jul 08, 2020	27140	32	406	622
Jul 09, 2020	28032	14	747	583
Jul 10, 2020	28609	25	577	617
Jul 11, 2020	29412	4	263	628
Jul 12, 2020	30564	3	347	627
Jul 13, 2020	30972	18	467	270
Jul 14, 2020	31506	71	5	480
Jul 15, 2020	32556	20	-20	390
Jul 16, 2020	33311	18	1472	501
Jul 17, 2020	34572	14	476	785
Jul 18, 2020	35529	9	481	812
Jul 19, 2020	37171	8	255	812
Jul 20, 2020	38203	8	500	328
Jul 21, 2020	39201	13	848	548
Jul 22, 2020	40080	7	611	937
Jul 23, 2020	41355	10	536	997
Jul 24, 2020	42058	10	516	1060
Jul 25, 2020	42590	4	596	956
Jul 26, 2020	43996	4	161	955
Jul 27, 2020	44863	9	437	482
Jul 28, 2020	46221	14	608	680
Jul 29, 2020	46777	15	568	1306
Jul 30, 2020	47332	16	601	1292
Jul 31, 2020	48119	11	617	1263
Aug 01, 2020	49287	3	624	0
Aug 02, 2020	50790	4	266	2646
Aug 03, 2020	51844	22	458	522
Aug 04, 2020	53083	2	388	975
Aug 05, 2020	53596	9	492	1591
Aug 06, 2020	54243	7	778	1505
Aug 07, 2020	54483	12	800	2147
Aug 08, 2020	55107	1	811	1910
Aug 09, 2020	55423	1	327	1909
Aug 10, 2020	55394	14	534	737
Aug 11, 2020	55919	14	923	1311
Aug 12, 2020	56618	17	980	2369
Aug 13, 2020	57196	17	1043	2505
Aug 14, 2020	57618	17	939	2671
Aug 15, 2020	58034	4	951	3106
Aug 16, 2020	58230	1	481	2829
Aug 17, 2020	58503	24	656	463
Aug 18, 2020	58316	17	1289	2100
Aug 19, 2020	58896	17	1275	3544
Aug 20, 2020	59504	12	1251	4477
Aug 21, 2020	59277	23	-23	4304
Aug 22, 2020	59536	9	2637	3380
Aug 23, 2020	58681	1	521	4596
Aug 24, 2020	57805	15	960	1835
Aug 25, 2020	57058	16	1575	3101
Aug 26, 2020	55970	0	1505	5095
Aug 27, 2020	55461	32	2115	5735
Aug 28, 2020	54286	20	1890	6925
Aug 29, 2020	53101	6	1903	5117
Aug 30, 2020	52089	4	733	5080
Aug 31, 2020	50915	29	1282	2892
Sep 01, 2020	49553	26	2343	4675
Sep 02, 2020	48407	25	2480	6585
Sep 03, 2020	46982	0	2671	6716
Sep 04, 2020	45912	0	3106	8423
Sep 05, 2020	44679	12	2817	8024
Sep 06, 2020	43546	3	460	6636
Sep 07, 2020	42110	25	2075	3944
Sep 08, 2020	41237	38	3506	6141
Sep 09, 2020	39949	30	4447	8049
Sep 10, 2020	38818	19	4285	9237
Sep 11, 2020	37363	80	3300	8827
Sep 12, 2020	36515	17	4579	9911
Sep 13, 2020	35721	6	1829	6741
Sep 14, 2020	34992	34	3067	5779
Sep 15, 2020	34857	49	5046	7369
Sep 16, 2020	34452	46	5689	9182
Sep 17, 2020	34191	50	6875	9941
Sep 18, 2020	34019	153	4964	12402
Sep 19, 2020	33870	26	5054	12667
Sep 20, 2020	33677	11	2881	9918
Sep 21, 2020	33266	53	4622	4972
Sep 22, 2020	32915	78	6507	9392
Sep 23, 2020	32729	43	6673	12267
Sep 24, 2020	32524	52	8371	15105
Sep 25, 2020	32572	150	7874	14825
Sep 26, 2020	32373	39	6597	13525
Sep 27, 2020	32176	27	3917	10438
Sep 28, 2020	32069	81	6060	3819
Sep 29, 2020	31815	85	7964	7555
Sep 30, 2020	31630	63	9174	12054
Oct 01, 2020	31631	63	8764	13110
Oct 02, 2020	31363	130	9781	11400
Oct 03, 2020	31332	49	6692	15927
Oct 04, 2020	31202	32	5747	11792
Oct 05, 2020	31030	69	7300	4771
Oct 06, 2020	30780	66	9116	9843
Oct 07, 2020	30578	80	9861	17592
Oct 08, 2020	30053	76	12326	17013
Oct 09, 2020	29735	109	12558	19087
Oct 10, 2020	29422	54	9864	25240
Oct 11, 2020	29189	46	4926	15110
Oct 12, 2020	28967	95	9297	7981
Oct 13, 2020	28650	108	12159	12193
Oct 14, 2020	28291	104	15001	21200
Oct 15, 2020	27924	88	14737	28736
Oct 16, 2020	27214	178	13347	23542
Oct 17, 2020	27027	89	10349	30431
Oct 18, 2020	26845	85	3734	28000
Oct 19, 2020	26607	146	7409	12428
Oct 20, 2020	26231	262	11792	19208
Oct 21, 2020	25785	163	12947	25034
Oct 22, 2020	25139	162	11238	39060
Oct 23, 2020	24709	298	15629	39445
Oct 24, 2020	24169	137	11655	42626
Oct 25, 2020	23883	116	4655	48808
Oct 26, 2020	23348	257	9586	25123
Oct 27, 2020	22864	523	17069	31360
Oct 28, 2020	22481	244	16769	34194
Oct 29, 2020	22122	235	18852	44705
Oct 30, 2020	21818	545	24695	46185
Oct 31, 2020	21536	223	14887	33447
Nov 01, 2020	21327	231	7750	45258
Nov 02, 2020	21052	467	11726	51104
Nov 03, 2020	20869	906	20294	35912
Nov 04, 2020	20457	437	28299	39880
Nov 05, 2020	20260	415	23127	56292
Nov 06, 2020	19845	880	29551	58581
Nov 07, 2020	19461	356	27644	83324
Nov 08, 2020	19210	322	12106	38059
Nov 09, 2020	19012	548	18660	20732
Nov 10, 2020	18676	857	24177	22632
Nov 11, 2020	18455	328	38732	35488
Nov 12, 2020	18038	425	39020	32948
Nov 13, 2020	17725	932	41694	24147
Nov 14, 2020	17527	552	48256	31937
Nov 15, 2020	17310	500	24623	27370
Nov 16, 2020	17058	704	30656	10645
Nov 17, 2020	16856	625	33569	13630
Nov 18, 2020	16616	677	44028	26636
Nov 19, 2020	16159	681	45504	19848
Nov 20, 2020	15974	634	32813	21473
Nov 21, 2020	15723	390	44868	16780
Nov 22, 2020	15636	352	50752	12347
Nov 23, 2020	15531	638	35274	4178
Nov 24, 2020	15368	592	39288	8591
Nov 25, 2020	15182	569	55723	15280
Nov 26, 2020	14932	527	58054	12728
Nov 27, 2020	14529	581	82743	11692
Nov 28, 2020	14299	316	37743	11806
Nov 29, 2020	14161	301	20431	9182
Nov 30, 2020	13996	509	22123	3758
Dec 01, 2020	13847	466	35022	7585
Dec 02, 2020	13150	425	32523	13198
Dec 03, 2020	12147	439	23708	11914
Dec 04, 2020	11987	397	31540	10530
Dec 05, 2020	11746	327	27043	12127
Dec 06, 2020	11702	287	10358	10344
Dec 07, 2020	11564	480	13150	3201
Dec 08, 2020	11477	491	26145	12869
Dec 09, 2020	11412	403	19445	13697
Dec 10, 2020	11364	400	21073	12904
Dec 11, 2020	11459	412	16368	12581
Dec 12, 2020	11596	314	12033	13088
Dec 13, 2020	11722	271	3907	10823
Dec 14, 2020	11709	492	8099	2874
Dec 15, 2020	11680	428	14852	10822
Dec 16, 2020	11768	407	12321	16531
Dec 17, 2020	12033	376	11316	17130
Dec 18, 2020	12277	374	11432	14709
Dec 19, 2020	12374	294	8888	16484
Dec 20, 2020	12718	236	3522	12011
Dec 21, 2020	12816	456	7129	5440
Dec 22, 2020	12832	487	12711	11069
Dec 23, 2020	13265	359	11555	14010
Dec 24, 2020	13745	373	10157	20302
Dec 25, 2020	14456	242	11885	19015
Dec 26, 2020	14551	230	10114	2903
Dec 27, 2020	15085	257	2944	8279
Dec 28, 2020	15321	447	12422	2778
Dec 29, 2020	15666	468	13229	10694
Dec 30, 2020	16639	377	12527	24828
Dec 31, 2020	17441	325	12256	18700
Jan 01, 2021	18659	207	12881	18157
Jan 02, 2021	19097	231	10592	3253
Jan 03, 2021	19653	191	2683	11720
Jan 04, 2021	20010	453	10369	3774
Jan 05, 2021	20578	420	16111	19228
Jan 06, 2021	21321	387	16743	23817
Jan 07, 2021	22304	381	14328	20367
Jan 08, 2021	23117	381	16103	18594
Jan 09, 2021	24740	264	11747	18935
Jan 10, 2021	25539	248	5192	14963
Jan 11, 2021	26228	407	10662	3362
Jan 12, 2021	26858	452	13558	18536
Jan 13, 2021	27428	347	19955	22384
Jan 14, 2021	28446	401	18614	19921
Jan 15, 2021	29541	399	2504	19962
Jan 16, 2021	31529	264	8015	20088
Jan 17, 2021	32925	213	2565	15618
Jan 18, 2021	33898	475	10219	3506
Jan 19, 2021	34613	441	24387	22155
Jan 20, 2021	35617	420	18280	25135
Jan 21, 2021	37188	456	17701	21442
Jan 22, 2021	38615	429	2824	21858
Jan 23, 2021	39419	295	11425	22451
Jan 24, 2021	39949	237	3537	17301
Jan 25, 2021	40394	510	18718	3979
Jan 26, 2021	41078	417	23400	20726
Jan 27, 2021	42327	505	19862	25259
Jan 28, 2021	43308	499	18095	22307
Jan 29, 2021	44555	510	18425	21451
Jan 30, 2021	45626	322	14641	22890
Jan 31, 2021	46343	275	3087	18051
Feb 01, 2021	47008	536	18000	4079
Feb 02, 2021	47307	485	21899	21900
Feb 03, 2021	47920	476	19445	24739
Feb 04, 2021	48308	476	19486	22005
Feb 05, 2021	48470	413	19675	20776
Feb 06, 2021	48545	263	15355	19319
Feb 07, 2021	48788	243	3263	18501
Feb 08, 2021	48897	530	21625	4051
Feb 09, 2021	48673	508	24627	17708
Feb 10, 2021	48594	404	21038	23824
Feb 11, 2021	48559	468	21390	19766
Feb 12, 2021	48243	429	22022	19427
Feb 13, 2021	47794	257	17044	19924
Feb 14, 2021	47359	226	3753	15527
Feb 15, 2021	47514	471	20255	4107
Feb 16, 2021	46611	410	24849	18384
Feb 17, 2021	46034	391	21916	23478
Feb 18, 2021	45610	352	21099	21116
Feb 19, 2021	45392	409	22481	22631
Feb 20, 2021	45207	213	17838	20994
Feb 21, 2021	45390	163	3916	20689
Feb 22, 2021	45449	363	21537	4360
Feb 23, 2021	45340	341	24398	18829
Feb 24, 2021	43978	370	21635	29579
Feb 25, 2021	44090	354	20422	23839
Feb 26, 2021	43913	379	18940	23655
Feb 27, 2021	44080	214	18287	22519
Feb 28, 2021	44114	125	3926	18724
Mar 01, 2021	44077	404	17304	4413
Mar 02, 2021	44197	330	23494	21450
Mar 03, 2021	44231	389	19377	25139
Mar 04, 2021	44304	360	19067	23723
Mar 05, 2021	44639	305	19619	22060
Mar 06, 2021	44521	187	15340	21871
Mar 07, 2021	44460	147	3960	20482
Mar 08, 2021	43958	377	18007	4999
Mar 09, 2021	43635	316	23162	21868
Mar 10, 2021	43665	295	20821	28438
Mar 11, 2021	43421	296	22335	25494
Mar 12, 2021	42864	254	20740	23676
Mar 13, 2021	42670	192	20497	27927
Mar 14, 2021	42591	137	4223	24721
Mar 15, 2021	42360	357	18472	6073
Mar 16, 2021	42199	338	29241	28130
Mar 17, 2021	42147	300	23539	36131
Mar 18, 2021	42140	327	23328	32844
Mar 19, 2021	40813	362	22157	32911
Mar 20, 2021	40773	244	18480	33169
Mar 21, 2021	40646	170	4243	28699
Mar 22, 2021	40210	402	21048	35259
Mar 23, 2021	40184	347	24792	23350
Mar 24, 2021	39956	305	23418	31334
Mar 25, 2021	39706	285	21775	42831
Mar 26, 2021	39387	363	21508	39292
Mar 27, 2021	39207	201	20281	39995
Mar 28, 2021	38958	142	4857	34736
Mar 29, 2021	38681	371	21497	26843
Mar 30, 2021	38488	348	28090	26580
Mar 31, 2021	38064	325	25169	39327
Apr 01, 2021	37932	314	23362	47541
Apr 02, 2021	37863	304	27623	43804
Apr 03, 2021	37621	213	24508	18571
Apr 04, 2021	37342	185	5888	57172
Apr 05, 2021	37351	197	27933	11576
Apr 06, 2021	37304	414	35717	54241
Apr 07, 2021	37476	431	32413	28890
Apr 08, 2021	37508	374	32537	14892
Apr 09, 2021	37497	301	32868	38704
Apr 10, 2021	37938	179	28520	40620
Apr 11, 2021	38059	176	35083	32747
Apr 12, 2021	37836	385	22965	8011
Apr 13, 2021	37931	351	30983	36705
Apr 14, 2021	37778	303	42528	40827
Apr 15, 2021	37913	302	38990	35703
Apr 16, 2021	37751	313	39682	34199
Apr 17, 2021	38015	189	34547	33653
Apr 18, 2021	38333	140	26703	27538
Apr 19, 2021	37958	489	26091	6847
Apr 20, 2021	38237	346	38981	39882
Apr 21, 2021	38378	313	47228	32815
Apr 22, 2021	38500	283	43521	32205
Apr 23, 2021	38301	332	18239	30349
Apr 24, 2021	38761	217	56955	30624
Apr 25, 2021	39222	152	11424	22959
Apr 26, 2021	38932	405	53836	5586
Apr 27, 2021	38973	333	28557	28451
Apr 28, 2021	39141	322	14570	29598
Apr 29, 2021	39536	313	38391	24904
Apr 30, 2021	40128	276	40344	22803
May 01, 2021	40682	195	32552	24090
May 02, 2021	40464	116	7895	9279
May 03, 2021	40860	315	36390	3529
May 04, 2021	40992	247	40580	22871
May 05, 2021	41287	252	35451	24400
May 06, 2021	41731	227	33972	20375
May 07, 2021	42694	235	33418	17947
May 08, 2021	43262	179	27359	19468
May 09, 2021	43626	119	6728	8566
May 10, 2021	43552	296	39586	3089
May 11, 2021	43702	240	32575	18573
May 12, 2021	43973	184	32021	20175
May 13, 2021	44730	131	30218	18263
May 14, 2021	45560	173	30451	6593
May 15, 2021	46711	122	22837	14719
May 16, 2021	47273	91	5495	13089
May 17, 2021	47076	206	28245	3144
May 18, 2021	47570	198	29400	16151
May 19, 2021	48451	146	24763	17877
May 20, 2021	49678	138	22803	15415
May 21, 2021	51284	113	23947	12800
May 22, 2021	52576	95	9166	12611
May 23, 2021	53115	76	3440	9704
May 24, 2021	53384	68	22801	2229
May 25, 2021	54178	203	24320	3155
May 26, 2021	55757	153	20172	12646
May 27, 2021	57391	151	17803	13933
May 28, 2021	58858	107	19308	11268
May 29, 2021	60079	69	8459	10675
May 30, 2021	60648	46	3021	8541
May 31, 2021	60983	128	18529	1211
Jun 01, 2021	61174	129	20044	9848
Jun 02, 2021	62188	98	18134	8743
Jun 03, 2021	63520	72	6469	8161
Jun 04, 2021	64148	84	14673	6953
Jun 05, 2021	64881	57	13005	6654
Jun 06, 2021	65214	26	3087	5070
Jun 07, 2021	64998	65	16126	1166
Jun 08, 2021	65619	73	17811	6016
Jun 09, 2021	66133	66	15342	5557
Jun 10, 2021	67796	70	12735	4475
Jun 11, 2021	69094	71	12540	3871
Jun 12, 2021	69962	34	9604	3972
Jun 13, 2021	69864	13	2195	2855
Jun 14, 2021	69414	63	3171	689
Jun 15, 2021	69130	80	12583	3235
Jun 16, 2021	69117	50	13853	3058
Jun 17, 2021	68198	62	11224	2044
Jun 18, 2021	68265	56	10607	3181
Jun 19, 2021	67672	22	8485	2624
Jun 20, 2021	67388	14	1189	1815
Jun 21, 2021	66461	40	9834	487
Jun 22, 2021	65327	51	8703	2204
Jun 23, 2021	63274	33	8110	2320
Jun 24, 2021	63186	44	6920	2007
Jun 25, 2021	63493	33	6610	1986
Jun 26, 2021	63189	16	5037	2128
Jun 27, 2021	63071	21	1154	1578
Jun 28, 2021	62425	48	5999	509
Jun 29, 2021	62001	33	5501	2314
Jun 30, 2021	61708	25	4442	2457
Jul 01, 2021	61568	29	3846	2664
Jul 02, 2021	60669	24	3943	2683
Jul 03, 2021	60109	17	2831	3006
Jul 04, 2021	59865	9	672	2549
Jul 05, 2021	59323	36	3226	796
Jul 06, 2021	58631	34	3022	3585
Jul 07, 2021	58693	28	2010	4081
Jul 08, 2021	58626	25	3153	4442
Jul 09, 2021	58051	18	2599	4580
Jul 10, 2021	57818	19	1797	4696
Jul 11, 2021	57289	4	468	4256
Jul 12, 2021	56149	28	2200	1260
Jul 13, 2021	55867	54	2292	6950
Jul 14, 2021	55712	6	1953	8875
Jul 15, 2021	55615	16	1980	3617
Jul 16, 2021	55236	22	2112	10908
Jul 17, 2021	55055	16	1556	10949
Jul 18, 2021	54722	5	493	12532
Jul 19, 2021	53572	20	2309	4151
Jul 20, 2021	52723	33	2437	18181
Jul 21, 2021	52290	29	2631	21539
Jul 22, 2021	52071	11	2654	21909
Jul 23, 2021	51446	26	2995	19561
Jul 24, 2021	50752	25	2523	25624
Jul 25, 2021	50306	7	771	15242
Jul 26, 2021	49707	50	3579	5307
Jul 27, 2021	49096	31	4036	26871
Jul 28, 2021	48528	44	4414	27934
Jul 29, 2021	48281	32	4540	25190
Jul 30, 2021	47935	66	4667	24309
Jul 31, 2021	47549	47	4196	23471
Aug 01, 2021	47367	20	1217	19600
Aug 02, 2021	47097	56	6932	5184
Aug 03, 2021	46525	63	8824	26829
Aug 04, 2021	46164	59	3560	28784
Aug 05, 2021	45970	57	10855	26460
Aug 06, 2021	45563	66	10897	25077
Aug 07, 2021	45094	35	12472	25755
Aug 08, 2021	44672	33	4119	20450
Aug 09, 2021	44337	75	18151	5775
Aug 10, 2021	43744	75	21471	28576
Aug 11, 2021	43531	60	21841	30920
Aug 12, 2021	43149	85	19507	28554
Aug 13, 2021	42882	82	25547	26453
Aug 14, 2021	42496	56	15168	24427
Aug 15, 2021	42183	49	5256	21172
Aug 16, 2021	41871	107	26827	5829
Aug 17, 2021	41844	123	27837	28114
Aug 18, 2021	41713	124	25079	28405
Aug 19, 2021	41650	140	24197	23973
Aug 20, 2021	41364	92	23344	22319
Aug 21, 2021	41110	89	19517	22636
Aug 22, 2021	40844	49	5103	17300
Aug 23, 2021	40317	119	26785	5166
Aug 24, 2021	39991	169	28676	24853
Aug 25, 2021	39859	102	26307	23706
Aug 26, 2021	39665	110	24984	19683
Aug 27, 2021	39167	109	25432	18249
Aug 28, 2021	38735	85	20355	17590
Aug 29, 2021	38397	61	5701	13630
Aug 30, 2021	37899	112	28523	3795
Aug 31, 2021	37173	136	30822	19425
Sep 01, 2021	36330	86	28418	17621
Sep 02, 2021	35978	103	26320	15911
Sep 03, 2021	35244	93	24324	13466
Sep 04, 2021	34585	83	21079	13336
Sep 05, 2021	34164	49	5746	10410
Sep 06, 2021	33687	102	28065	3042
Sep 07, 2021	33006	152	28303	14534
Sep 08, 2021	32632	100	23821	12828
Sep 09, 2021	32191	103	22219	10969
Sep 10, 2021	31546	80	22533	9966
Sep 11, 2021	31053	46	17220	9601
Sep 12, 2021	30471	29	5120	7679
Sep 13, 2021	29987	86	24824	2062
Sep 14, 2021	29378	147	23620	10327
Sep 15, 2021	28805	79	19536	9144
Sep 16, 2021	28316	65	18170	8128
Sep 17, 2021	27777	66	17525	7373
Sep 18, 2021	27256	42	13564	7414
Sep 19, 2021	26850	28	3753	5814
Sep 20, 2021	26352	68	19397	1515
Sep 21, 2021	25926	153	17553	7851
Sep 22, 2021	25280	58	15758	6794
Sep 23, 2021	24552	62	13408	6229
Sep 24, 2021	24174	49	13274	5879
Sep 25, 2021	23262	29	10361	6012
Sep 26, 2021	22778	14	3013	4706
Sep 27, 2021	22278	92	14520	1309
Sep 28, 2021	21867	60	12736	6765
Sep 29, 2021	21632	42	10909	5835
Sep 30, 2021	21490	56	9924	5204
Oct 01, 2021	21305	46	9545	4935
Oct 02, 2021	21128	30	7633	4948
Oct 03, 2021	20988	9	2032	3744
Oct 04, 2021	20751	50	10318	1138
Oct 05, 2021	20491	75	9094	5558
Oct 06, 2021	20439	34	8053	4946
Oct 07, 2021	20267	34	7339	4615
Oct 08, 2021	20254	38	7380	4470
Oct 09, 2021	20140	15	5776	4734
Oct 10, 2021	19965	8	1500	3991
Oct 11, 2021	19646	30	7843	1120
Oct 12, 2021	19343	68	6764	5880
Oct 13, 2021	19290	23	6161	5578
Oct 14, 2021	19238	38	5856	5187
Oct 15, 2021	19366	34	5974	6099
Oct 16, 2021	19009	15	4672	4899
Oct 17, 2021	18816	5	1294	3778
Oct 18, 2021	18480	41	6760	1057
Oct 19, 2021	18198	49	5794	5934
Oct 20, 2021	18178	21	5155	6036
Oct 21, 2021	18220	35	4914	6127
Oct 22, 2021	18259	29	4913	6366
Oct 23, 2021	18358	23	3715	6291
Oct 24, 2021	18384	4	1115	5005
Oct 25, 2021	18100	41	5554	1295
Oct 26, 2021	18009	47	4905	6603
Oct 27, 2021	18197	34	4568	6528
Oct 28, 2021	18417	33	4436	6461
Oct 29, 2021	18639	27	4701	6433
Oct 30, 2021	18845	22	3964	7360
Oct 31, 2021	18842	12	1098	6329
Nov 01, 2021	18554	6	5868	1866
Nov 02, 2021	18547	74	5572	2039
Nov 03, 2021	18545	39	5113	10050
Nov 04, 2021	18663	47	6060	9502
Nov 05, 2021	19001	26	4852	8998
Nov 06, 2021	19515	25	3752	9605
Nov 07, 2021	19617	10	1032	8547
Nov 08, 2021	19515	55	5924	2197
Nov 09, 2021	19550	58	5981	12476
Nov 10, 2021	19910	33	6069	11883
Nov 11, 2021	20316	17	6333	12603
Nov 12, 2021	20901	48	6274	3860
Nov 13, 2021	21515	16	4957	14646
Nov 14, 2021	21723	17	1279	12496
Nov 15, 2021	21361	70	6586	3241
Nov 16, 2021	21546	47	6458	19778
Nov 17, 2021	21648	50	6414	20294
Nov 18, 2021	21989	52	6383	20366
Nov 19, 2021	22547	50	7308	21220
Nov 20, 2021	23002	23	6279	22678
Nov 21, 2021	23103	15	1843	19749
Nov 22, 2021	23007	94	2024	5266
Nov 23, 2021	23102	98	9956	30454
Nov 24, 2021	23243	81	9404	32591
Nov 25, 2021	23793	43	8917	33464
Nov 26, 2021	24440	60	9562	34436
Nov 27, 2021	25094	34	8487	37218
Nov 28, 2021	25053	23	2163	31648
Nov 29, 2021	25002	122	12453	8279
Nov 30, 2021	25104	115	11761	47177
Dec 01, 2021	25155	96	12488	49610
Dec 02, 2021	25492	103	3764	48416
Dec 03, 2021	25952	127	14543	49858
Dec 04, 2021	26229	49	12369	51624
Dec 05, 2021	26166	29	3192	42252
Dec 06, 2021	25918	192	19749	11308
Dec 07, 2021	26273	172	20102	59019
Dec 08, 2021	26963	133	20194	61340
Dec 09, 2021	27676	136	21087	56854
Dec 10, 2021	28293	150	-136	55339
Dec 11, 2021	28943	65	42277	53720
Dec 12, 2021	29208	48	5201	43848
Dec 13, 2021	28917	243	30406	12036
Dec 14, 2021	29797	158	32348	63405
Dec 15, 2021	30499	151	33306	65713
Dec 16, 2021	31653	188	34285	60866
Dec 17, 2021	32402	162	37030	58128
Dec 18, 2021	32980	85	31486	58536
Dec 19, 2021	32975	75	8194	48473
Dec 20, 2021	33678	224	47102	15075
Dec 21, 2021	34040	229	49386	72832
Dec 22, 2021	35389	170	48187	84272
Dec 23, 2021	36195	179	49688	91608
Dec 24, 2021	36626	167	51445	94124
Dec 25, 2021	37249	84	42085	104611
Dec 26, 2021	37256	96	11224	27697
Dec 27, 2021	37001	256	58923	30383
Dec 28, 2021	38132	290	61084	179807
Dec 29, 2021	41853	184	56564	208099
Dec 30, 2021	46779	180	55155	206243
Dec 31, 2021	52859	189	53540	232200
Jan 01, 2022	58353	110	43659	219126
Jan 02, 2022	60186	91	11926	58432
Jan 03, 2022	62295	270	63314	67461
Jan 04, 2022	67798	351	65443	271686
Jan 05, 2022	75650	246	60515	332252
Jan 06, 2022	84116	204	57882	261481
Jan 07, 2022	92455	193	58332	328214
Jan 08, 2022	99769	142	48280	303669
Jan 09, 2022	102835	90	14933	296097
Jan 10, 2022	101931	280	72742	93896
Jan 11, 2022	104429	341	83992	368149
Jan 12, 2022	112360	246	91267	361719
Jan 13, 2022	122536	225	93878	305322
Jan 14, 2022	130081	191	104386	329371
Jan 15, 2022	137100	148	27506	324580
Jan 16, 2022	138262	98	30235	278129
Jan 17, 2022	136480	296	179709	102144
Jan 18, 2022	138070	375	207803	464769
Jan 19, 2022	142874	231	205868	436167
Jan 20, 2022	148186	245	231969	425183
Jan 21, 2022	150194	233	218881	400851
Jan 22, 2022	151253	167	58199	389320
Jan 23, 2022	148712	115	67294	301614
Jan 24, 2022	144821	393	271571	108481
Jan 25, 2022	145165	467	331859	501635
Jan 26, 2022	147158	258	261014	428008
Jan 27, 2022	148213	268	327956	392168
Jan 28, 2022	150507	263	303401	353503
Jan 29, 2022	149319	178	295834	332398
Jan 30, 2022	146295	127	93718	249448
Jan 31, 2022	141704	348	368022	82657
Feb 01, 2022	138600	381	361371	416896
Feb 02, 2022	137807	276	304941	315363
Feb 03, 2022	138590	264	329095	274352
Feb 04, 2022	136514	355	324316	241049
Feb 05, 2022	132521	170	277774	214542
Feb 06, 2022	129894	129	101974	155439
Feb 07, 2022	126429	417	464640	46001
Feb 08, 2022	122798	691	435750	235267
Feb 09, 2022	119422	283	412530	179614
Feb 10, 2022	117248	310	412530	153025
Feb 11, 2022	115473	329	389010	131376
Feb 12, 2022	113299	161	301285	118611
Feb 13, 2022	111332	107	108320	86562
Feb 14, 2022	108804	385	501528	26475
Feb 15, 2022	107344	390	427623	142253
Feb 16, 2022	105951	276	391778	98735
Feb 17, 2022	104499	287	353227	92345
Feb 18, 2022	103211	304	332111	82553
Feb 19, 2022	100568	148	249144	76638
Feb 20, 2022	100568	114	82509	59003
Feb 21, 2022	92145	283	416896	17195
Feb 22, 2022	88671	285	319295	97382
Feb 23, 2022	87618	213	269738	66833
Feb 24, 2022	87219	281	240836	66732
Feb 25, 2022	86037	188	214261	58138
Feb 26, 2022	85112	101	155251	53623
Feb 27, 2022	84072	76	45900	42600
Feb 28, 2022	83030	232	235191	13483
Mar 01, 2022	81842	209	179382	79794
Mar 02, 2022	81046	186	152816	57697
Mar 03, 2022	79508	180	131190	60225
Mar 04, 2022	78528	181	118431	57789
Mar 05, 2022	76871	120	86381	53678
Mar 06, 2022	75933	32	26355	45328
Mar 07, 2022	74744	176	142221	14496
Mar 08, 2022	73440	167	98559	93050
Mar 09, 2022	72137	155	92178	69190
Mar 10, 2022	71119	107	82398	74818
Mar 11, 2022	70365	149	76531	72399
Mar 12, 2022	69350	51	58854	72443
Mar 13, 2022	68341	29	17144	60422
Mar 14, 2022	66983	185	97353	18853
Mar 15, 2022	66075	146	66648	116618
Mar 16, 2022	65002	173	66586	108832
Mar 17, 2022	64155	116	57965	101747
Mar 18, 2022	62922	112	53507	97579
Mar 19, 2022	61594	62	42488	98104
Mar 20, 2022	60346	30	13421	81283
Mar 21, 2022	59040	152	79764	24179
Mar 22, 2022	57634	133	57545	180777
Mar 23, 2022	56234	101	60092	145560
Mar 24, 2022	54748	124	57688	148635
Mar 25, 2022	53167	121	53554	143571
Mar 26, 2022	51469	67	45207	139517
Mar 27, 2022	49690	41	14429	110174
Mar 28, 2022	48291	149	93009	29455
Mar 29, 2022	46682	164	69041	217480
Mar 30, 2022	45111	149	74654	169024
Mar 31, 2022	43538	139	72250	169311
Apr 01, 2022	41680	134	72304	148629
Apr 02, 2022	40301	68	60288	132114
Apr 03, 2022	39019	31	18785	102266
Apr 04, 2022	38005	149	116587	27648
Apr 05, 2022	36788	129	108683	203021
Apr 06, 2022	35796	128	101618	161950
Apr 07, 2022	35127	105	97451	158792
Apr 08, 2022	34490	139	97999	148768
Apr 09, 2022	33827	87	81144	141690
Apr 10, 2022	33142	45	24092	107654
Apr 11, 2022	32715	178	180732	25492
Apr 12, 2022	32147	159	145382	190762
Apr 13, 2022	31599	152	148476	146426
Apr 14, 2022	31087	133	143419	137342
Apr 15, 2022	30613	151	139384	125394
Apr 16, 2022	30211	61	110023	111583
Apr 17, 2022	29769	35	29394	86650
Apr 18, 2022	29399	48	217445	19810
Apr 19, 2022	29044	182	168976	25465
Apr 20, 2022	28710	227	169129	155711
Apr 21, 2022	28229	185	148402	104007
Apr 22, 2022	27812	146	131929	88389
Apr 23, 2022	27812	75	102120	80571
Apr 24, 2022	27050	40	27573	58954
Apr 25, 2022	26767	197	202981	13984
Apr 26, 2022	26337	170	161753	97498
Apr 27, 2022	25807	152	158622	67711
Apr 28, 2022	25371	132	148616	59760
Apr 29, 2022	24916	158	141558	52919
Apr 30, 2022	24621	61	107496	49482
May 01, 2022	24198	32	25431	36726
May 02, 2022	24009	180	190730	8737
May 03, 2022	23811	120	146246	67017
May 04, 2022	23504	114	137222	47925
May 05, 2022	22991	122	125280	44225
May 06, 2022	22419	110	111461	40224
May 07, 2022	22027	62	86540	37958
May 08, 2022	21818	54	19748	29324
May 09, 2022	21489	132	25411	7354
May 10, 2022	21328	123	155579	56449
May 11, 2022	21044	96	103884	40299
May 12, 2022	20881	84	88293	36047
May 13, 2022	20849	98	80487	32773
May 14, 2022	20706	74	58856	30459
May 15, 2022	20538	21	13984	22844
May 16, 2022	20389	126	97403	5936
May 17, 2022	20210	90	67585	43727
May 18, 2022	19960	80	59670	29995
May 19, 2022	19851	67	52839	27842
May 20, 2022	19729	65	49415	24332
May 21, 2022	19663	44	36661	22507
May 22, 2022	19601	11	8737	16965
May 23, 2022	19351	82	66962	4386
May 24, 2022	18957	88	47843	32029
May 25, 2022	18950	51	44137	22006
May 26, 2022	18731	28	40173	21234
May 27, 2022	18548	45	37930	4811
May 28, 2022	18226	23	29279	23582
May 29, 2022	17975	14	7354	16440
May 30, 2022	17714	85	56412	4673
May 31, 2022	17409	76	40214	35142
Jun 01, 2022	17053	58	35971	26144
Jun 02, 2022	16894	41	32715	25365
Jun 03, 2022	16739	38	30418	25130
Jun 04, 2022	16482	34	22806	25172
Jun 05, 2022	16128	10	5936	20542
Jun 06, 2022	15833	9	43727	6184
Jun 07, 2022	15679	74	29942	11627
Jun 08, 2022	15546	77	27768	53802
Jun 09, 2022	15496	42	24255	40151
Jun 10, 2022	15510	39	-42	17152
Jun 11, 2022	15442	0	39433	0
Jun 12, 2022	15242	0	4386	79397
Jun 13, 2022	14977	92	32029	8474
Jun 14, 2022	14848	57	21914	65425
Jun 15, 2022	14835	49	21177	51954
Jun 16, 2022	14910	49	4762	53081
Jun 17, 2022	14848	43	23533	50605
Jun 18, 2022	14969	19	-43	50266
Jun 19, 2022	15031	3	16440	40125
Jun 20, 2022	14848	45	39793	11566
Jun 21, 2022	15010	56	26099	95217
Jun 22, 2022	15297	66	25309	77967
Jun 23, 2022	15904	40	25064	79852
Jun 24, 2022	16501	49	25132	79262
Jun 25, 2022	17224	30	-49	80926
Jun 26, 2022	17571	11	20542	66301
Jun 27, 2022	17738	48	17770	17601
Jun 28, 2022	18129	37	53754	147248
Jun 29, 2022	18966	48	40114	124724
Jun 30, 2022	20153	42	17104	133346
Jul 01, 2022	21021	52	-42	125066
Jul 02, 2022	22207	30	-52	122639
Jul 03, 2022	22670	14	79397	96191
Jul 04, 2022	22260	97	73899	24418
Jul 05, 2022	22902	75	51813	206554
Jul 06, 2022	24397	53	53006	154615
Jul 07, 2022	26337	89	50552	161265
Jul 08, 2022	28242	74	50177	140997
Jul 09, 2022	29392	39	-74	116405
Jul 10, 2022	29907	15	40125	110589
Jul 11, 2022	29745	108	106783	24343
Jul 12, 2022	31286	126	77805	182006
Jul 13, 2022	34024	109	79726	127642
Jul 14, 2022	37486	54	79153	119285
Jul 15, 2022	40061	108	80872	23027
Jul 16, 2022	42666	59	66193	124009
Jul 17, 2022	43634	26	17601	73668
Jul 18, 2022	42614	174	147163	17733
Jul 19, 2022	44795	144	124550	134188
Jul 20, 2022	48937	125	133202	89982
Jul 21, 2022	53582	133	124941	80869
Jul 22, 2022	57073	113	122506	74348
Jul 23, 2022	59355	57	96078	68532
Jul 24, 2022	59459	23	24418	50032
Jul 25, 2022	59665	130	206474	11195
Jul 26, 2022	61008	119	154485	87562
Jul 27, 2022	64176	103	161146	58638
Jul 28, 2022	68629	112	140894	51594
Jul 29, 2022	70993	89	116293	45515
Jul 30, 2022	71650	55	110500	41274
Jul 31, 2022	70888	20	24343	31535
Aug 01, 2022	68144	121	181931	7249
Aug 02, 2022	67828	101	127521	54519
Aug 03, 2022	70278	90	119184	38788
Aug 04, 2022	73061	87	22937	33799
Aug 05, 2022	73894	80	123922	30592
Aug 06, 2022	73093	45	73588	28518
Aug 07, 2022	71316	20	17733	21528
Aug 08, 2022	68414	109	134123	5090
Aug 09, 2022	66777	111	89873	38230
Aug 10, 2022	66474	88	80758	27081
Aug 11, 2022	67901	80	74260	24312
Aug 12, 2022	67237	74	68452	22638
Aug 13, 2022	65713	0	49958	21175
Aug 14, 2022	64712	0	11195	16347
Aug 15, 2022	63048	65	87562	4564
Aug 16, 2022	61225	113	58573	6331
Aug 17, 2022	61466	93	51481	35745
Aug 18, 2022	61805	92	45422	23605
Aug 19, 2022	60568	74	41182	20236
Aug 20, 2022	59650	40	31461	19870
Aug 21, 2022	58186	0	7249	14820
Aug 22, 2022	56750	76	54479	4012
Aug 23, 2022	55878	88	38712	28988
Aug 24, 2022	55216	57	33711	21289
Aug 25, 2022	55035	44	30535	19837
Aug 26, 2022	54297	51	28474	18116
Aug 27, 2022	53334	23	21477	17833
Aug 28, 2022	52438	9	5090	14110
Aug 29, 2022	51730	78	38198	3806
Aug 30, 2022	50789	72	27003	27358
Aug 31, 2022	50409	54	24240	19240
Sep 01, 2022	50122	41	22584	18646
Sep 02, 2022	49333	55	21134	16399
Sep 03, 2022	48461	14	16292	15597
Sep 04, 2022	47804	3	4564	12894
Sep 05, 2022	46945	67	6314	3443
Sep 06, 2022	46055	60	35678	26918
Sep 07, 2022	45584	46	23545	20142
Sep 08, 2022	45345	58	20190	19866
Sep 09, 2022	44603	31	19812	19087
Sep 10, 2022	44114	15	14789	19517
Sep 11, 2022	43615	6	4012	16422
Sep 12, 2022	42964	40	28967	4579
Sep 13, 2022	42257	49	21249	41850
Sep 14, 2022	41887	33	19788	33575
Sep 15, 2022	41457	33	18083	33263
Sep 16, 2022	40730	28	17800	28686
Sep 17, 2022	40057	11	14082	33162
Sep 18, 2022	39702	2	3806	23137
Sep 19, 2022	39194	58	27345	5219
Sep 20, 2022	38676	48	19182	51816
Sep 21, 2022	38259	33	18598	38250
Sep 22, 2022	37932	30	16366	38464
Sep 23, 2022	37397	33	15567	37524
Sep 24, 2022	36681	14	12861	38024
Sep 25, 2022	36346	8	3443	31365
Sep 26, 2022	35871	51	26896	7489
Sep 27, 2022	35464	40	20091	73639
Sep 28, 2022	35064	45	19826	53410
Sep 29, 2022	34677	33	19042	51366
Sep 30, 2022	34172	34	19484	48261
Oct 01, 2022	33545	17	16388	46596
Oct 02, 2022	33088	7	4579	37453
Oct 03, 2022	32768	62	41826	8690
Oct 04, 2022	32215	74	33513	89185
Oct 05, 2022	31843	47	33189	66564
Oct 06, 2022	31339	50	28639	65537
Oct 07, 2022	30858	53	33112	61121
Oct 08, 2022	30392	26	23084	57270
Oct 09, 2022	29946	8	5219	42626
Oct 10, 2022	29369	79	51782	9373
Oct 11, 2022	28777	85	38171	94753
Oct 12, 2022	28040	55	38379	67948
Oct 13, 2022	27459	62	37469	64218
Oct 14, 2022	26891	79	37962	58695
Oct 15, 2022	26385	35	31286	55394
Oct 16, 2022	25935	17	7489	41973
Oct 17, 2022	25554	112	73587	9421
Oct 18, 2022	25099	101	53298	87666
Oct 19, 2022	24712	106	51265	63031
Oct 20, 2022	24360	69	48155	56793
Oct 21, 2022	23927	81	46527	49087
Oct 22, 2022	23464	33	37372	43746
Oct 23, 2022	23065	17	8690	31470
Oct 24, 2022	22747	122	89135	6907
Oct 25, 2022	22250	131	66442	59653
Oct 26, 2022	21876	60	65406	41185
Oct 27, 2022	21876	71	61061	37089
Oct 28, 2022	20894	61	57199	25783
Oct 29, 2022	20407	41	42565	22723
Oct 30, 2022	19866	9	9373	16456
Oct 31, 2022	19322	112	94703	3768
Nov 01, 2022	18820	53	67836	29525
Nov 02, 2022	18343	97	64165	5691
Nov 03, 2022	17858	55	58598	42025
Nov 04, 2022	17337	78	55339	29438
Nov 05, 2022	16867	34	41895	26840
Nov 06, 2022	16373	9	0	21178
Nov 07, 2022	15855	109	97044	3645
Nov 08, 2022	15383	117	62922	40591
Nov 09, 2022	14885	72	56676	28702
Nov 10, 2022	14399	53	49015	27068
Nov 11, 2022	13909	33	43693	26353
Nov 12, 2022	13438	15	31437	5577
Nov 13, 2022	12974	2	6907	27155
Nov 14, 2022	12530	100	59636	6017
Nov 15, 2022	12223	110	41085	48971
Nov 16, 2022	12053	71	36979	34878
Nov 17, 2022	11915	87	25712	33331
Nov 18, 2022	11710	74	22636	37177
Nov 19, 2022	11584	75	16382	47088
Nov 20, 2022	11475	6	3768	14204
Nov 21, 2022	11345	94	29444	29335
Nov 22, 2022	11266	89	5597	64772
Nov 23, 2022	11179	84	41936	49188
Nov 24, 2022	11145	60	-84	50530
Nov 25, 2022	11072	68	56218	48629
Nov 26, 2022	11022	29	21110	48331
Nov 27, 2022	10962	8	3645	37675
Nov 28, 2022	10910	95	40554	9304
Nov 29, 2022	10867	88	28607	91814
Nov 30, 2022	10970	91	26980	68382
Dec 01, 2022	11153	76	26262	69253
Dec 02, 2022	11287	67	5501	59008
Dec 03, 2022	11538	38	27088	52908
Dec 04, 2022	11720	10	6017	40006
Dec 05, 2022	11788	104	48923	10591
Dec 06, 2022	12150	117	34774	105516
Dec 07, 2022	12846	93	33214	75752
Dec 08, 2022	13830	62	37084	71597
Dec 09, 2022	14881	94	47026	65509
Dec 10, 2022	16004	62	14110	61482
Dec 11, 2022	16659	30	29335	46422
Dec 12, 2022	16986	167	64680	10878
Dec 13, 2022	18246	138	49021	97037
Dec 14, 2022	20201	114	50392	70224
Dec 15, 2022	21453	106	48515	62541
Dec 16, 2022	23472	131	48225	56361
Dec 17, 2022	25268	45	37544	52544
Dec 18, 2022	25792	35	9304	37264
Dec 19, 2022	25527	178	91734	8213
Dec 20, 2022	26756	130	68204	71212
Dec 21, 2022	28685	127	69123	54613
Dec 22, 2022	31113	120	58881	49517
Dec 23, 2022	32562	158	52788	43766
Dec 24, 2022	33328	58	39848	40744
Dec 25, 2022	32991	24	0	23681
Dec 26, 2022	31542	133	10591	5429
Dec 27, 2022	30137	208	105516	30989
Dec 28, 2022	31613	140	147349	26081
Dec 29, 2022	33874	132	64946	24436
Dec 30, 2022	34529	115	61350	23808
Dec 31, 2022	33983	52	46307	21836
Jan 01, 2023	33191	28	10878	15005
Jan 02, 2023	32490	172	96957	2246
Jan 03, 2023	30838	163	70052	22916
Jan 04, 2023	31090	123	62378	14105
Jan 05, 2023	32010	143	56238	11537
Jan 06, 2023	32741	126	52401	10383
Jan 07, 2023	31833	54	37264	8961
Jan 08, 2023	30344	22	8213	6557
Jan 09, 2023	29099	145	71010	1702
Jan 10, 2023	28321	115	54468	11715
Jan 11, 2023	28626	88	49402	7635
Jan 12, 2023	29069	53	43678	7159
Jan 13, 2023	29100	101	40691	6238
Jan 14, 2023	28673	27	23580	5429
Jan 15, 2023	27905	9	5429	4166
Jan 16, 2023	27049	80	30953	1235
Jan 17, 2023	26596	99	26001	8381
Jan 18, 2023	26534	82	24337	5894
Jan 19, 2023	26376	64	23726	4992
Jan 20, 2023	25950	44	21772	4475
Jan 21, 2023	24718	54	14961	4324
Jan 22, 2023	23673	9	2246	3477
Jan 23, 2023	22788	134	22853	1027
Jan 24, 2023	22070	59	13971	7263
Jan 25, 2023	21872	0	11478	5347
Jan 26, 2023	21862	28	10383	5287
Jan 27, 2023	21313	44	8933	4681
Jan 28, 2023	20776	0	6513	4513
Jan 29, 2023	20357	0	1702	3802
Jan 30, 2023	19877	96	11715	982
Jan 31, 2023	19497	57	7539	6860
Feb 01, 2023	19403	53	7102	4506
Feb 02, 2023	19137	52	6185	4021
Feb 03, 2023	18992	28	0	3618
Feb 04, 2023	18704	21	5429	3312
Feb 05, 2023	18081	0	4166	2632
Feb 06, 2023	17617	40	9616	718
Feb 07, 2023	17292	42	5753	4999
Feb 08, 2023	17077	31	4950	3991
Feb 09, 2023	16840	17	4444	3653
Feb 10, 2023	16502	20	4307	3366
Feb 11, 2023	16273	0	3457	3187
Feb 12, 2023	16106	0	1027	2469
Feb 13, 2023	15974	50	7263	706
Feb 14, 2023	15762	35	5297	4986
Feb 15, 2023	15681	35	5252	3972
Feb 16, 2023	15664	27	4646	4021
Feb 17, 2023	15527	28	4486	3589
Feb 18, 2023	15527	0	3774	4236
Feb 19, 2023	15527	0	982	2999
Feb 20, 2023	14666	47	6860	898
Feb 21, 2023	14466	32	4459	5774
Feb 22, 2023	14243	38	3989	4584
Feb 23, 2023	14104	19	3580	4489
Feb 24, 2023	13793	29	3293	3917
Feb 25, 2023	13511	0	2603	3843
Feb 26, 2023	13412	0	718	2942
Feb 27, 2023	13250	52	4999	841
Feb 28, 2023	13004	34	3939	5651
Mar 01, 2023	12819	25	3619	4525
Mar 02, 2023	12796	21	3341	4196
Mar 03, 2023	12745	21	3166	3194
Mar 04, 2023	12629	0	2448	4013
Mar 05, 2023	12507	0	0	0
Mar 06, 2023	12297	43	5692	953
Mar 07, 2023	12140	0	-43	0
Mar 08, 2023	11633	0	3972	0
Mar 09, 2023	11437	0	4021	0
Mar 10, 2023	11266	90	7825	6188
Mar 11, 2023	11266	0	2909	6072
Mar 12, 2023	11266	0	898	4558
Mar 13, 2023	10789	50	5774	1235
Mar 14, 2023	10699	27	4534	9937
Mar 15, 2023	10640	24	4462	8348
Mar 16, 2023	10577	24	3893	7932
Mar 17, 2023	10420	26	3819	7228
Mar 18, 2023	10343	0	2916	7210
Mar 19, 2023	10215	0	841	5459
Mar 20, 2023	10101	63	5651	1470
Mar 21, 2023	10060	35	4462	11519
Mar 22, 2023	9997	13	4161	9762
Mar 23, 2023	9961	29	3181	9249
Mar 24, 2023	9886	15	3984	8839
Mar 25, 2023	9802	0	-15	8435
Mar 26, 2023	9700	0	953	6211
Mar 27, 2023	9656	65	0	7
Mar 28, 2023	9557	39	-65	12933
Mar 29, 2023	9437	36	-39	10885
Mar 30, 2023	9419	0	-36	0
Mar 31, 2023	9316	69	12260	9211
Apr 01, 2023	9268	0	4489	8455
Apr 02, 2023	9199	0	1235	6027
Apr 03, 2023	9183	58	9937	1453
Apr 04, 2023	9189	0	-58	0
Apr 05, 2023	9102	58	16280	9922
Apr 06, 2023	9133	35	7170	9374
Apr 07, 2023	9102	28	7175	8786
Apr 08, 2023	9102	0	5431	7739
Apr 09, 2023	9102	0	1470	6474
Apr 10, 2023	8960	0	11519	1342
Apr 11, 2023	8908	0	9762	1884
Apr 12, 2023	8940	59	9249	14207
Apr 13, 2023	8950	0	8780	10678
Apr 14, 2023	8926	108	8435	9467
Apr 15, 2023	8892	0	6103	8595
Apr 16, 2023	8836	0	7	5805
Apr 17, 2023	8723	0	12933	1411
Apr 18, 2023	8678	140	10885	10616
Apr 19, 2023	8690	0	-140	8807
Apr 20, 2023	8689	0	9211	8201
Apr 21, 2023	8688	125	8455	7400
Apr 22, 2023	8688	0	5902	6796
Apr 23, 2023	8611	0	1453	5008
Apr 24, 2023	8598	0	0	1185
Apr 25, 2023	8615	136	9922	8895
Apr 26, 2023	8631	0	9238	7490
Apr 27, 2023	8644	0	8786	6609
Apr 28, 2023	8663	131	7739	6144
Apr 29, 2023	8693	0	6343	5642
Apr 30, 2023	8678	0	1342	4030
May 01, 2023	8662	0	1884	1098
May 02, 2023	8660	89	14207	1065
May 03, 2023	8659	0	10589	8715
May 04, 2023	8668	0	9467	6161
May 05, 2023	8655	166	8595	5505
May 06, 2023	8543	0	5639	5103
May 07, 2023	8519	0	1411	3301
May 08, 2023	8487	0	10616	759
May 09, 2023	8465	51	8807	1044
May 10, 2023	8487	0	8150	6708
May 11, 2023	8513	0	0	0
May 12, 2023	8534	108	14196	9003
May 13, 2023	8545	0	4900	3706
May 14, 2023	8530	0	1185	2563
May 15, 2023	8491	0	8895	623
May 16, 2023	8471	82	7490	5118
May 17, 2023	8418	0	6527	4149
May 18, 2023	8342	0	0	0
May 19, 2023	8358	0	6144	0
May 20, 2023	8350	0	5642	0
May 21, 2023	8315	0	4030	0
May 22, 2023	8270	76	2163	677
May 23, 2023	8270	79	8639	5901
May 24, 2023	8270	0	6082	4905
May 25, 2023	8393	0	5505	4220
May 26, 2023	8403	56	5103	3724
May 27, 2023	8403	0	3245	3317
May 28, 2023	8403	0	759	2284
May 29, 2023	8403	0	1044	592
May 30, 2023	8387	48	6708	902
May 31, 2023	8396	0	-48	5210
Jun 01, 2023	8453	0	9003	3735
Jun 02, 2023	8453	62	3706	3204
Jun 03, 2023	8546	0	2501	2797
Jun 04, 2023	8566	0	623	2082
Jun 05, 2023	8536	0	5118	443
Jun 06, 2023	8561	51	4149	3590
Jun 07, 2023	8633	0	-51	2762
Jun 08, 2023	8704	0	0	2603
Jun 09, 2023	8713	56	0	2357
Jun 10, 2023	8730	0	-56	2135
Jun 11, 2023	8694	0	677	1282
Jun 12, 2023	8644	0	5901	332
Jun 13, 2023	8673	28	4905	2631
Jun 14, 2023	8757	0	4192	2069
Jun 15, 2023	8844	0	3724	545
Jun 16, 2023	8922	40	3317	2895
Jun 17, 2023	9019	0	2244	1482
Jun 18, 2023	9054	0	592	1080
Jun 19, 2023	9039	0	902	270
Jun 20, 2023	9039	45	5210	2071
Jun 21, 2023	9125	0	3690	1702
Jun 22, 2023	9231	0	3204	1420
Jun 23, 2023	9253	23	2797	1232
Jun 24, 2023	9278	0	2059	1217
Jun 25, 2023	9352	0	443	776
Jun 26, 2023	9317	0	3590	213
Jun 27, 2023	9317	26	2762	1680
Jun 28, 2023	9425	0	2577	1148
Jun 29, 2023	9460	0	2357	1106
Jun 30, 2023	9460	0	2135	1106
Jul 01, 2023	9460	0	0	0
Jul 02, 2023	9460	0	1282	0
Jul 03, 2023	9460	0	332	0
Jul 04, 2023	9460	0	2631	0
Jul 05, 2023	9460	0	2069	0
Jul 06, 2023	9460	0	545	0
Jul 07, 2023	9460	0	2895	0
Jul 08, 2023	9460	0	1482	0
Jul 09, 2023	9460	0	1080	0
Jul 10, 2023	9460	0	270	0
Jul 11, 2023	9460	0	2071	0
Jul 12, 2023	9460	0	1702	0
Jul 13, 2023	9460	0	1420	0
Jul 14, 2023	9460	0	1232	0
Jul 15, 2023	9460	0	1217	0
Jul 16, 2023	9460	0	776	0
Jul 17, 2023	9460	0	213	0
Jul 18, 2023	9460	0	1680	0
Jul 19, 2023	9897	0	1148	0
Jul 20, 2023	9828	0	1106	0
Jul 21, 2023	9828	0	1106	0
Jul 22, 2023	9791	0	0	0
Jul 23, 2023	9753	0	0	0
Jul 24, 2023	9717	0	0	0
Jul 25, 2023	9700	0	0	0
Jul 26, 2023	9660	0	0	0
Jul 27, 2023	9641	0	0	0
Jul 28, 2023	9623	0	0	0
Jul 29, 2023	9575	0	0	0
Jul 30, 2023	9518	0	0	0
Jul 31, 2023	9463	0	0	0
Aug 01, 2023	9394	0	0	0
Aug 02, 2023	9303	0	0	0
Aug 03, 2023	9216	0	0	0
Aug 04, 2023	9094	0	0	0
Aug 05, 2023	9094	0	0	0
Aug 06, 2023	9094	0	0	0
Aug 07, 2023	8708	0	0	0
Aug 08, 2023	8571	0	0	0
Aug 09, 2023	8451	0	0	0
Aug 10, 2023	8350	0	0	0
Aug 11, 2023	8264	0	0	0
Aug 12, 2023	8171	0	0	0
Aug 13, 2023	8059	0	0	0
Aug 14, 2023	8059	0	0	0
Aug 15, 2023	7791	0	0	0
Aug 16, 2023	7662	0	0	0
Aug 17, 2023	7662	0	0	0
Aug 18, 2023	7662	0	0	0
Aug 19, 2023	7662	0	0	0
Aug 20, 2023	7662	0	0	0
Aug 21, 2023	7662	0	0	0
Aug 22, 2023	7662	0	0	0
Aug 23, 2023	7662	0	0	0
Aug 24, 2023	7662	0	0	0
Aug 25, 2023	7662	0	0	0
Aug 26, 2023	7662	0	0	0
Aug 27, 2023	7662	0	0	0
Aug 28, 2023	7662	0	0	0
Aug 29, 2023	7662	0	0	0
Aug 30, 2023	7662	0	0	0
Aug 31, 2023	7662	0	0	0
Sep 01, 2023	7662	0	0	0
Sep 02, 2023	7662	0	0	0
Sep 03, 2023	7662	0	0	0
Sep 04, 2023	7662	0	0	0
Sep 05, 2023	7662	0	0	0
Sep 06, 2023	7662	0	0	0
Sep 07, 2023	7662	0	0	0
Sep 08, 2023	7662	0	0	0
Sep 09, 2023	7662	0	0	0
Sep 10, 2023	7662	0	0	0
Sep 11, 2023	7662	0	0	0
Sep 12, 2023	7662	0	0	0
Sep 13, 2023	7662	0	0	0
Sep 14, 2023	7662	0	0	0
Sep 15, 2023	7662	0	0	0
Sep 16, 2023	7662	0	0	0
Sep 17, 2023	7662	0	0	0
Sep 18, 2023	7662	0	0	0
Sep 19, 2023	7662	0	0	0
Sep 20, 2023	7662	0	0	0
Sep 21, 2023	7662	0	0	0
Sep 22, 2023	7662	0	0	0
Sep 23, 2023	7662	0	0	0
Sep 24, 2023	7662	0	0	0
Sep 25, 2023	7662	0	0	0
Sep 26, 2023	7662	0	0	0
Sep 27, 2023	7662	0	0	0
Sep 28, 2023	7662	0	0	0
Sep 29, 2023	7662	0	0	0
Sep 30, 2023	7662	0	0	0
Oct 01, 2023	7662	0	0	0
Oct 02, 2023	7662	0	0	0
Oct 03, 2023	7662	0	0	0
Oct 04, 2023	7662	0	0	0
Oct 05, 2023	7662	0	0	0
Oct 06, 2023	7662	0	0	0
Oct 07, 2023	7662	0	0	0
Oct 08, 2023	9532	0	0	0
Oct 09, 2023	9532	0	0	0
Oct 10, 2023	9532	0	0	0
Oct 11, 2023	9532	0	0	0
Oct 12, 2023	9532	0	0	0
Oct 13, 2023	9532	0	0	0
Oct 14, 2023	9532	0	0	0
Oct 15, 2023	9532	0	0	0
Oct 16, 2023	9532	0	0	0
Oct 17, 2023	9532	0	0	0
Oct 18, 2023	9532	0	0	0
Oct 19, 2023	9532	0	0	0
Oct 20, 2023	9882	0	0	0
Oct 21, 2023	9882	0	0	0
Oct 22, 2023	9882	0	0	0
Oct 23, 2023	9882	0	0	0
Oct 24, 2023	9882	0	0	0
Oct 25, 2023	9882	0	0	0
Oct 26, 2023	9882	0	0	0
Oct 27, 2023	9882	0	0	0
Oct 28, 2023	9882	0	0	0
Oct 29, 2023	9882	0	0	0
Oct 30, 2023	9882	0	0	0
Oct 31, 2023	9882	0	0	0
Nov 01, 2023	9882	0	0	0
Nov 02, 2023	9882	0	0	0
Nov 03, 2023	9882	0	0	0
Nov 04, 2023	9882	0	0	0
Nov 05, 2023	9882	0	0	0
Nov 06, 2023	9882	0	0	0
Nov 07, 2023	9882	0	0	0
Nov 08, 2023	9882	0	0	0
Nov 09, 2023	9882	0	0	0
Nov 10, 2023	9882	0	0	0
Nov 11, 2023	9882	0	0	0
Nov 12, 2023	9882	0	0	0
Nov 13, 2023	9882	0	0	0
Nov 14, 2023	10067	0	0	0
Nov 15, 2023	10067	0	0	0
Nov 16, 2023	10067	0	0	0
Nov 17, 2023	10067	0	0	0
Nov 18, 2023	10067	0	0	0
Nov 19, 2023	10067	0	0	0
Nov 20, 2023	10067	0	0	0
Nov 21, 2023	10570	0	0	0
Nov 22, 2023	10570	0	0	0
Nov 23, 2023	10570	0	0	0
Nov 24, 2023	10570	0	0	0
Nov 25, 2023	10570	0	0	0
Nov 26, 2023	10570	0	0	0
Nov 27, 2023	10570	0	0	0
Nov 28, 2023	10570	0	0	0
Nov 29, 2023	10570	0	0	0
Nov 30, 2023	10570	0	0	0
Dec 01, 2023	10570	0	0	0
Dec 02, 2023	10570	0	0	0
Dec 03, 2023	10570	0	0	0
Dec 04, 2023	10601	0	0	0
Dec 05, 2023	10601	0	0	0
Dec 06, 2023	10601	0	0	0
Dec 07, 2023	10601	0	0	0
Dec 08, 2023	10601	0	0	0
Dec 09, 2023	10601	0	0	0
Dec 10, 2023	10601	0	0	0
Dec 11, 2023	10881	0	0	0
Dec 12, 2023	10881	0	0	0
Dec 13, 2023	10881	0	0	0
Dec 14, 2023	10881	0	0	0
Dec 15, 2023	10881	0	0	0
Dec 16, 2023	10881	0	0	0
Dec 17, 2023	10881	0	0	0
Dec 18, 2023	10881	0	0	0
Dec 19, 2023	10881	0	0	0
Dec 20, 2023	10881	0	0	0
Dec 21, 2023	10881	0	0	0
Dec 22, 2023	10881	0	0	0
Dec 23, 2023	10881	0	0	0
Dec 24, 2023	11340	0	0	0
Dec 25, 2023	11340	0	0	0
Dec 26, 2023	11340	0	0	0
Dec 27, 2023	11340	0	0	0
Dec 28, 2023	11340	0	0	0
Dec 29, 2023	11340	0	0	0
Dec 30, 2023	11340	0	0	0
Dec 31, 2023	12164	0	0	0
Jan 01, 2024	12164	0	0	0
Jan 02, 2024	12164	0	0	0
Jan 03, 2024	12164	0	0	0
Jan 04, 2024	12164	0	0	0
Jan 05, 2024	12164	0	0	0
Jan 06, 2024	12164	0	0	0
Jan 07, 2024	12164	0	0	0
Jan 08, 2024	12164	0	0	0
Jan 09, 2024	12164	0	0	0
Jan 10, 2024	12164	0	0	0
Jan 11, 2024	12164	0	0	0
Jan 12, 2024	12164	0	0	0
Jan 13, 2024	12164	0	0	0
Jan 14, 2024	12164	0	0	0
Jan 15, 2024	12164	0	0	0
Jan 16, 2024	12164	0	0	0
Jan 17, 2024	12164	0	0	0
Jan 18, 2024	12164	0	0	0
Jan 19, 2024	12164	0	0	0
Jan 20, 2024	12164	0	0	0
Jan 21, 2024	12164	0	0	0
Jan 22, 2024	12164	0	0	0
Jan 23, 2024	12164	0	0	0
Jan 24, 2024	12164	0	0	0
Jan 25, 2024	12164	0	0	0
Jan 26, 2024	12164	0	0	0
Jan 27, 2024	12164	0	0	0
Jan 28, 2024	12164	0	0	0
Jan 29, 2024	12164	0	0	0
Jan 30, 2024	12164	0	0	0
Jan 31, 2024	12164	0	0	0
Feb 01, 2024	12164	0	0	0
Feb 02, 2024	12164	0	0	0
Feb 03, 2024	12164	0	0	0
Feb 04, 2024	12164	0	0	0
Feb 05, 2024	12164	0	0	0
Feb 06, 2024	12164	0	0	0
Feb 07, 2024	12164	0	0	0
Feb 08, 2024	12164	0	0	0
Feb 09, 2024	12164	0	0	0
Feb 10, 2024	12164	0	0	0
Feb 11, 2024	12164	0	0	0
Feb 12, 2024	12164	0	0	0
Feb 13, 2024	12164	0	0	0
Feb 14, 2024	12164	0	0	0
Feb 15, 2024	12164	0	0	0
Feb 16, 2024	12164	0	0	0
Feb 17, 2024	12164	0	0	0
Feb 18, 2024	12164	0	0	0
Feb 19, 2024	12164	0	0	0
Feb 20, 2024	12164	0	0	0
Feb 21, 2024	12164	0	0	0
Feb 22, 2024	12164	0	0	0
Feb 23, 2024	12164	0	0	0
Feb 24, 2024	12164	0	0	0
Feb 25, 2024	12164	0	0	0
Feb 26, 2024	12164	0	0	0
Feb 27, 2024	12164	0	0	0
Feb 28, 2024	12164	0	0	0
Feb 29, 2024	12164	0	0	0
Mar 01, 2024	12164	0	0	0
Mar 02, 2024	12164	0	0	0
Mar 03, 2024	12164	0	0	0
Mar 04, 2024	12164	0	0	0
Mar 05, 2024	12164	0	0	0
Mar 06, 2024	12164	0	0	0
Mar 07, 2024	12164	0	0	0
Mar 08, 2024	12164	0	0	0
Mar 09, 2024	12164	0	0	0
Mar 10, 2024	12164	0	0	0
Mar 11, 2024	12164	0	0	0
Mar 12, 2024	12164	0	0	0
Mar 13, 2024	12164	0	0	0
Mar 14, 2024	12164	0	0	0
Mar 15, 2024	12164	0	0	0
Mar 16, 2024	12164	0	0	0
Mar 17, 2024	12164	0	0	0
Mar 18, 2024	12164	0	0	0
Mar 19, 2024	12164	0	0	0
Mar 20, 2024	12164	0	0	0
Mar 21, 2024	12164	0	0	0
Mar 22, 2024	12164	0	0	0
Mar 23, 2024	12164	0	0	0
