Feb 15, 2020	0	null	null	null
Feb 16, 2020	0	0	0	0
Feb 17, 2020	0	0	1	0
Feb 18, 2020	0	0	2	0
Feb 19, 2020	0	0	0	0
Feb 20, 2020	0	0	0	0
Feb 21, 2020	0	0	0	0
Feb 22, 2020	0	0	3	0
Feb 23, 2020	0	0	0	0
Feb 24, 2020	0	0	1	0
Feb 25, 2020	1	0	0	2
Feb 26, 2020	1	0	0	4
Feb 27, 2020	1	0	0	19
Feb 28, 2020	1	0	0	18
Feb 29, 2020	2	0	1	39
Mar 01, 2020	2	0	0	27
Mar 02, 2020	2	0	0	56
Mar 03, 2020	2	0	0	20
Mar 04, 2020	3	0	0	67
Mar 05, 2020	8	0	0	126
Mar 06, 2020	13	0	0	209
Mar 07, 2020	19	5	0	269
Mar 08, 2020	25	3	0	236
Mar 09, 2020	25	11	0	185
Mar 10, 2020	34	3	0	338
Mar 11, 2020	52	15	0	452
Mar 12, 2020	77	13	0	540
Mar 13, 2020	150	18	0	714
Mar 14, 2020	150	12	0	761
Mar 15, 2020	198	36	0	840
Mar 16, 2020	232	21	0	1100
Mar 17, 2020	344	27	590	997
Mar 18, 2020	525	89	0	1277
Mar 19, 2020	634	108	693	1691
Mar 20, 2020	962	78	292	1469
Mar 21, 2020	1164	112	0	1678
Mar 22, 2020	1527	112	613	1417
Mar 23, 2020	1898	186	0	3488
Mar 24, 2020	2211	240	1081	2224
Mar 25, 2020	2507	231	619	2662
Mar 26, 2020	2919	365	1048	3564
Mar 27, 2020	3339	299	752	3462
Mar 28, 2020	3807	319	0	4191
Mar 29, 2020	4139	292	1502	2362
Mar 30, 2020	4373	418	725	3977
Mar 31, 2020	5420	498	1517	6887
Apr 01, 2020	6548	508	1491	4418
Apr 02, 2020	7636	1354	1493	1923
Apr 03, 2020	8753	1119	1580	4755
Apr 04, 2020	9843	1052	1430	3877
Apr 05, 2020	10700	517	745	1703
Apr 06, 2020	11556	832	1067	3555
Apr 07, 2020	13295	1416	2087	3432
Apr 08, 2020	15328	540	1917	3526
Apr 09, 2020	17116	1339	1952	3895
Apr 10, 2020	18655	986	1726	3946
Apr 11, 2020	19762	634	1459	2829
Apr 12, 2020	20916	561	795	1466
Apr 13, 2020	22056	574	532	2428
Apr 14, 2020	9798	761	1087	4996
Apr 15, 2020	12940	1437	2150	2393
Apr 16, 2020	14835	752	1857	2400
Apr 17, 2020	17657	760	1608	368
Apr 18, 2020	20494	641	1563	2335
Apr 19, 2020	14207	395	595	714
Apr 20, 2020	16183	546	831	1864
Apr 21, 2020	16177	530	1772	2423
Apr 22, 2020	17707	543	1476	1661
Apr 23, 2020	19798	515	1431	1502
Apr 24, 2020	21878	389	1405	1611
Apr 25, 2020	26229	369	1101	1397
Apr 26, 2020	28690	242	309	419
Apr 27, 2020	31086	436	610	3420
Apr 28, 2020	35594	367	1373	1381
Apr 29, 2020	40051	426	1342	1675
Apr 30, 2020	43905	289	1248	1061
May 01, 2020	48052	218	736	563
May 02, 2020	49279	166	350	740
May 03, 2020	51558	135	222	287
May 04, 2020	55566	306	587	537
May 05, 2020	59060	330	1365	1029
May 06, 2020	67198	278	1236	3898
May 07, 2020	71738	178	1055	586
May 08, 2020	77232	243	815	598
May 09, 2020	84399	80	4206	403
May 10, 2020	87325	70	4272	195
May 11, 2020	90869	263	2851	425
May 12, 2020	93367	348	1265	659
May 13, 2020	98388	83	2590	473
May 14, 2020	110333	351	5146	580
May 15, 2020	119391	104	2529	524
May 16, 2020	128860	96	2468	347
May 17, 2020	131895	146	77	112
May 18, 2020	139171	131	2361	459
May 19, 2020	148295	119	1002	489
May 20, 2020	159057	110	1941	389
May 21, 2020	166225	83	2584	296
May 22, 2020	175841	74	1753	366
May 23, 2020	184297	43	1610	233
May 24, 2020	192558	35	1738	107
May 25, 2020	200942	65	1267	334
May 26, 2020	210918	98	3800	257
May 27, 2020	224116	66	520	178
May 28, 2020	220719	66	532	3098
May 29, 2020	249230	52	351	556
May 30, 2020	266382	57	138	1703
May 31, 2020	281216	31	394	239
Jun 01, 2020	290583	31	628	315
Jun 02, 2020	287127	107	366	283
Jun 03, 2020	287739	81	499	330
Jun 04, 2020	309422	44	480	720
Jun 05, 2020	325020	46	301	573
Jun 06, 2020	338371	31	81	543
Jun 07, 2020	356308	13	446	322
Jun 08, 2020	350934	54	435	198
Jun 09, 2020	381120	87	302	378
Jun 10, 2020	358238	23	273	511
Jun 11, 2020	371169	27	339	399
Jun 12, 2020	394715	28	205	681
Jun 13, 2020	383822	24	83	494
Jun 14, 2020	390473	9	325	382
Jun 15, 2020	397444	29	228	143
Jun 16, 2020	422353	111	67	323
Jun 17, 2020	413942	28	3070	430
Jun 18, 2020	435917	28	528	438
Jun 19, 2020	473309	14	1689	761
Jun 20, 2020	481191	16	223	602
Jun 21, 2020	461384	7	308	267
Jun 22, 2020	485130	23	260	350
Jun 23, 2020	489896	57	273	485
Jun 24, 2020	493339	11	709	76
Jun 25, 2020	533060	21	552	0
Jun 26, 2020	531409	26	517	1490
Jun 27, 2020	548067	8	314	490
Jun 28, 2020	558991	9	189	490
Jun 29, 2020	559952	18	360	263
Jun 30, 2020	564211	30	481	508
Jul 01, 2020	571349	18	381	861
Jul 02, 2020	528766	14	667	618
Jul 03, 2020	539864	18	476	546
Jul 04, 2020	541183	7	375	526
Jul 05, 2020	567004	7	136	600
Jul 06, 2020	587954	13	310	165
Jul 07, 2020	541594	13	417	446
Jul 08, 2020	536345	32	406	622
Jul 09, 2020	543640	14	747	583
Jul 10, 2020	554626	25	577	617
Jul 11, 2020	562334	4	263	628
Jul 12, 2020	587180	3	347	627
Jul 13, 2020	608315	18	467	270
Jul 14, 2020	650460	71	5	480
Jul 15, 2020	646944	20	-20	390
Jul 16, 2020	578164	18	1472	501
Jul 17, 2020	611203	14	476	785
Jul 18, 2020	637015	9	481	812
Jul 19, 2020	656620	8	255	812
Jul 20, 2020	639682	8	500	328
Jul 21, 2020	626530	13	848	548
Jul 22, 2020	624567	7	611	937
Jul 23, 2020	643437	10	536	997
Jul 24, 2020	678721	10	516	1060
Jul 25, 2020	700836	4	596	956
Jul 26, 2020	707032	4	161	955
Jul 27, 2020	696619	9	437	482
Jul 28, 2020	683003	14	608	680
Jul 29, 2020	686651	15	568	1306
Jul 30, 2020	707269	16	601	1292
Jul 31, 2020	698738	11	617	1263
Aug 01, 2020	740505	3	624	0
Aug 02, 2020	764931	4	266	2646
Aug 03, 2020	754092	22	458	522
Aug 04, 2020	750795	2	388	975
Aug 05, 2020	754438	9	492	1591
Aug 06, 2020	781212	7	778	1505
Aug 07, 2020	809135	12	800	2147
Aug 08, 2020	828879	1	811	1910
Aug 09, 2020	826381	1	327	1909
Aug 10, 2020	802178	14	534	737
Aug 11, 2020	776608	14	923	1311
Aug 12, 2020	767290	17	980	2369
Aug 13, 2020	778158	17	1043	2505
Aug 14, 2020	798951	17	939	2671
Aug 15, 2020	817348	4	951	3106
Aug 16, 2020	810984	1	481	2829
Aug 17, 2020	787196	24	656	463
Aug 18, 2020	758821	17	1289	2100
Aug 19, 2020	745200	17	1275	3544
Aug 20, 2020	750629	12	1251	4477
Aug 21, 2020	763762	23	-23	4304
Aug 22, 2020	770404	9	2637	3380
Aug 23, 2020	793123	1	521	4596
Aug 24, 2020	744713	15	960	1835
Aug 25, 2020	720818	16	1575	3101
Aug 26, 2020	707183	0	1505	5095
Aug 27, 2020	710419	32	2115	5735
Aug 28, 2020	728294	20	1890	6925
Aug 29, 2020	731833	6	1903	5117
Aug 30, 2020	722042	4	733	5080
Aug 31, 2020	703905	29	1282	2892
Sep 01, 2020	683309	26	2343	4675
Sep 02, 2020	679527	25	2480	6585
Sep 03, 2020	686354	0	2671	6716
Sep 04, 2020	700677	0	3106	8423
Sep 05, 2020	712888	12	2817	8024
Sep 06, 2020	706532	3	460	6636
Sep 07, 2020	678007	25	2075	3944
Sep 08, 2020	653118	38	3506	6141
Sep 09, 2020	630106	30	4447	8049
Sep 10, 2020	625704	19	4285	9237
Sep 11, 2020	635845	80	3300	8827
Sep 12, 2020	644267	17	4579	9911
Sep 13, 2020	637957	6	1829	6741
Sep 14, 2020	617350	34	3067	5779
Sep 15, 2020	593085	49	5046	7369
Sep 16, 2020	580377	46	5689	9182
Sep 17, 2020	582606	50	6875	9941
Sep 18, 2020	585826	153	4964	12402
Sep 19, 2020	585152	26	5054	12667
Sep 20, 2020	569966	11	2881	9918
Sep 21, 2020	548968	53	4622	4972
Sep 22, 2020	524999	78	6507	9392
Sep 23, 2020	509314	43	6673	12267
Sep 24, 2020	509805	52	8371	15105
Sep 25, 2020	524619	150	7874	14825
Sep 26, 2020	539647	39	6597	13525
Sep 27, 2020	544306	27	3917	10438
Sep 28, 2020	535860	81	6060	3819
Sep 29, 2020	516115	85	7964	7555
Sep 30, 2020	503190	63	9174	12054
Oct 01, 2020	505731	63	8764	13110
Oct 02, 2020	518370	130	9781	11400
Oct 03, 2020	526500	49	6692	15927
Oct 04, 2020	519960	32	5747	11792
Oct 05, 2020	512720	69	7300	4771
Oct 06, 2020	484799	66	9116	9843
Oct 07, 2020	476972	80	9861	17592
Oct 08, 2020	480363	76	12326	17013
Oct 09, 2020	488421	109	12558	19087
Oct 10, 2020	502532	54	9864	25240
Oct 11, 2020	488926	46	4926	15110
Oct 12, 2020	472017	95	9297	7981
Oct 13, 2020	451337	108	12159	12193
Oct 14, 2020	435477	104	15001	21200
Oct 15, 2020	433678	88	14737	28736
Oct 16, 2020	443531	178	13347	23542
Oct 17, 2020	450186	89	10349	30431
Oct 18, 2020	446253	85	3734	28000
Oct 19, 2020	430076	146	7409	12428
Oct 20, 2020	413179	262	11792	19208
Oct 21, 2020	403581	163	12947	25034
Oct 22, 2020	406344	162	11238	39060
Oct 23, 2020	416309	298	15629	39445
Oct 24, 2020	421539	137	11655	42626
Oct 25, 2020	416205	116	4655	48808
Oct 26, 2020	403328	257	9586	25123
Oct 27, 2020	394081	523	17069	31360
Oct 28, 2020	392010	244	16769	34194
Oct 29, 2020	398569	235	18852	44705
Oct 30, 2020	409152	545	24695	46185
Oct 31, 2020	418325	223	14887	33447
Nov 01, 2020	420210	231	7750	45258
Nov 02, 2020	428590	467	11726	51104
Nov 03, 2020	393885	906	20294	35912
Nov 04, 2020	380971	437	28299	39880
Nov 05, 2020	403809	415	23127	56292
Nov 06, 2020	421902	880	29551	58581
Nov 07, 2020	442825	356	27644	83324
Nov 08, 2020	453327	322	12106	38059
Nov 09, 2020	464802	548	18660	20732
Nov 10, 2020	490257	857	24177	22632
Nov 11, 2020	537684	328	38732	35488
Nov 12, 2020	378573	425	39020	32948
Nov 13, 2020	403175	932	41694	24147
Nov 14, 2020	408058	552	48256	31937
Nov 15, 2020	422132	500	24623	27370
Nov 16, 2020	404608	704	30656	10645
Nov 17, 2020	399837	625	33569	13630
Nov 18, 2020	406569	677	44028	26636
Nov 19, 2020	424121	681	45504	19848
Nov 20, 2020	446233	634	32813	21473
Nov 21, 2020	471606	390	44868	16780
Nov 22, 2020	486787	352	50752	12347
Nov 23, 2020	490510	638	35274	4178
Nov 24, 2020	492485	592	39288	8591
Nov 25, 2020	500625	569	55723	15280
Nov 26, 2020	522009	527	58054	12728
Nov 27, 2020	547527	581	82743	11692
Nov 28, 2020	573006	316	37743	11806
Nov 29, 2020	581773	301	20431	9182
Nov 30, 2020	579354	509	22123	3758
Dec 01, 2020	576333	466	35022	7585
Dec 02, 2020	582072	425	32523	13198
Dec 03, 2020	605706	439	23708	11914
Dec 04, 2020	633312	397	31540	10530
Dec 05, 2020	658067	327	27043	12127
Dec 06, 2020	669391	287	10358	10344
Dec 07, 2020	668665	480	13150	3201
Dec 08, 2020	662178	491	26145	12869
Dec 09, 2020	668889	403	19445	13697
Dec 10, 2020	691484	400	21073	12904
Dec 11, 2020	720858	412	16368	12581
Dec 12, 2020	749689	314	12033	13088
Dec 13, 2020	757640	271	3907	10823
Dec 14, 2020	751452	492	8099	2874
Dec 15, 2020	743704	428	14852	10822
Dec 16, 2020	746534	407	12321	16531
Dec 17, 2020	769537	376	11316	17130
Dec 18, 2020	800857	374	11432	14709
Dec 19, 2020	825050	294	8888	16484
Dec 20, 2020	827111	236	3522	12011
Dec 21, 2020	811019	456	7129	5440
Dec 22, 2020	797963	487	12711	11069
Dec 23, 2020	793361	359	11555	14010
Dec 24, 2020	807233	373	10157	20302
Dec 25, 2020	820302	242	11885	19015
Dec 26, 2020	821163	230	10114	2903
Dec 27, 2020	799386	257	2944	8279
Dec 28, 2020	767929	447	12422	2778
Dec 29, 2020	745516	468	13229	10694
Dec 30, 2020	740028	377	12527	24828
Dec 31, 2020	755903	325	12256	18700
Jan 01, 2021	771109	207	12881	18157
Jan 02, 2021	773734	231	10592	3253
Jan 03, 2021	747357	191	2683	11720
Jan 04, 2021	705480	453	10369	3774
Jan 05, 2021	673746	420	16111	19228
Jan 06, 2021	662140	387	16743	23817
Jan 07, 2021	687817	381	14328	20367
Jan 08, 2021	723864	381	16103	18594
Jan 09, 2021	753665	264	11747	18935
Jan 10, 2021	759596	248	5192	14963
Jan 11, 2021	747534	407	10662	3362
Jan 12, 2021	742275	452	13558	18536
Jan 13, 2021	799790	347	19955	22384
Jan 14, 2021	805098	401	18614	19921
Jan 15, 2021	850864	399	2504	19962
Jan 16, 2021	885245	264	8015	20088
Jan 17, 2021	893522	213	2565	15618
Jan 18, 2021	876994	475	10219	3506
Jan 19, 2021	872791	441	24387	22155
Jan 20, 2021	890102	420	18280	25135
Jan 21, 2021	933011	456	17701	21442
Jan 22, 2021	973632	429	2824	21858
Jan 23, 2021	1000277	295	11425	22451
Jan 24, 2021	1002936	237	3537	17301
Jan 25, 2021	974993	510	18718	3979
Jan 26, 2021	948567	417	23400	20726
Jan 27, 2021	1011627	505	19862	25259
Jan 28, 2021	945431	499	18095	22307
Jan 29, 2021	966521	510	18425	21451
Jan 30, 2021	985559	322	14641	22890
Jan 31, 2021	984194	275	3087	18051
Feb 01, 2021	958103	536	18000	4079
Feb 02, 2021	930335	485	21899	21900
Feb 03, 2021	907060	476	19445	24739
Feb 04, 2021	909006	476	19486	22005
Feb 05, 2021	924366	413	19675	20776
Feb 06, 2021	935556	263	15355	19319
Feb 07, 2021	928618	243	3263	18501
Feb 08, 2021	903295	530	21625	4051
Feb 09, 2021	878067	508	24627	17708
Feb 10, 2021	864555	404	21038	23824
Feb 11, 2021	869827	468	21390	19766
Feb 12, 2021	883699	429	22022	19427
Feb 13, 2021	896005	257	17044	19924
Feb 14, 2021	884232	226	3753	15527
Feb 15, 2021	856173	471	20255	4107
Feb 16, 2021	832608	410	24849	18384
Feb 17, 2021	821695	391	21916	23478
Feb 18, 2021	827107	352	21099	21116
Feb 19, 2021	843239	409	22481	22631
Feb 20, 2021	861199	213	17838	20994
Feb 21, 2021	862374	163	3916	20689
Feb 22, 2021	847481	363	21537	4360
Feb 23, 2021	833497	341	24398	18829
Feb 24, 2021	831883	370	21635	29579
Feb 25, 2021	855871	354	20422	23839
Feb 26, 2021	886558	379	18940	23655
Feb 27, 2021	914625	214	18287	22519
Feb 28, 2021	923582	125	3926	18724
Mar 01, 2021	915277	404	17304	4413
Mar 02, 2021	901957	330	23494	21450
Mar 03, 2021	910406	389	19377	25139
Mar 04, 2021	937865	360	19067	23723
Mar 05, 2021	977479	305	19619	22060
Mar 06, 2021	1010915	187	15340	21871
Mar 07, 2021	1037449	147	3960	20482
Mar 08, 2021	1047614	377	18007	4999
Mar 09, 2021	1054620	316	23162	21868
Mar 10, 2021	1063044	295	20821	28438
Mar 11, 2021	1094715	296	22335	25494
Mar 12, 2021	1134636	254	20740	23676
Mar 13, 2021	1168067	192	20497	27927
Mar 14, 2021	1184530	137	4223	24721
Mar 15, 2021	1177457	357	18472	6073
Mar 16, 2021	1166481	338	29241	28130
Mar 17, 2021	1172404	300	23539	36131
Mar 18, 2021	1204963	327	23328	32844
Mar 19, 2021	1248073	362	22157	32911
Mar 20, 2021	1283673	244	18480	33169
Mar 21, 2021	1299968	170	4243	28699
Mar 22, 2021	1293982	402	21048	35259
Mar 23, 2021	1282443	347	24792	23350
Mar 24, 2021	1283102	305	23418	31334
Mar 25, 2021	1295521	285	21775	42831
Mar 26, 2021	1323338	363	21508	39292
Mar 27, 2021	1347872	201	20281	39995
Mar 28, 2021	1357575	142	4857	34736
Mar 29, 2021	1342183	371	21497	26843
Mar 30, 2021	1320240	348	28090	26580
Mar 31, 2021	1310334	325	25169	39327
Apr 01, 2021	1327339	314	23362	47541
Apr 02, 2021	1357058	304	27623	43804
Apr 03, 2021	1367521	213	24508	18571
Apr 04, 2021	1346053	185	5888	57172
Apr 05, 2021	1304123	197	27933	11576
Apr 06, 2021	1260372	414	35717	54241
Apr 07, 2021	1242513	431	32413	28890
Apr 08, 2021	1259964	374	32537	14892
Apr 09, 2021	1286123	301	32868	38704
Apr 10, 2021	1306866	179	28520	40620
Apr 11, 2021	1300579	176	35083	32747
Apr 12, 2021	1261581	385	22965	8011
Apr 13, 2021	1220511	351	30983	36705
Apr 14, 2021	1197314	303	42528	40827
Apr 15, 2021	1208899	302	38990	35703
Apr 16, 2021	1219853	313	39682	34199
Apr 17, 2021	1237132	189	34547	33653
Apr 18, 2021	1232027	140	26703	27538
Apr 19, 2021	1196091	489	26091	6847
Apr 20, 2021	1165017	346	38981	39882
Apr 21, 2021	1149584	313	47228	32815
Apr 22, 2021	1169540	283	43521	32205
Apr 23, 2021	1195705	332	18239	30349
Apr 24, 2021	1207494	217	56955	30624
Apr 25, 2021	1196569	152	11424	22959
Apr 26, 2021	1155195	405	53836	5586
Apr 27, 2021	1114955	333	28557	28451
Apr 28, 2021	1090164	322	14570	29598
Apr 29, 2021	1096085	313	38391	24904
Apr 30, 2021	1124347	276	40344	22803
May 01, 2021	1134363	195	32552	24090
May 02, 2021	1126346	116	7895	9279
May 03, 2021	1104334	315	36390	3529
May 04, 2021	1064436	247	40580	22871
May 05, 2021	1051079	252	35451	24400
May 06, 2021	1059765	227	33972	20375
May 07, 2021	1087226	235	33418	17947
May 08, 2021	1111668	179	27359	19468
May 09, 2021	1108761	119	6728	8566
May 10, 2021	1092278	296	39586	3089
May 11, 2021	1073288	240	32575	18573
May 12, 2021	1070746	184	32021	20175
May 13, 2021	1088887	131	30218	18263
May 14, 2021	1122670	173	30451	6593
May 15, 2021	1156355	122	22837	14719
May 16, 2021	1157704	91	5495	13089
May 17, 2021	1135422	206	28245	3144
May 18, 2021	1112434	198	29400	16151
May 19, 2021	1107533	146	24763	17877
May 20, 2021	1133015	138	22803	15415
May 21, 2021	1172753	113	23947	12800
May 22, 2021	1202530	95	9166	12611
May 23, 2021	1208396	76	3440	9704
May 24, 2021	1185534	68	22801	2229
May 25, 2021	1162197	203	24320	3155
May 26, 2021	1153979	153	20172	12646
May 27, 2021	1166690	151	17803	13933
May 28, 2021	1190231	107	19308	11268
May 29, 2021	1209232	69	8459	10675
May 30, 2021	1209088	46	3021	8541
May 31, 2021	1189188	128	18529	1211
Jun 01, 2021	1161660	129	20044	9848
Jun 02, 2021	1154108	98	18134	8743
Jun 03, 2021	1175360	72	6469	8161
Jun 04, 2021	1202501	84	14673	6953
Jun 05, 2021	1216048	57	13005	6654
Jun 06, 2021	1203461	26	3087	5070
Jun 07, 2021	1175359	65	16126	1166
Jun 08, 2021	1139824	73	17811	6016
Jun 09, 2021	1122169	66	15342	5557
Jun 10, 2021	1136268	70	12735	4475
Jun 11, 2021	1172917	71	12540	3871
Jun 12, 2021	1204718	34	9604	3972
Jun 13, 2021	1207702	13	2195	2855
Jun 14, 2021	1188332	63	3171	689
Jun 15, 2021	1184706	80	12583	3235
Jun 16, 2021	1182463	50	13853	3058
Jun 17, 2021	1208168	62	11224	2044
Jun 18, 2021	1245029	56	10607	3181
Jun 19, 2021	1278102	22	8485	2624
Jun 20, 2021	1285337	14	1189	1815
Jun 21, 2021	1258550	40	9834	487
Jun 22, 2021	1243332	51	8703	2204
Jun 23, 2021	1260948	33	8110	2320
Jun 24, 2021	1304191	44	6920	2007
Jun 25, 2021	1345668	33	6610	1986
Jun 26, 2021	1374952	16	5037	2128
Jun 27, 2021	1376457	21	1154	1578
Jun 28, 2021	1344619	48	5999	509
Jun 29, 2021	1302169	33	5501	2314
Jun 30, 2021	1266774	25	4442	2457
Jul 01, 2021	1255863	29	3846	2664
Jul 02, 2021	1261656	24	3943	2683
Jul 03, 2021	1270706	17	2831	3006
Jul 04, 2021	1249096	9	672	2549
Jul 05, 2021	1202616	36	3226	796
Jul 06, 2021	1152770	34	3022	3585
Jul 07, 2021	1115611	28	2010	4081
Jul 08, 2021	1097942	25	3153	4442
Jul 09, 2021	1098358	18	2599	4580
Jul 10, 2021	1095134	19	1797	4696
Jul 11, 2021	1057925	4	468	4256
Jul 12, 2021	996162	28	2200	1260
Jul 13, 2021	936037	54	2292	6950
Jul 14, 2021	904571	6	1953	8875
Jul 15, 2021	897783	16	1980	3617
Jul 16, 2021	907506	22	2112	10908
Jul 17, 2021	909498	16	1556	10949
Jul 18, 2021	902472	5	493	12532
Jul 19, 2021	873491	20	2309	4151
Jul 20, 2021	842365	33	2437	18181
Jul 21, 2021	814159	29	2631	21539
Jul 22, 2021	808830	11	2654	21909
Jul 23, 2021	781229	26	2995	19561
Jul 24, 2021	809079	25	2523	25624
Jul 25, 2021	818085	7	771	15242
Jul 26, 2021	787297	50	3579	5307
Jul 27, 2021	759102	31	4036	26871
Jul 28, 2021	742710	44	4414	27934
Jul 29, 2021	743583	32	4540	25190
Jul 30, 2021	758312	66	4667	24309
Jul 31, 2021	770896	47	4196	23471
Aug 01, 2021	764506	20	1217	19600
Aug 02, 2021	737904	56	6932	5184
Aug 03, 2021	709533	63	8824	26829
Aug 04, 2021	694865	59	3560	28784
Aug 05, 2021	694537	57	10855	26460
Aug 06, 2021	707416	66	10897	25077
Aug 07, 2021	723252	35	12472	25755
Aug 08, 2021	724166	33	4119	20450
Aug 09, 2021	704547	75	18151	5775
Aug 10, 2021	654830	75	21471	28576
Aug 11, 2021	619326	60	21841	30920
Aug 12, 2021	596030	85	19507	28554
Aug 13, 2021	606218	82	25547	26453
Aug 14, 2021	614913	56	15168	24427
Aug 15, 2021	605357	49	5256	21172
Aug 16, 2021	582534	107	26827	5829
Aug 17, 2021	561984	123	27837	28114
Aug 18, 2021	552597	124	25079	28405
Aug 19, 2021	557565	140	24197	23973
Aug 20, 2021	570107	92	23344	22319
Aug 21, 2021	580333	89	19517	22636
Aug 22, 2021	576795	49	5103	17300
Aug 23, 2021	558357	119	26785	5166
Aug 24, 2021	537567	169	28676	24853
Aug 25, 2021	520893	102	26307	23706
Aug 26, 2021	518708	110	24984	19683
Aug 27, 2021	525146	109	25432	18249
Aug 28, 2021	532520	85	20355	17590
Aug 29, 2021	528108	61	5701	13630
Aug 30, 2021	509065	112	28523	3795
Aug 31, 2021	491199	136	30822	19425
Sep 01, 2021	476407	86	28418	17621
Sep 02, 2021	476312	103	26320	15911
Sep 03, 2021	482487	93	24324	13466
Sep 04, 2021	485008	83	21079	13336
Sep 05, 2021	474114	49	5746	10410
Sep 06, 2021	450748	102	28065	3042
Sep 07, 2021	426008	152	28303	14534
Sep 08, 2021	406099	100	23821	12828
Sep 09, 2021	400397	103	22219	10969
Sep 10, 2021	402058	80	22533	9966
Sep 11, 2021	402848	46	17220	9601
Sep 12, 2021	391720	29	5120	7679
Sep 13, 2021	371794	86	24824	2062
Sep 14, 2021	352768	147	23620	10327
Sep 15, 2021	355467	79	19536	9144
Sep 16, 2021	378034	65	18170	8128
Sep 17, 2021	399879	66	17525	7373
Sep 18, 2021	410498	42	13564	7414
Sep 19, 2021	408358	28	3753	5814
Sep 20, 2021	404636	68	19397	1515
Sep 21, 2021	405378	153	17553	7851
Sep 22, 2021	395672	58	15758	6794
Sep 23, 2021	395640	62	13408	6229
Sep 24, 2021	407510	49	13274	5879
Sep 25, 2021	415150	29	10361	6012
Sep 26, 2021	417115	14	3013	4706
Sep 27, 2021	410502	92	14520	1309
Sep 28, 2021	403027	60	12736	6765
Sep 29, 2021	398682	42	10909	5835
Sep 30, 2021	405134	56	9924	5204
Oct 01, 2021	415716	46	9545	4935
Oct 02, 2021	425241	30	7633	4948
Oct 03, 2021	427482	9	2032	3744
Oct 04, 2021	418016	50	10318	1138
Oct 05, 2021	411418	75	9094	5558
Oct 06, 2021	363164	34	8053	4946
Oct 07, 2021	326337	34	7339	4615
Oct 08, 2021	284964	38	7380	4470
Oct 09, 2021	295953	15	5776	4734
Oct 10, 2021	295915	8	1500	3991
Oct 11, 2021	286803	30	7843	1120
Oct 12, 2021	268159	68	6764	5880
Oct 13, 2021	256039	23	6161	5578
Oct 14, 2021	251439	38	5856	5187
Oct 15, 2021	250923	34	5974	6099
Oct 16, 2021	251587	15	4672	4899
Oct 17, 2021	246643	5	1294	3778
Oct 18, 2021	234981	41	6760	1057
Oct 19, 2021	222789	49	5794	5934
Oct 20, 2021	215131	21	5155	6036
Oct 21, 2021	216578	35	4914	6127
Oct 22, 2021	221148	29	4913	6366
Oct 23, 2021	222104	23	3715	6291
Oct 24, 2021	216857	4	1115	5005
Oct 25, 2021	207043	41	5554	1295
Oct 26, 2021	198604	47	4905	6603
Oct 27, 2021	194146	34	4568	6528
Oct 28, 2021	194987	33	4436	6461
Oct 29, 2021	198996	27	4701	6433
Oct 30, 2021	203820	22	3964	7360
Oct 31, 2021	206223	12	1098	6329
Nov 01, 2021	203634	6	5868	1866
Nov 02, 2021	197130	74	5572	2039
Nov 03, 2021	192218	39	5113	10050
Nov 04, 2021	193126	47	6060	9502
Nov 05, 2021	198686	26	4852	8998
Nov 06, 2021	202689	25	3752	9605
Nov 07, 2021	201161	10	1032	8547
Nov 08, 2021	194132	55	5924	2197
Nov 09, 2021	186321	58	5981	12476
Nov 10, 2021	183895	33	6069	11883
Nov 11, 2021	185821	17	6333	12603
Nov 12, 2021	191431	48	6274	3860
Nov 13, 2021	196328	16	4957	14646
Nov 14, 2021	195307	17	1279	12496
Nov 15, 2021	187336	70	6586	3241
Nov 16, 2021	176793	47	6458	19778
Nov 17, 2021	170863	50	6414	20294
Nov 18, 2021	170788	52	6383	20366
Nov 19, 2021	176083	50	7308	21220
Nov 20, 2021	181786	23	6279	22678
Nov 21, 2021	182522	15	1843	19749
Nov 22, 2021	176671	94	2024	5266
Nov 23, 2021	177509	98	9956	30454
Nov 24, 2021	165288	81	9404	32591
Nov 25, 2021	166702	43	8917	33464
Nov 26, 2021	170826	60	9562	34436
Nov 27, 2021	174346	34	8487	37218
Nov 28, 2021	173278	23	2163	31648
Nov 29, 2021	166206	122	12453	8279
Nov 30, 2021	158074	115	11761	47177
Dec 01, 2021	151734	96	12488	49610
Dec 02, 2021	152052	103	3764	48416
Dec 03, 2021	156543	127	14543	49858
Dec 04, 2021	163289	49	12369	51624
Dec 05, 2021	164864	29	3192	42252
Dec 06, 2021	161299	192	19749	11308
Dec 07, 2021	155388	172	20102	59019
Dec 08, 2021	152167	133	20194	61340
Dec 09, 2021	152856	136	21087	56854
Dec 10, 2021	160392	150	-136	55339
Dec 11, 2021	157002	65	42277	53720
Dec 12, 2021	149577	48	5201	43848
Dec 13, 2021	142589	243	30406	12036
Dec 14, 2021	137243	158	32348	63405
Dec 15, 2021	133431	151	33306	65713
Dec 16, 2021	127947	188	34285	60866
Dec 17, 2021	122869	162	37030	58128
Dec 18, 2021	117024	85	31486	58536
Dec 19, 2021	109358	75	8194	48473
Dec 20, 2021	102354	224	47102	15075
Dec 21, 2021	96858	229	49386	72832
Dec 22, 2021	91141	170	48187	84272
Dec 23, 2021	85655	179	49688	91608
Dec 24, 2021	80587	167	51445	94124
Dec 25, 2021	75417	84	42085	104611
Dec 26, 2021	71169	96	11224	27697
Dec 27, 2021	68887	256	58923	30383
Dec 28, 2021	68138	290	61084	179807
Dec 29, 2021	77119	184	56564	208099
Dec 30, 2021	90370	180	55155	206243
Dec 31, 2021	100567	189	53540	232200
Jan 01, 2022	104523	110	43659	219126
Jan 02, 2022	106212	91	11926	58432
Jan 03, 2022	117988	270	63314	67461
Jan 04, 2022	136566	351	65443	271686
Jan 05, 2022	163700	246	60515	332252
Jan 06, 2022	148756	204	57882	261481
Jan 07, 2022	180193	193	58332	328214
Jan 08, 2022	229393	142	48280	303669
Jan 09, 2022	253725	90	14933	296097
Jan 10, 2022	288402	280	72742	93896
Jan 11, 2022	359710	341	83992	368149
Jan 12, 2022	448036	246	91267	361719
Jan 13, 2022	484387	225	93878	305322
Jan 14, 2022	595525	191	104386	329371
Jan 15, 2022	643885	148	27506	324580
Jan 16, 2022	675022	98	30235	278129
Jan 17, 2022	751205	296	179709	102144
Jan 18, 2022	820888	375	207803	464769
Jan 19, 2022	950633	231	205868	436167
Jan 20, 2022	1114748	245	231969	425183
Jan 21, 2022	1283172	233	218881	400851
Jan 22, 2022	1485306	167	58199	389320
Jan 23, 2022	1569370	115	67294	301614
Jan 24, 2022	1659612	393	271571	108481
Jan 25, 2022	1783894	467	331859	501635
Jan 26, 2022	1893275	258	261014	428008
Jan 27, 2022	2059596	268	327956	392168
Jan 28, 2022	2251299	263	303401	353503
Jan 29, 2022	2457920	178	295834	332398
Jan 30, 2022	2560816	127	93718	249448
Jan 31, 2022	2630298	348	368022	82657
Feb 01, 2022	2643640	381	361371	416896
Feb 02, 2022	2720578	276	304941	315363
Feb 03, 2022	2867228	264	329095	274352
Feb 04, 2022	3070299	355	324316	241049
Feb 05, 2022	3174837	170	277774	214542
Feb 06, 2022	3186401	129	101974	155439
Feb 07, 2022	3125765	417	464640	46001
Feb 08, 2022	3041066	691	435750	235267
Feb 09, 2022	3021772	283	412530	179614
Feb 10, 2022	3042552	310	412530	153025
Feb 11, 2022	3086070	329	389010	131376
Feb 12, 2022	3219406	161	301285	118611
Feb 13, 2022	3061139	107	108320	86562
Feb 14, 2022	2932641	385	501528	26475
Feb 15, 2022	2772602	390	427623	142253
Feb 16, 2022	2654751	276	391778	98735
Feb 17, 2022	2590995	287	353227	92345
Feb 18, 2022	2594656	304	332111	82553
Feb 19, 2022	2573867	148	249144	76638
Feb 20, 2022	2515778	114	82509	59003
Feb 21, 2022	2361870	283	416896	17195
Feb 22, 2022	2200358	285	319295	97382
Feb 23, 2022	2066205	213	269738	66833
Feb 24, 2022	2031590	281	240836	66732
Feb 25, 2022	2028361	188	214261	58138
Feb 26, 2022	2012550	101	155251	53623
Feb 27, 2022	1935286	76	45900	42600
Feb 28, 2022	1801804	232	235191	13483
Mar 01, 2022	1655443	209	179382	79794
Mar 02, 2022	1524098	186	152816	57697
Mar 03, 2022	1445282	180	131190	60225
Mar 04, 2022	1413491	181	118431	57789
Mar 05, 2022	1398770	120	86381	53678
Mar 06, 2022	1338435	32	26355	45328
Mar 07, 2022	1237859	176	142221	14496
Mar 08, 2022	1147079	167	98559	93050
Mar 09, 2022	1069668	155	92178	69190
Mar 10, 2022	1039158	107	82398	74818
Mar 11, 2022	1093904	149	76531	72399
Mar 12, 2022	1023793	51	58854	72443
Mar 13, 2022	971313	29	17144	60422
Mar 14, 2022	888077	185	97353	18853
Mar 15, 2022	807814	146	66648	116618
Mar 16, 2022	758276	173	66586	108832
Mar 17, 2022	744506	116	57965	101747
Mar 18, 2022	755626	112	53507	97579
Mar 19, 2022	776245	62	42488	98104
Mar 20, 2022	785870	30	13421	81283
Mar 21, 2022	770390	152	79764	24179
Mar 22, 2022	739105	133	57545	180777
Mar 23, 2022	707958	101	60092	145560
Mar 24, 2022	701857	124	57688	148635
Mar 25, 2022	709918	121	53554	143571
Mar 26, 2022	708931	67	45207	139517
Mar 27, 2022	686024	41	14429	110174
Mar 28, 2022	643018	149	93009	29455
Mar 29, 2022	604592	164	69041	217480
Mar 30, 2022	577204	149	74654	169024
Mar 31, 2022	569455	139	72250	169311
Apr 01, 2022	575413	134	72304	148629
Apr 02, 2022	576770	68	60288	132114
Apr 03, 2022	554619	31	18785	102266
Apr 04, 2022	517931	149	116587	27648
Apr 05, 2022	487190	129	108683	203021
Apr 06, 2022	463580	128	101618	161950
Apr 07, 2022	456956	105	97451	158792
Apr 08, 2022	461411	139	97999	148768
Apr 09, 2022	465651	87	81144	141690
Apr 10, 2022	452197	45	24092	107654
Apr 11, 2022	422842	178	180732	25492
Apr 12, 2022	396074	159	145382	190762
Apr 13, 2022	381625	152	148476	146426
Apr 14, 2022	381011	133	143419	137342
Apr 15, 2022	385439	151	139384	125394
Apr 16, 2022	381841	61	110023	111583
Apr 17, 2022	363556	35	29394	86650
Apr 18, 2022	336529	48	217445	19810
Apr 19, 2022	318156	182	168976	25465
Apr 20, 2022	308697	227	169129	155711
Apr 21, 2022	314675	185	148402	104007
Apr 22, 2022	322681	146	131929	88389
Apr 23, 2022	318591	75	102120	80571
Apr 24, 2022	302408	40	27573	58954
Apr 25, 2022	281329	197	202981	13984
Apr 26, 2022	303307	170	161753	97498
Apr 27, 2022	254841	152	158622	67711
Apr 28, 2022	256209	132	148616	59760
Apr 29, 2022	262001	158	141558	52919
Apr 30, 2022	265481	61	107496	49482
May 01, 2022	257884	32	25431	36726
May 02, 2022	243032	180	190730	8737
May 03, 2022	233360	120	146246	67017
May 04, 2022	236313	114	137222	47925
May 05, 2022	251122	122	125280	44225
May 06, 2022	266943	110	111461	40224
May 07, 2022	277187	62	86540	37958
May 08, 2022	270927	54	19748	29324
May 09, 2022	257979	132	25411	7354
May 10, 2022	248825	123	155579	56449
May 11, 2022	255291	96	103884	40299
May 12, 2022	270526	84	88293	36047
May 13, 2022	288171	98	80487	32773
May 14, 2022	298772	74	58856	30459
May 15, 2022	298741	21	13984	22844
May 16, 2022	290204	126	97403	5936
May 17, 2022	316369	90	67585	43727
May 18, 2022	329795	80	59670	29995
May 19, 2022	340095	67	52839	27842
May 20, 2022	295593	65	49415	24332
May 21, 2022	313146	44	36661	22507
May 22, 2022	293521	11	8737	16965
May 23, 2022	286351	82	66962	4386
May 24, 2022	285280	88	47843	32029
May 25, 2022	285021	51	44137	22006
May 26, 2022	296993	28	40173	21234
May 27, 2022	314907	45	37930	4811
May 28, 2022	335859	23	29279	23582
May 29, 2022	342498	14	7354	16440
May 30, 2022	339785	85	56412	4673
May 31, 2022	340920	76	40214	35142
Jun 01, 2022	354969	58	35971	26144
Jun 02, 2022	379713	41	32715	25365
Jun 03, 2022	406778	38	30418	25130
Jun 04, 2022	422343	34	22806	25172
Jun 05, 2022	423027	10	5936	20542
Jun 06, 2022	426644	9	43727	6184
Jun 07, 2022	452953	74	29942	11627
Jun 08, 2022	492690	77	27768	53802
Jun 09, 2022	534745	42	24255	40151
Jun 10, 2022	571147	39	-42	17152
Jun 11, 2022	599366	0	39433	0
Jun 12, 2022	606515	0	4386	79397
Jun 13, 2022	609572	92	32029	8474
Jun 14, 2022	615144	57	21914	65425
Jun 15, 2022	632304	49	21177	51954
Jun 16, 2022	665039	49	4762	53081
Jun 17, 2022	693635	43	23533	50605
Jun 18, 2022	713668	19	-43	50266
Jun 19, 2022	724312	3	16440	40125
Jun 20, 2022	656593	45	39793	11566
Jun 21, 2022	662608	56	26099	95217
Jun 22, 2022	692025	66	25309	77967
Jun 23, 2022	739094	40	25064	79852
Jun 24, 2022	794359	49	25132	79262
Jun 25, 2022	825453	30	-49	80926
Jun 26, 2022	842091	11	20542	66301
Jun 27, 2022	779729	48	17770	17601
Jun 28, 2022	771259	37	53754	147248
Jun 29, 2022	847228	48	40114	124724
Jun 30, 2022	840135	42	17104	133346
Jul 01, 2022	888754	52	-42	125066
Jul 02, 2022	924398	30	-52	122639
Jul 03, 2022	923877	14	79397	96191
Jul 04, 2022	897087	97	73899	24418
Jul 05, 2022	899281	75	51813	206554
Jul 06, 2022	937313	53	53006	154615
Jul 07, 2022	993114	89	50552	161265
Jul 08, 2022	1040733	74	50177	140997
Jul 09, 2022	1058412	39	-74	116405
Jul 10, 2022	1041739	15	40125	110589
Jul 11, 2022	1008953	108	106783	24343
Jul 12, 2022	985001	126	77805	182006
Jul 13, 2022	987288	109	79726	127642
Jul 14, 2022	1015722	54	79153	119285
Jul 15, 2022	1061642	108	80872	23027
Jul 16, 2022	1084361	59	66193	124009
Jul 17, 2022	1069317	26	17601	73668
Jul 18, 2022	1023493	174	147163	17733
Jul 19, 2022	983930	144	124550	134188
Jul 20, 2022	971723	125	133202	89982
Jul 21, 2022	983290	133	124941	80869
Jul 22, 2022	1001169	113	122506	74348
Jul 23, 2022	1027023	57	96078	68532
Jul 24, 2022	960241	23	24418	50032
Jul 25, 2022	907991	130	206474	11195
Jul 26, 2022	861508	119	154485	87562
Jul 27, 2022	838837	103	161146	58638
Jul 28, 2022	836172	112	140894	51594
Jul 29, 2022	844213	89	116293	45515
Jul 30, 2022	838595	55	110500	41274
Jul 31, 2022	801059	20	24343	31535
Aug 01, 2022	756634	121	181931	7249
Aug 02, 2022	699731	101	127521	54519
Aug 03, 2022	661898	90	119184	38788
Aug 04, 2022	641743	87	22937	33799
Aug 05, 2022	646428	80	123922	30592
Aug 06, 2022	639558	45	73588	28518
Aug 07, 2022	606614	20	17733	21528
Aug 08, 2022	565247	109	134123	5090
Aug 09, 2022	531061	111	89873	38230
Aug 10, 2022	561742	88	80758	27081
Aug 11, 2022	515792	80	74260	24312
Aug 12, 2022	520861	74	68452	22638
Aug 13, 2022	537458	0	49958	21175
Aug 14, 2022	544141	0	11195	16347
Aug 15, 2022	463218	65	87562	4564
Aug 16, 2022	431655	113	58573	6331
Aug 17, 2022	412935	93	51481	35745
Aug 18, 2022	406941	92	45422	23605
Aug 19, 2022	406066	74	41182	20236
Aug 20, 2022	421511	40	31461	19870
Aug 21, 2022	426563	0	7249	14820
Aug 22, 2022	388693	76	54479	4012
Aug 23, 2022	408739	88	38712	28988
Aug 24, 2022	317440	57	33711	21289
Aug 25, 2022	319259	44	30535	19837
Aug 26, 2022	324673	51	28474	18116
Aug 27, 2022	336995	23	21477	17833
Aug 28, 2022	340427	9	5090	14110
Aug 29, 2022	321351	78	38198	3806
Aug 30, 2022	272738	72	27003	27358
Aug 31, 2022	307670	54	24240	19240
Sep 01, 2022	326988	41	22584	18646
Sep 02, 2022	318570	55	21134	16399
Sep 03, 2022	328570	14	16292	15597
Sep 04, 2022	330896	3	4564	12894
Sep 05, 2022	294209	67	6314	3443
Sep 06, 2022	307510	60	35678	26918
Sep 07, 2022	314405	46	23545	20142
Sep 08, 2022	318405	58	20190	19866
Sep 09, 2022	266598	31	19812	19087
Sep 10, 2022	275118	15	14789	19517
Sep 11, 2022	277395	6	4012	16422
Sep 12, 2022	243650	40	28967	4579
Sep 13, 2022	231181	49	21249	41850
Sep 14, 2022	220859	33	19788	33575
Sep 15, 2022	219101	33	18083	33263
Sep 16, 2022	229900	28	17800	28686
Sep 17, 2022	235449	11	14082	33162
Sep 18, 2022	238106	2	3806	23137
Sep 19, 2022	200790	58	27345	5219
Sep 20, 2022	208379	48	19182	51816
Sep 21, 2022	215627	33	18598	38250
Sep 22, 2022	185077	30	16366	38464
Sep 23, 2022	184883	33	15567	37524
Sep 24, 2022	191696	14	12861	38024
Sep 25, 2022	192874	8	3443	31365
Sep 26, 2022	177310	51	26896	7489
Sep 27, 2022	184093	40	20091	73639
Sep 28, 2022	172249	45	19826	53410
Sep 29, 2022	182094	33	19042	51366
Sep 30, 2022	175359	34	19484	48261
Oct 01, 2022	180440	17	16388	46596
Oct 02, 2022	181169	7	4579	37453
Oct 03, 2022	164208	62	41826	8690
Oct 04, 2022	173134	74	33513	89185
Oct 05, 2022	158477	47	33189	66564
Oct 06, 2022	158229	50	28639	65537
Oct 07, 2022	165288	53	33112	61121
Oct 08, 2022	170845	26	23084	57270
Oct 09, 2022	172631	8	5219	42626
Oct 10, 2022	153158	79	51782	9373
Oct 11, 2022	149440	85	38171	94753
Oct 12, 2022	153858	55	38379	67948
Oct 13, 2022	147831	62	37469	64218
Oct 14, 2022	147881	79	37962	58695
Oct 15, 2022	151142	35	31286	55394
Oct 16, 2022	151756	17	7489	41973
Oct 17, 2022	155486	112	73587	9421
Oct 18, 2022	164259	101	53298	87666
Oct 19, 2022	132402	106	51265	63031
Oct 20, 2022	137432	69	48155	56793
Oct 21, 2022	135651	81	46527	49087
Oct 22, 2022	142309	33	37372	43746
Oct 23, 2022	144130	17	8690	31470
Oct 24, 2022	140124	122	89135	6907
Oct 25, 2022	125936	131	66442	59653
Oct 26, 2022	127069	60	65406	41185
Oct 27, 2022	130640	71	61061	37089
Oct 28, 2022	137190	61	57199	25783
Oct 29, 2022	138080	41	42565	22723
Oct 30, 2022	139513	9	9373	16456
Oct 31, 2022	130378	112	94703	3768
Nov 01, 2022	129725	53	67836	29525
Nov 02, 2022	133962	97	64165	5691
Nov 03, 2022	137039	55	58598	42025
Nov 04, 2022	134164	78	55339	29438
Nov 05, 2022	136020	34	41895	26840
Nov 06, 2022	136751	9	0	21178
Nov 07, 2022	123307	109	97044	3645
Nov 08, 2022	135182	117	62922	40591
Nov 09, 2022	144643	72	56676	28702
Nov 10, 2022	134175	53	49015	27068
Nov 11, 2022	145525	33	43693	26353
Nov 12, 2022	150757	15	31437	5577
Nov 13, 2022	151894	2	6907	27155
Nov 14, 2022	157469	100	59636	6017
Nov 15, 2022	160027	110	41085	48971
Nov 16, 2022	148179	71	36979	34878
Nov 17, 2022	157760	87	25712	33331
Nov 18, 2022	182989	74	22636	37177
Nov 19, 2022	203359	75	16382	47088
Nov 20, 2022	207650	6	3768	14204
Nov 21, 2022	209468	94	29444	29335
Nov 22, 2022	229235	89	5597	64772
Nov 23, 2022	246284	84	41936	49188
Nov 24, 2022	270771	60	-84	50530
Nov 25, 2022	297096	68	56218	48629
Nov 26, 2022	315405	29	21110	48331
Nov 27, 2022	321057	8	3645	37675
Nov 28, 2022	338726	95	40554	9304
Nov 29, 2022	342671	88	28607	91814
Nov 30, 2022	378995	91	26980	68382
Dec 01, 2022	389096	76	26262	69253
Dec 02, 2022	423500	67	5501	59008
Dec 03, 2022	447842	38	27088	52908
Dec 04, 2022	456517	10	6017	40006
Dec 05, 2022	483629	104	48923	10591
Dec 06, 2022	529683	117	34774	105516
Dec 07, 2022	576872	93	33214	75752
Dec 08, 2022	517416	62	37084	71597
Dec 09, 2022	542730	94	47026	65509
Dec 10, 2022	557426	62	14110	61482
Dec 11, 2022	569755	30	29335	46422
Dec 12, 2022	531897	167	64680	10878
Dec 13, 2022	543045	138	49021	97037
Dec 14, 2022	566593	114	50392	70224
Dec 15, 2022	590520	106	48515	62541
Dec 16, 2022	639884	131	48225	56361
Dec 17, 2022	667727	45	37544	52544
Dec 18, 2022	679419	35	9304	37264
Dec 19, 2022	642658	178	91734	8213
Dec 20, 2022	636455	130	68204	71212
Dec 21, 2022	653700	127	69123	54613
Dec 22, 2022	675506	120	58881	49517
Dec 23, 2022	745639	158	52788	43766
Dec 24, 2022	757528	58	39848	40744
Dec 25, 2022	765871	24	0	23681
Dec 26, 2022	661971	133	10591	5429
Dec 27, 2022	669294	208	105516	30989
Dec 28, 2022	690242	140	147349	26081
Dec 29, 2022	701696	132	64946	24436
Dec 30, 2022	711596	115	61350	23808
Dec 31, 2022	722128	52	46307	21836
Jan 01, 2023	724966	28	10878	15005
Jan 02, 2023	595644	172	96957	2246
Jan 03, 2023	621652	163	70052	22916
Jan 04, 2023	537341	123	62378	14105
Jan 05, 2023	565207	143	56238	11537
Jan 06, 2023	544443	126	52401	10383
Jan 07, 2023	557686	54	37264	8961
Jan 08, 2023	561342	22	8213	6557
Jan 09, 2023	573054	145	71010	1702
Jan 10, 2023	436449	115	54468	11715
Jan 11, 2023	434664	88	49402	7635
Jan 12, 2023	454429	53	43678	7159
Jan 13, 2023	453136	101	40691	6238
Jan 14, 2023	441065	27	23580	5429
Jan 15, 2023	405462	9	5429	4166
Jan 16, 2023	385549	80	30953	1235
Jan 17, 2023	361150	99	26001	8381
Jan 18, 2023	357048	82	24337	5894
Jan 19, 2023	372490	64	23726	4992
Jan 20, 2023	367479	44	21772	4475
Jan 21, 2023	361672	54	14961	4324
Jan 22, 2023	338091	9	2246	3477
Jan 23, 2023	319787	134	22853	1027
Jan 24, 2023	298240	59	13971	7263
Jan 25, 2023	288592	0	11478	5347
Jan 26, 2023	302288	28	10383	5287
Jan 27, 2023	296274	44	8933	4681
Jan 28, 2023	299891	0	6513	4513
Jan 29, 2023	267546	0	1702	3802
Jan 30, 2023	222303	96	11715	982
Jan 31, 2023	208134	57	7539	6860
Feb 01, 2023	207347	53	7102	4506
Feb 02, 2023	227272	52	6185	4021
Feb 03, 2023	235917	28	0	3618
Feb 04, 2023	217728	21	5429	3312
Feb 05, 2023	218454	0	4166	2632
Feb 06, 2023	189747	40	9616	718
Feb 07, 2023	180565	42	5753	4999
Feb 08, 2023	180468	31	4950	3991
Feb 09, 2023	187021	17	4444	3653
Feb 10, 2023	195117	20	4307	3366
Feb 11, 2023	192076	0	3457	3187
Feb 12, 2023	180370	0	1027	2469
Feb 13, 2023	171772	50	7263	706
Feb 14, 2023	174701	35	5297	4986
Feb 15, 2023	165075	35	5252	3972
Feb 16, 2023	165972	27	4646	4021
Feb 17, 2023	173227	28	4486	3589
Feb 18, 2023	174918	0	3774	4236
Feb 19, 2023	175402	0	982	2999
Feb 20, 2023	175819	47	6860	898
Feb 21, 2023	177677	32	4459	5774
Feb 22, 2023	128135	38	3989	4584
Feb 23, 2023	130464	19	3580	4489
Feb 24, 2023	135628	29	3293	3917
Feb 25, 2023	138557	0	2603	3843
Feb 26, 2023	139495	0	718	2942
Feb 27, 2023	122813	52	4999	841
Feb 28, 2023	118520	34	3939	5651
Mar 01, 2023	123266	25	3619	4525
Mar 02, 2023	126560	21	3341	4196
Mar 03, 2023	127616	21	3166	3194
Mar 04, 2023	127616	0	2448	4013
Mar 05, 2023	127616	0	0	0
Mar 06, 2023	127616	43	5692	953
Mar 07, 2023	127616	0	-43	0
Mar 08, 2023	137049	0	3972	0
Mar 09, 2023	145574	0	4021	0
Mar 10, 2023	154097	90	7825	6188
Mar 11, 2023	162622	0	2909	6072
Mar 12, 2023	171146	0	898	4558
Mar 13, 2023	179671	50	5774	1235
Mar 14, 2023	188194	27	4534	9937
Mar 15, 2023	196719	24	4462	8348
Mar 16, 2023	205131	24	3893	7932
Mar 17, 2023	221954	26	3819	7228
Mar 18, 2023	230364	0	2916	7210
Mar 19, 2023	238776	0	841	5459
Mar 20, 2023	247187	63	5651	1470
Mar 21, 2023	255599	35	4462	11519
Mar 22, 2023	263265	13	4161	9762
Mar 23, 2023	270932	29	3181	9249
Mar 24, 2023	278598	15	3984	8839
Mar 25, 2023	286264	0	-15	8435
Mar 26, 2023	293930	0	953	6211
Mar 27, 2023	301597	65	0	7
Mar 28, 2023	309263	39	-65	12933
Mar 29, 2023	317874	36	-39	10885
Mar 30, 2023	326484	0	-36	0
Mar 31, 2023	335095	69	12260	9211
Apr 01, 2023	343705	0	4489	8455
Apr 02, 2023	352316	0	1235	6027
Apr 03, 2023	360926	58	9937	1453
Apr 04, 2023	369537	0	-58	0
Apr 05, 2023	375049	58	16280	9922
Apr 06, 2023	380561	35	7170	9374
Apr 07, 2023	386073	28	7175	8786
Apr 08, 2023	391584	0	5431	7739
Apr 09, 2023	397096	0	1470	6474
Apr 10, 2023	402608	0	11519	1342
Apr 11, 2023	408120	0	9762	1884
Apr 12, 2023	415082	59	9249	14207
Apr 13, 2023	422045	0	8780	10678
Apr 14, 2023	429007	108	8435	9467
Apr 15, 2023	435969	0	6103	8595
Apr 16, 2023	442931	0	7	5805
Apr 17, 2023	449894	0	12933	1411
Apr 18, 2023	456856	140	10885	10616
Apr 19, 2023	462843	0	-140	8807
Apr 20, 2023	468829	0	9211	8201
Apr 21, 2023	474816	125	8455	7400
Apr 22, 2023	480803	0	5902	6796
Apr 23, 2023	486790	0	1453	5008
Apr 24, 2023	492776	0	0	1185
Apr 25, 2023	498763	136	9922	8895
Apr 26, 2023	504223	0	9238	7490
Apr 27, 2023	509681	0	8786	6609
Apr 28, 2023	515141	131	7739	6144
Apr 29, 2023	520599	0	6343	5642
Apr 30, 2023	526059	0	1342	4030
May 01, 2023	531517	0	1884	1098
May 02, 2023	536977	89	14207	1065
May 03, 2023	540358	0	10589	8715
May 04, 2023	543739	0	9467	6161
May 05, 2023	547120	166	8595	5505
May 06, 2023	550501	0	5639	5103
May 07, 2023	553882	0	1411	3301
May 08, 2023	557263	0	10616	759
May 09, 2023	560644	51	8807	1044
May 10, 2023	566517	0	8150	6708
May 11, 2023	572390	0	0	0
May 12, 2023	578263	108	14196	9003
May 13, 2023	584136	0	4900	3706
May 14, 2023	590009	0	1185	2563
May 15, 2023	595882	0	8895	623
May 16, 2023	601755	82	7490	5118
May 17, 2023	605390	0	6527	4149
May 18, 2023	609026	0	0	0
May 19, 2023	612661	0	6144	0
May 20, 2023	616297	0	5642	0
May 21, 2023	619932	0	4030	0
May 22, 2023	623568	76	2163	677
May 23, 2023	627203	79	8639	5901
May 24, 2023	630344	0	6082	4905
May 25, 2023	633485	0	5505	4220
May 26, 2023	636626	56	5103	3724
May 27, 2023	639766	0	3245	3317
May 28, 2023	642907	0	759	2284
May 29, 2023	646048	0	1044	592
May 30, 2023	649189	48	6708	902
May 31, 2023	652657	0	-48	5210
Jun 01, 2023	656124	0	9003	3735
Jun 02, 2023	659592	62	3706	3204
Jun 03, 2023	663061	0	2501	2797
Jun 04, 2023	666529	0	623	2082
Jun 05, 2023	669996	0	5118	443
Jun 06, 2023	673464	51	4149	3590
Jun 07, 2023	675364	0	-51	2762
Jun 08, 2023	677264	0	0	2603
Jun 09, 2023	679164	56	0	2357
Jun 10, 2023	681064	0	-56	2135
Jun 11, 2023	682964	0	677	1282
Jun 12, 2023	684864	0	5901	332
Jun 13, 2023	686764	28	4905	2631
Jun 14, 2023	689088	0	4192	2069
Jun 15, 2023	691414	0	3724	545
Jun 16, 2023	693738	40	3317	2895
Jun 17, 2023	696063	0	2244	1482
Jun 18, 2023	698387	0	592	1080
Jun 19, 2023	700713	0	902	270
Jun 20, 2023	703037	45	5210	2071
Jun 21, 2023	705217	0	3690	1702
Jun 22, 2023	707396	0	3204	1420
Jun 23, 2023	709576	23	2797	1232
Jun 24, 2023	711756	0	2059	1217
Jun 25, 2023	713936	0	443	776
Jun 26, 2023	716115	0	3590	213
Jun 27, 2023	718295	26	2762	1680
Jun 28, 2023	719873	0	2577	1148
Jun 29, 2023	721450	0	2357	1106
Jun 30, 2023	723028	0	2135	1106
Jul 01, 2023	724607	0	0	0
Jul 02, 2023	726185	0	1282	0
Jul 03, 2023	727762	0	332	0
Jul 04, 2023	729340	0	2631	0
Jul 05, 2023	730866	0	2069	0
Jul 06, 2023	732393	0	545	0
Jul 07, 2023	733919	0	2895	0
Jul 08, 2023	735446	0	1482	0
Jul 09, 2023	736972	0	1080	0
Jul 10, 2023	738499	0	270	0
Jul 11, 2023	740025	0	2071	0
Jul 12, 2023	741586	0	1702	0
Jul 13, 2023	743146	0	1420	0
Jul 14, 2023	744707	0	1232	0
Jul 15, 2023	746267	0	1217	0
Jul 16, 2023	747828	0	776	0
Jul 17, 2023	749388	0	213	0
Jul 18, 2023	750949	0	1680	0
Jul 19, 2023	752706	0	1148	0
Jul 20, 2023	754461	0	1106	0
Jul 21, 2023	756218	0	1106	0
Jul 22, 2023	757973	0	0	0
Jul 23, 2023	759730	0	0	0
Jul 24, 2023	761485	0	0	0
Jul 25, 2023	763242	0	0	0
Jul 26, 2023	764845	0	0	0
Jul 27, 2023	766447	0	0	0
Jul 28, 2023	768050	0	0	0
Jul 29, 2023	769652	0	0	0
Jul 30, 2023	771255	0	0	0
Jul 31, 2023	772857	0	0	0
Aug 01, 2023	774460	0	0	0
Aug 02, 2023	775965	0	0	0
Aug 03, 2023	777472	0	0	0
Aug 04, 2023	778977	0	0	0
Aug 05, 2023	780482	0	0	0
Aug 06, 2023	781987	0	0	0
Aug 07, 2023	783494	0	0	0
Aug 08, 2023	784999	0	0	0
Aug 09, 2023	786596	0	0	0
Aug 10, 2023	788192	0	0	0
Aug 11, 2023	789789	0	0	0
Aug 12, 2023	791384	0	0	0
Aug 13, 2023	792981	0	0	0
Aug 14, 2023	794577	0	0	0
Aug 15, 2023	796174	0	0	0
Aug 16, 2023	797323	0	0	0
Aug 17, 2023	798472	0	0	0
Aug 18, 2023	799621	0	0	0
Aug 19, 2023	800768	0	0	0
Aug 20, 2023	801916	0	0	0
Aug 21, 2023	803063	0	0	0
Aug 22, 2023	804214	0	0	0
Aug 23, 2023	806074	0	0	0
Aug 24, 2023	807934	0	0	0
Aug 25, 2023	809794	0	0	0
Aug 26, 2023	811654	0	0	0
Aug 27, 2023	813514	0	0	0
Aug 28, 2023	815374	0	0	0
Aug 29, 2023	817232	0	0	0
Aug 30, 2023	818968	0	0	0
Aug 31, 2023	820704	0	0	0
Sep 01, 2023	822440	0	0	0
Sep 02, 2023	823645	0	0	0
Sep 03, 2023	823961	0	0	0
Sep 04, 2023	824276	0	0	0
Sep 05, 2023	824589	0	0	0
Sep 06, 2023	824908	0	0	0
Sep 07, 2023	825226	0	0	0
Sep 08, 2023	825544	0	0	0
Sep 09, 2023	825859	0	0	0
Sep 10, 2023	826174	0	0	0
Sep 11, 2023	826492	0	0	0
Sep 12, 2023	826806	0	0	0
Sep 13, 2023	827124	0	0	0
Sep 14, 2023	827441	0	0	0
Sep 15, 2023	827658	0	0	0
Sep 16, 2023	827847	0	0	0
Sep 17, 2023	828055	0	0	0
Sep 18, 2023	828250	0	0	0
Sep 19, 2023	828695	0	0	0
Sep 20, 2023	828678	0	0	0
Sep 21, 2023	828660	0	0	0
Sep 22, 2023	831331	0	0	0
Sep 23, 2023	834003	0	0	0
Sep 24, 2023	836674	0	0	0
Sep 25, 2023	839347	0	0	0
Sep 26, 2023	842020	0	0	0
Sep 27, 2023	846415	0	0	0
Sep 28, 2023	850810	0	0	0
Sep 29, 2023	855205	0	0	0
Sep 30, 2023	859600	0	0	0
Oct 01, 2023	863997	0	0	0
Oct 02, 2023	868393	0	0	0
Oct 03, 2023	872789	0	0	0
Oct 04, 2023	875907	0	0	0
Oct 05, 2023	879025	0	0	0
Oct 06, 2023	882143	0	0	0
Oct 07, 2023	885261	0	0	0
Oct 08, 2023	888379	0	0	0
Oct 09, 2023	891497	0	0	0
Oct 10, 2023	894616	0	0	0
Oct 11, 2023	895839	0	0	0
Oct 12, 2023	897062	0	0	0
Oct 13, 2023	898285	0	0	0
Oct 14, 2023	899507	0	0	0
Oct 15, 2023	900729	0	0	0
Oct 16, 2023	901953	0	0	0
Oct 17, 2023	903177	0	0	0
Oct 18, 2023	909868	0	0	0
Oct 19, 2023	916560	0	0	0
Oct 20, 2023	923251	0	0	0
Oct 21, 2023	929943	0	0	0
Oct 22, 2023	936634	0	0	0
Oct 23, 2023	943326	0	0	0
Oct 24, 2023	950021	0	0	0
Oct 25, 2023	956301	0	0	0
Oct 26, 2023	962580	0	0	0
Oct 27, 2023	968860	0	0	0
Oct 28, 2023	975139	0	0	0
Oct 29, 2023	981418	0	0	0
Oct 30, 2023	987697	0	0	0
Oct 31, 2023	993975	0	0	0
Nov 01, 2023	1000294	0	0	0
Nov 02, 2023	1006614	0	0	0
Nov 03, 2023	1012933	0	0	0
Nov 04, 2023	1019253	0	0	0
Nov 05, 2023	1025572	0	0	0
Nov 06, 2023	1031892	0	0	0
Nov 07, 2023	1038209	0	0	0
Nov 08, 2023	1038209	0	0	0
Nov 09, 2023	1038209	0	0	0
Nov 10, 2023	1038209	0	0	0
Nov 11, 2023	1038209	0	0	0
Nov 12, 2023	1038166	0	0	0
Nov 13, 2023	1038037	0	0	0
Nov 14, 2023	1065830	0	0	0
Nov 15, 2023	1069589	0	0	0
Nov 16, 2023	1073348	0	0	0
Nov 17, 2023	1077108	0	0	0
Nov 18, 2023	1080868	0	0	0
Nov 19, 2023	1084628	0	0	0
Nov 20, 2023	1088387	0	0	0
Nov 21, 2023	1092142	0	0	0
Nov 22, 2023	1096330	0	0	0
Nov 23, 2023	1100519	0	0	0
Nov 24, 2023	1104707	0	0	0
Nov 25, 2023	1108896	0	0	0
Nov 26, 2023	1113084	0	0	0
Nov 27, 2023	1117273	0	0	0
Nov 28, 2023	1121461	0	0	0
Nov 29, 2023	1124011	0	0	0
Nov 30, 2023	1126555	0	0	0
Dec 01, 2023	1129099	0	0	0
Dec 02, 2023	1131643	0	0	0
Dec 03, 2023	1134187	0	0	0
Dec 04, 2023	1136731	0	0	0
Dec 05, 2023	1139275	0	0	0
Dec 06, 2023	1141819	0	0	0
Dec 07, 2023	1144363	0	0	0
Dec 08, 2023	1146907	0	0	0
Dec 09, 2023	1149451	0	0	0
Dec 10, 2023	1149451	0	0	0
Dec 11, 2023	1154217	0	0	0
Dec 12, 2023	1158982	0	0	0
Dec 13, 2023	1163747	0	0	0
Dec 14, 2023	1168512	0	0	0
Dec 15, 2023	1173273	0	0	0
Dec 16, 2023	1178248	0	0	0
Dec 17, 2023	1183226	0	0	0
Dec 18, 2023	1188204	0	0	0
Dec 19, 2023	1193182	0	0	0
Dec 20, 2023	1198160	0	0	0
Dec 21, 2023	1203143	0	0	0
Dec 22, 2023	1207288	0	0	0
Dec 23, 2023	1219783	0	0	0
Dec 24, 2023	1253242	0	0	0
Dec 25, 2023	1253212	0	0	0
Dec 26, 2023	1253181	0	0	0
Dec 27, 2023	1253152	0	0	0
Dec 28, 2023	1253123	0	0	0
Dec 29, 2023	1253094	0	0	0
Dec 30, 2023	1253065	0	0	0
Dec 31, 2023	1255910	0	0	0
Jan 01, 2024	1258752	0	0	0
Jan 02, 2024	1261594	0	0	0
Jan 03, 2024	1264436	0	0	0
Jan 04, 2024	1267278	0	0	0
Jan 05, 2024	1270100	0	0	0
Jan 06, 2024	1272913	0	0	0
Jan 07, 2024	1277766	0	0	0
Jan 08, 2024	1282589	0	0	0
Jan 09, 2024	1287412	0	0	0
Jan 10, 2024	1292235	0	0	0
Jan 11, 2024	1297058	0	0	0
Jan 12, 2024	1301881	0	0	0
Jan 13, 2024	1306704	0	0	0
Jan 14, 2024	1312192	0	0	0
Jan 15, 2024	1317654	0	0	0
Jan 16, 2024	1323116	0	0	0
Jan 17, 2024	1328578	0	0	0
Jan 18, 2024	1334040	0	0	0
Jan 19, 2024	1339502	0	0	0
Jan 20, 2024	1344964	0	0	0
Jan 21, 2024	1349317	0	0	0
Jan 22, 2024	1353641	0	0	0
Jan 23, 2024	1357965	0	0	0
Jan 24, 2024	1362289	0	0	0
Jan 25, 2024	1366613	0	0	0
Jan 26, 2024	1370937	0	0	0
Jan 27, 2024	1375261	0	0	0
Jan 28, 2024	1379585	0	0	0
Jan 29, 2024	1385604	0	0	0
Jan 30, 2024	1391591	0	0	0
Jan 31, 2024	1397584	0	0	0
Feb 01, 2024	1403571	0	0	0
Feb 02, 2024	1409558	0	0	0
Feb 03, 2024	1415545	0	0	0
Feb 04, 2024	1420237	0	0	0
Feb 05, 2024	1424931	0	0	0
Feb 06, 2024	1429625	0	0	0
Feb 07, 2024	1434319	0	0	0
Feb 08, 2024	1439013	0	0	0
Feb 09, 2024	1443707	0	0	0
Feb 10, 2024	1448401	0	0	0
Feb 11, 2024	1457396	0	0	0
Feb 12, 2024	1466405	0	0	0
Feb 13, 2024	1475414	0	0	0
Feb 14, 2024	1475388	0	0	0
Feb 15, 2024	1484397	0	0	0
Feb 16, 2024	1484371	0	0	0
Feb 17, 2024	1493380	0	0	0
Feb 18, 2024	1504082	0	0	0
Feb 19, 2024	1509442	0	0	0
Feb 20, 2024	1514802	0	0	0
Feb 21, 2024	1520162	0	0	0
Feb 22, 2024	1525522	0	0	0
Feb 23, 2024	1530882	0	0	0
Feb 24, 2024	1536242	0	0	0
Feb 25, 2024	1541602	0	0	0
Feb 26, 2024	1546962	0	0	0
Feb 27, 2024	1552322	0	0	0
Feb 28, 2024	1557682	0	0	0
Feb 29, 2024	1563042	0	0	0
Mar 01, 2024	1568402	0	0	0
Mar 02, 2024	1573762	0	0	0
Mar 03, 2024	1579122	0	0	0
Mar 04, 2024	1584482	0	0	0
Mar 05, 2024	1589842	0	0	0
Mar 06, 2024	1595202	0	0	0
Mar 07, 2024	1600562	0	0	0
Mar 08, 2024	1605922	0	0	0
Mar 09, 2024	1611282	0	0	0
Mar 10, 2024	1616642	0	0	0
Mar 11, 2024	1649614	0	0	0
Mar 12, 2024	1666510	0	0	0
Mar 13, 2024	1683406	0	0	0
Mar 14, 2024	1700302	0	0	0
Mar 15, 2024	1717198	0	0	0
Mar 16, 2024	1734094	0	0	0
Mar 17, 2024	1734094	0	0	0
Mar 18, 2024	1734094	0	0	0
Mar 19, 2024	1734094	0	0	0
Mar 20, 2024	1734094	0	0	0
Mar 21, 2024	1734094	0	0	0
Mar 22, 2024	1734094	0	0	0
Mar 23, 2024	1734094	0	0	0
