Feb 15, 2020	7	null	null	null
Feb 16, 2020	7	0	0	0
Feb 17, 2020	7	0	1	0
Feb 18, 2020	7	0	2	0
Feb 19, 2020	7	0	0	0
Feb 20, 2020	6	0	0	0
Feb 21, 2020	6	0	0	0
Feb 22, 2020	6	0	3	0
Feb 23, 2020	7	0	0	0
Feb 24, 2020	8	0	1	0
Feb 25, 2020	8	0	0	2
Feb 26, 2020	9	0	0	4
Feb 27, 2020	11	0	0	19
Feb 28, 2020	12	0	0	18
Feb 29, 2020	16	0	1	39
Mar 01, 2020	20	0	0	27
Mar 02, 2020	20	0	0	56
Mar 03, 2020	23	0	0	20
Mar 04, 2020	27	0	0	67
Mar 05, 2020	29	0	0	126
Mar 06, 2020	46	0	0	209
Mar 07, 2020	52	5	0	269
Mar 08, 2020	58	3	0	236
Mar 09, 2020	68	11	0	185
Mar 10, 2020	86	3	0	338
Mar 11, 2020	100	15	0	452
Mar 12, 2020	130	13	0	540
Mar 13, 2020	186	18	0	714
Mar 14, 2020	240	12	0	761
Mar 15, 2020	329	36	0	840
Mar 16, 2020	429	21	0	1100
Mar 17, 2020	582	27	590	997
Mar 18, 2020	708	89	0	1277
Mar 19, 2020	853	108	693	1691
Mar 20, 2020	1063	78	292	1469
Mar 21, 2020	1303	112	0	1678
Mar 22, 2020	1441	112	613	1417
Mar 23, 2020	1964	186	0	3488
Mar 24, 2020	2662	240	1081	2224
Mar 25, 2020	3205	231	619	2662
Mar 26, 2020	3793	365	1048	3564
Mar 27, 2020	4379	299	752	3462
Mar 28, 2020	5224	319	0	4191
Mar 29, 2020	5706	292	1502	2362
Mar 30, 2020	6313	418	725	3977
Mar 31, 2020	7314	498	1517	6887
Apr 01, 2020	7932	508	1491	4418
Apr 02, 2020	9232	1354	1493	1923
Apr 03, 2020	10051	1119	1580	4755
Apr 04, 2020	11130	1052	1430	3877
Apr 05, 2020	12339	517	745	1703
Apr 06, 2020	12771	832	1067	3555
Apr 07, 2020	13546	1416	2087	3432
Apr 08, 2020	14511	540	1917	3526
Apr 09, 2020	15020	1339	1952	3895
Apr 10, 2020	15627	986	1726	3946
Apr 11, 2020	16322	634	1459	2829
Apr 12, 2020	16559	561	795	1466
Apr 13, 2020	17208	574	532	2428
Apr 14, 2020	18049	761	1087	4996
Apr 15, 2020	18498	1437	2150	2393
Apr 16, 2020	19368	752	1857	2400
Apr 17, 2020	20193	760	1608	368
Apr 18, 2020	20870	641	1563	2335
Apr 19, 2020	21749	395	595	714
Apr 20, 2020	22666	546	831	1864
Apr 21, 2020	23547	530	1772	2423
Apr 22, 2020	24373	543	1476	1661
Apr 23, 2020	25378	515	1431	1502
Apr 24, 2020	26276	389	1405	1611
Apr 25, 2020	26630	369	1101	1397
Apr 26, 2020	27113	242	309	419
Apr 27, 2020	27677	436	610	3420
Apr 28, 2020	28135	367	1373	1381
Apr 29, 2020	28417	426	1342	1675
Apr 30, 2020	28823	289	1248	1061
May 01, 2020	29134	218	736	563
May 02, 2020	29531	166	350	740
May 03, 2020	31010	135	222	287
May 04, 2020	31084	306	587	537
May 05, 2020	31210	330	1365	1029
May 06, 2020	31294	278	1236	3898
May 07, 2020	31730	178	1055	586
May 08, 2020	31633	243	815	598
May 09, 2020	31897	80	4206	403
May 10, 2020	32073	70	4272	195
May 11, 2020	32130	263	2851	425
May 12, 2020	32136	348	1265	659
May 13, 2020	31959	83	2590	473
May 14, 2020	32022	351	5146	580
May 15, 2020	32262	104	2529	524
May 16, 2020	32499	96	2468	347
May 17, 2020	32789	146	77	112
May 18, 2020	33078	131	2361	459
May 19, 2020	33236	119	1002	489
May 20, 2020	33471	110	1941	389
May 21, 2020	33596	83	2584	296
May 22, 2020	33751	74	1753	366
May 23, 2020	34084	43	1610	233
May 24, 2020	34379	35	1738	107
May 25, 2020	34669	65	1267	334
May 26, 2020	34783	98	3800	257
May 27, 2020	34736	66	520	178
May 28, 2020	34927	66	532	3098
May 29, 2020	35043	52	351	556
May 30, 2020	35128	57	138	1703
May 31, 2020	35015	31	394	239
Jun 01, 2020	34704	31	628	315
Jun 02, 2020	34747	107	366	283
Jun 03, 2020	34662	81	499	330
Jun 04, 2020	34509	44	480	720
Jun 05, 2020	34150	46	301	573
Jun 06, 2020	33760	31	81	543
Jun 07, 2020	33716	13	446	322
Jun 08, 2020	33468	54	435	198
Jun 09, 2020	33270	87	302	378
Jun 10, 2020	32615	23	273	511
Jun 11, 2020	31939	27	339	399
Jun 12, 2020	31452	28	205	681
Jun 13, 2020	31035	24	83	494
Jun 14, 2020	30436	9	325	382
Jun 15, 2020	29987	29	228	143
Jun 16, 2020	29877	111	67	323
Jun 17, 2020	29651	28	3070	430
Jun 18, 2020	29498	28	528	438
Jun 19, 2020	29354	14	1689	761
Jun 20, 2020	29213	16	223	602
Jun 21, 2020	29070	7	308	267
Jun 22, 2020	28905	23	260	350
Jun 23, 2020	28855	57	273	485
Jun 24, 2020	28729	11	709	76
Jun 25, 2020	28746	21	552	0
Jun 26, 2020	28597	26	517	1490
Jun 27, 2020	28584	8	314	490
Jun 28, 2020	28577	9	189	490
Jun 29, 2020	28252	18	360	263
Jun 30, 2020	28078	30	481	508
Jul 01, 2020	27971	18	381	861
Jul 02, 2020	27866	14	667	618
Jul 03, 2020	27792	18	476	546
Jul 04, 2020	27700	7	375	526
Jul 05, 2020	27659	7	136	600
Jul 06, 2020	27717	13	310	165
Jul 07, 2020	27627	13	417	446
Jul 08, 2020	27512	32	406	622
Jul 09, 2020	27530	14	747	583
Jul 10, 2020	27513	25	577	617
Jul 11, 2020	27358	4	263	628
Jul 12, 2020	27386	3	347	627
Jul 13, 2020	27567	18	467	270
Jul 14, 2020	27563	71	5	480
Jul 15, 2020	27583	20	-20	390
Jul 16, 2020	27655	18	1472	501
Jul 17, 2020	4190	14	476	785
Jul 18, 2020	4283	9	481	812
Jul 19, 2020	4476	8	255	812
Jul 20, 2020	4835	8	500	328
Jul 21, 2020	5119	13	848	548
Jul 22, 2020	5273	7	611	937
Jul 23, 2020	5320	10	536	997
Jul 24, 2020	5496	10	516	1060
Jul 25, 2020	5597	4	596	956
Jul 26, 2020	5708	4	161	955
Jul 27, 2020	5885	9	437	482
Jul 28, 2020	5997	14	608	680
Jul 29, 2020	6131	15	568	1306
Jul 30, 2020	6056	16	601	1292
Jul 31, 2020	6194	11	617	1263
Aug 01, 2020	6266	3	624	0
Aug 02, 2020	6407	4	266	2646
Aug 03, 2020	6527	22	458	522
Aug 04, 2020	6433	2	388	975
Aug 05, 2020	6479	9	492	1591
Aug 06, 2020	6531	7	778	1505
Aug 07, 2020	6622	12	800	2147
Aug 08, 2020	6723	1	811	1910
Aug 09, 2020	6785	1	327	1909
Aug 10, 2020	4834	14	534	737
Aug 11, 2020	4726	14	923	1311
Aug 12, 2020	4743	17	980	2369
Aug 13, 2020	4713	17	1043	2505
Aug 14, 2020	4733	17	939	2671
Aug 15, 2020	4689	4	951	3106
Aug 16, 2020	4617	1	481	2829
Aug 17, 2020	4825	24	656	463
Aug 18, 2020	4803	17	1289	2100
Aug 19, 2020	4661	17	1275	3544
Aug 20, 2020	4573	12	1251	4477
Aug 21, 2020	4708	23	-23	4304
Aug 22, 2020	4725	9	2637	3380
Aug 23, 2020	4751	1	521	4596
Aug 24, 2020	4918	15	960	1835
Aug 25, 2020	4874	16	1575	3101
Aug 26, 2020	4910	0	1505	5095
Aug 27, 2020	4967	32	2115	5735
Aug 28, 2020	5060	20	1890	6925
Aug 29, 2020	5097	6	1903	5117
Aug 30, 2020	5201	4	733	5080
Aug 31, 2020	5642	29	1282	2892
Sep 01, 2020	5730	26	2343	4675
Sep 02, 2020	5779	25	2480	6585
Sep 03, 2020	5952	0	2671	6716
Sep 04, 2020	6095	0	3106	8423
Sep 05, 2020	6255	12	2817	8024
Sep 06, 2020	6432	3	460	6636
Sep 07, 2020	6576	25	2075	3944
Sep 08, 2020	7075	38	3506	6141
Sep 09, 2020	6908	30	4447	8049
Sep 10, 2020	6817	19	4285	9237
Sep 11, 2020	6827	80	3300	8827
Sep 12, 2020	6940	17	4579	9911
Sep 13, 2020	7096	6	1829	6741
Sep 14, 2020	7653	34	3067	5779
Sep 15, 2020	7822	49	5046	7369
Sep 16, 2020	8148	46	5689	9182
Sep 17, 2020	8603	50	6875	9941
Sep 18, 2020	9026	153	4964	12402
Sep 19, 2020	9420	26	5054	12667
Sep 20, 2020	9785	11	2881	9918
Sep 21, 2020	10702	53	4622	4972
Sep 22, 2020	10569	78	6507	9392
Sep 23, 2020	10769	43	6673	12267
Sep 24, 2020	11182	52	8371	15105
Sep 25, 2020	11672	150	7874	14825
Sep 26, 2020	12126	39	6597	13525
Sep 27, 2020	12803	27	3917	10438
Sep 28, 2020	13465	81	6060	3819
Sep 29, 2020	13985	85	7964	7555
Sep 30, 2020	14535	63	9174	12054
Oct 01, 2020	14927	63	8764	13110
Oct 02, 2020	15765	130	9781	11400
Oct 03, 2020	16234	49	6692	15927
Oct 04, 2020	16490	32	5747	11792
Oct 05, 2020	17184	69	7300	4771
Oct 06, 2020	17864	66	9116	9843
Oct 07, 2020	17966	80	9861	17592
Oct 08, 2020	18549	76	12326	17013
Oct 09, 2020	19078	109	12558	19087
Oct 10, 2020	19277	54	9864	25240
Oct 11, 2020	19077	46	4926	15110
Oct 12, 2020	19008	95	9297	7981
Oct 13, 2020	19806	108	12159	12193
Oct 14, 2020	20423	104	15001	21200
Oct 15, 2020	20619	88	14737	28736
Oct 16, 2020	20804	178	13347	23542
Oct 17, 2020	21194	89	10349	30431
Oct 18, 2020	21332	85	3734	28000
Oct 19, 2020	22048	146	7409	12428
Oct 20, 2020	22209	262	11792	19208
Oct 21, 2020	22689	163	12947	25034
Oct 22, 2020	23557	162	11238	39060
Oct 23, 2020	24034	298	15629	39445
Oct 24, 2020	24479	137	11655	42626
Oct 25, 2020	24799	116	4655	48808
Oct 26, 2020	26008	257	9586	25123
Oct 27, 2020	26497	523	17069	31360
Oct 28, 2020	26765	244	16769	34194
Oct 29, 2020	27351	235	18852	44705
Oct 30, 2020	28038	545	24695	46185
Oct 31, 2020	28575	223	14887	33447
Nov 01, 2020	29027	231	7750	45258
Nov 02, 2020	30084	467	11726	51104
Nov 03, 2020	31273	906	20294	35912
Nov 04, 2020	31832	437	28299	39880
Nov 05, 2020	33059	415	23127	56292
Nov 06, 2020	34246	880	29551	58581
Nov 07, 2020	36581	356	27644	83324
Nov 08, 2020	38674	322	12106	38059
Nov 09, 2020	39870	548	18660	20732
Nov 10, 2020	41251	857	24177	22632
Nov 11, 2020	43287	328	38732	35488
Nov 12, 2020	45174	425	39020	32948
Nov 13, 2020	45961	932	41694	24147
Nov 14, 2020	48245	552	48256	31937
Nov 15, 2020	49843	500	24623	27370
Nov 16, 2020	51010	704	30656	10645
Nov 17, 2020	51348	625	33569	13630
Nov 18, 2020	51763	677	44028	26636
Nov 19, 2020	52337	681	45504	19848
Nov 20, 2020	52871	634	32813	21473
Nov 21, 2020	54042	390	44868	16780
Nov 22, 2020	56450	352	50752	12347
Nov 23, 2020	56966	638	35274	4178
Nov 24, 2020	57600	592	39288	8591
Nov 25, 2020	58685	569	55723	15280
Nov 26, 2020	60533	527	58054	12728
Nov 27, 2020	60832	581	82743	11692
Nov 28, 2020	63037	316	37743	11806
Nov 29, 2020	65710	301	20431	9182
Nov 30, 2020	66179	509	22123	3758
Dec 01, 2020	66527	466	35022	7585
Dec 02, 2020	67755	425	32523	13198
Dec 03, 2020	69414	439	23708	11914
Dec 04, 2020	70143	397	31540	10530
Dec 05, 2020	71621	327	27043	12127
Dec 06, 2020	73517	287	10358	10344
Dec 07, 2020	71707	480	13150	3201
Dec 08, 2020	72140	491	26145	12869
Dec 09, 2020	72535	403	19445	13697
Dec 10, 2020	73434	400	21073	12904
Dec 11, 2020	73524	412	16368	12581
Dec 12, 2020	73212	314	12033	13088
Dec 13, 2020	74198	271	3907	10823
Dec 14, 2020	76009	492	8099	2874
Dec 15, 2020	75774	428	14852	10822
Dec 16, 2020	76115	407	12321	16531
Dec 17, 2020	76518	376	11316	17130
Dec 18, 2020	75911	374	11432	14709
Dec 19, 2020	76251	294	8888	16484
Dec 20, 2020	76998	236	3522	12011
Dec 21, 2020	77525	456	7129	5440
Dec 22, 2020	75713	487	12711	11069
Dec 23, 2020	75574	359	11555	14010
Dec 24, 2020	76652	373	10157	20302
Dec 25, 2020	76499	242	11885	19015
Dec 26, 2020	78660	230	10114	2903
Dec 27, 2020	79926	257	2944	8279
Dec 28, 2020	74229	447	12422	2778
Dec 29, 2020	72231	468	13229	10694
Dec 30, 2020	73125	377	12527	24828
Dec 31, 2020	76214	325	12256	18700
Jan 01, 2021	77380	207	12881	18157
Jan 02, 2021	79571	231	10592	3253
Jan 03, 2021	80972	191	2683	11720
Jan 04, 2021	76663	453	10369	3774
Jan 05, 2021	79120	420	16111	19228
Jan 06, 2021	79455	387	16743	23817
Jan 07, 2021	80613	381	14328	20367
Jan 08, 2021	81914	381	16103	18594
Jan 09, 2021	83495	264	11747	18935
Jan 10, 2021	84791	248	5192	14963
Jan 11, 2021	82759	407	10662	3362
Jan 12, 2021	81061	452	13558	18536
Jan 13, 2021	79565	347	19955	22384
Jan 14, 2021	78233	401	18614	19921
Jan 15, 2021	76382	399	2504	19962
Jan 16, 2021	76492	264	8015	20088
Jan 17, 2021	75537	213	2565	15618
Jan 18, 2021	74124	475	10219	3506
Jan 19, 2021	71326	441	24387	22155
Jan 20, 2021	68736	420	18280	25135
Jan 21, 2021	67387	456	17701	21442
Jan 22, 2021	66087	429	2824	21858
Jan 23, 2021	64850	295	11425	22451
Jan 24, 2021	63919	237	3537	17301
Jan 25, 2021	62723	510	18718	3979
Jan 26, 2021	59848	417	23400	20726
Jan 27, 2021	58007	505	19862	25259
Jan 28, 2021	57285	499	18095	22307
Jan 29, 2021	55587	510	18425	21451
Jan 30, 2021	54466	322	14641	22890
Jan 31, 2021	53511	275	3087	18051
Feb 01, 2021	51990	536	18000	4079
Feb 02, 2021	49780	485	21899	21900
Feb 03, 2021	48519	476	19445	24739
Feb 04, 2021	48019	476	19486	22005
Feb 05, 2021	46662	413	19675	20776
Feb 06, 2021	45954	263	15355	19319
Feb 07, 2021	44944	243	3263	18501
Feb 08, 2021	40398	530	21625	4051
Feb 09, 2021	39409	508	24627	17708
Feb 10, 2021	38494	404	21038	23824
Feb 11, 2021	37990	468	21390	19766
Feb 12, 2021	37178	429	22022	19427
Feb 13, 2021	36883	257	17044	19924
Feb 14, 2021	36200	226	3753	15527
Feb 15, 2021	35850	471	20255	4107
Feb 16, 2021	34188	410	24849	18384
Feb 17, 2021	33190	391	21916	23478
Feb 18, 2021	32820	352	21099	21116
Feb 19, 2021	32487	409	22481	22631
Feb 20, 2021	32053	213	17838	20994
Feb 21, 2021	31589	163	3916	20689
Feb 22, 2021	31385	363	21537	4360
Feb 23, 2021	30889	341	24398	18829
Feb 24, 2021	30612	370	21635	29579
Feb 25, 2021	30572	354	20422	23839
Feb 26, 2021	30743	379	18940	23655
Feb 27, 2021	31086	214	18287	22519
Feb 28, 2021	30943	125	3926	18724
Mar 01, 2021	30631	404	17304	4413
Mar 02, 2021	30455	330	23494	21450
Mar 03, 2021	30165	389	19377	25139
Mar 04, 2021	30130	360	19067	23723
Mar 05, 2021	30369	305	19619	22060
Mar 06, 2021	30180	187	15340	21871
Mar 07, 2021	30472	147	3960	20482
Mar 08, 2021	30542	377	18007	4999
Mar 09, 2021	30390	316	23162	21868
Mar 10, 2021	30655	295	20821	28438
Mar 11, 2021	30892	296	22335	25494
Mar 12, 2021	31000	254	20740	23676
Mar 13, 2021	31441	192	20497	27927
Mar 14, 2021	31887	137	4223	24721
Mar 15, 2021	31843	357	18472	6073
Mar 16, 2021	31730	338	29241	28130
Mar 17, 2021	31826	300	23539	36131
Mar 18, 2021	29506	327	23328	32844
Mar 19, 2021	33619	362	22157	32911
Mar 20, 2021	34504	244	18480	33169
Mar 21, 2021	35237	170	4243	28699
Mar 22, 2021	36079	402	21048	35259
Mar 23, 2021	36524	347	24792	23350
Mar 24, 2021	37319	305	23418	31334
Mar 25, 2021	39149	285	21775	42831
Mar 26, 2021	40592	363	21508	39292
Mar 27, 2021	43184	201	20281	39995
Mar 28, 2021	45553	142	4857	34736
Mar 29, 2021	45426	371	21497	26843
Mar 30, 2021	46621	348	28090	26580
Mar 31, 2021	48097	325	25169	39327
Apr 01, 2021	49812	314	23362	47541
Apr 02, 2021	51382	304	27623	43804
Apr 03, 2021	57358	213	24508	18571
Apr 04, 2021	58618	185	5888	57172
Apr 05, 2021	58922	197	27933	11576
Apr 06, 2021	60526	414	35717	54241
Apr 07, 2021	62376	431	32413	28890
Apr 08, 2021	64539	374	32537	14892
Apr 09, 2021	68261	301	32868	38704
Apr 10, 2021	70869	179	28520	40620
Apr 11, 2021	73680	176	35083	32747
Apr 12, 2021	75378	385	22965	8011
Apr 13, 2021	78545	351	30983	36705
Apr 14, 2021	80471	303	42528	40827
Apr 15, 2021	83414	302	38990	35703
Apr 16, 2021	85579	313	39682	34199
Apr 17, 2021	87032	189	34547	33653
Apr 18, 2021	88176	140	26703	27538
Apr 19, 2021	88591	489	26091	6847
Apr 20, 2021	88137	346	38981	39882
Apr 21, 2021	86074	313	47228	32815
Apr 22, 2021	87044	283	43521	32205
Apr 23, 2021	86639	332	18239	30349
Apr 24, 2021	86643	217	56955	30624
Apr 25, 2021	86483	152	11424	22959
Apr 26, 2021	85448	405	53836	5586
Apr 27, 2021	84585	333	28557	28451
Apr 28, 2021	83633	322	14570	29598
Apr 29, 2021	83734	313	38391	24904
Apr 30, 2021	83594	276	40344	22803
May 01, 2021	83762	195	32552	24090
May 02, 2021	84009	116	7895	9279
May 03, 2021	83830	315	36390	3529
May 04, 2021	82987	247	40580	22871
May 05, 2021	81958	252	35451	24400
May 06, 2021	81595	227	33972	20375
May 07, 2021	81491	235	33418	17947
May 08, 2021	81323	179	27359	19468
May 09, 2021	81068	119	6728	8566
May 10, 2021	80099	296	39586	3089
May 11, 2021	78304	240	32575	18573
May 12, 2021	76962	184	32021	20175
May 13, 2021	75770	131	30218	18263
May 14, 2021	73705	173	30451	6593
May 15, 2021	72179	122	22837	14719
May 16, 2021	70623	91	5495	13089
May 17, 2021	67898	206	28245	3144
May 18, 2021	65018	198	29400	16151
May 19, 2021	61896	146	24763	17877
May 20, 2021	60253	138	22803	15415
May 21, 2021	58261	113	23947	12800
May 22, 2021	56179	95	9166	12611
May 23, 2021	54063	76	3440	9704
May 24, 2021	52095	68	22801	2229
May 25, 2021	48163	203	24320	3155
May 26, 2021	45067	153	20172	12646
May 27, 2021	42401	151	17803	13933
May 28, 2021	40181	107	19308	11268
May 29, 2021	38094	69	8459	10675
May 30, 2021	36210	46	3021	8541
May 31, 2021	34032	128	18529	1211
Jun 01, 2021	31431	129	20044	9848
Jun 02, 2021	29571	98	18134	8743
Jun 03, 2021	28070	72	6469	8161
Jun 04, 2021	26859	84	14673	6953
Jun 05, 2021	25624	57	13005	6654
Jun 06, 2021	24449	26	3087	5070
Jun 07, 2021	23142	65	16126	1166
Jun 08, 2021	21822	73	17811	6016
Jun 09, 2021	20683	66	15342	5557
Jun 10, 2021	19539	70	12735	4475
Jun 11, 2021	18678	71	12540	3871
Jun 12, 2021	17881	34	9604	3972
Jun 13, 2021	17230	13	2195	2855
Jun 14, 2021	16223	63	3171	689
Jun 15, 2021	15209	80	12583	3235
Jun 16, 2021	14434	50	13853	3058
Jun 17, 2021	13713	62	11224	2044
Jun 18, 2021	13064	56	10607	3181
Jun 19, 2021	12512	22	8485	2624
Jun 20, 2021	12038	14	1189	1815
Jun 21, 2021	11297	40	9834	487
Jun 22, 2021	10490	51	8703	2204
Jun 23, 2021	9922	33	8110	2320
Jun 24, 2021	9621	44	6920	2007
Jun 25, 2021	9386	33	6610	1986
Jun 26, 2021	9095	16	5037	2128
Jun 27, 2021	8893	21	1154	1578
Jun 28, 2021	8051	48	5999	509
Jun 29, 2021	7694	33	5501	2314
Jun 30, 2021	7366	25	4442	2457
Jul 01, 2021	7330	29	3846	2664
Jul 02, 2021	6613	24	3943	2683
Jul 03, 2021	6523	17	2831	3006
Jul 04, 2021	6431	9	672	2549
Jul 05, 2021	6078	36	3226	796
Jul 06, 2021	5756	34	3022	3585
Jul 07, 2021	5750	28	2010	4081
Jul 08, 2021	5803	25	3153	4442
Jul 09, 2021	5710	18	2599	4580
Jul 10, 2021	5682	19	1797	4696
Jul 11, 2021	5567	4	468	4256
Jul 12, 2021	5413	28	2200	1260
Jul 13, 2021	5226	54	2292	6950
Jul 14, 2021	5118	6	1953	8875
Jul 15, 2021	5125	16	1980	3617
Jul 16, 2021	5036	22	2112	10908
Jul 17, 2021	4971	16	1556	10949
Jul 18, 2021	4887	5	493	12532
Jul 19, 2021	4866	20	2309	4151
Jul 20, 2021	4864	33	2437	18181
Jul 21, 2021	5006	29	2631	21539
Jul 22, 2021	4789	11	2654	21909
Jul 23, 2021	4829	26	2995	19561
Jul 24, 2021	4885	25	2523	25624
Jul 25, 2021	4905	7	771	15242
Jul 26, 2021	5332	50	3579	5307
Jul 27, 2021	5439	31	4036	26871
Jul 28, 2021	5744	44	4414	27934
Jul 29, 2021	6239	32	4540	25190
Jul 30, 2021	6724	66	4667	24309
Jul 31, 2021	6863	47	4196	23471
Aug 01, 2021	6955	20	1217	19600
Aug 02, 2021	7108	56	6932	5184
Aug 03, 2021	8022	63	8824	26829
Aug 04, 2021	8434	59	3560	28784
Aug 05, 2021	9253	57	10855	26460
Aug 06, 2021	10112	66	10897	25077
Aug 07, 2021	10351	35	12472	25755
Aug 08, 2021	10582	33	4119	20450
Aug 09, 2021	12330	75	18151	5775
Aug 10, 2021	12823	75	21471	28576
Aug 11, 2021	13827	60	21841	30920
Aug 12, 2021	15014	85	19507	28554
Aug 13, 2021	16380	82	25547	26453
Aug 14, 2021	17213	56	15168	24427
Aug 15, 2021	17295	49	5256	21172
Aug 16, 2021	19445	107	26827	5829
Aug 17, 2021	19994	123	27837	28114
Aug 18, 2021	21088	124	25079	28405
Aug 19, 2021	22148	140	24197	23973
Aug 20, 2021	23532	92	23344	22319
Aug 21, 2021	24057	89	19517	22636
Aug 22, 2021	25028	49	5103	17300
Aug 23, 2021	24520	119	26785	5166
Aug 24, 2021	24971	169	28676	24853
Aug 25, 2021	25722	102	26307	23706
Aug 26, 2021	27159	110	24984	19683
Aug 27, 2021	28260	109	25432	18249
Aug 28, 2021	29260	85	20355	17590
Aug 29, 2021	30089	61	5701	13630
Aug 30, 2021	31383	112	28523	3795
Aug 31, 2021	31589	136	30822	19425
Sep 01, 2021	32549	86	28418	17621
Sep 02, 2021	33794	103	26320	15911
Sep 03, 2021	34941	93	24324	13466
Sep 04, 2021	35317	83	21079	13336
Sep 05, 2021	36612	49	5746	10410
Sep 06, 2021	37737	102	28065	3042
Sep 07, 2021	37369	152	28303	14534
Sep 08, 2021	38662	100	23821	12828
Sep 09, 2021	38447	103	22219	10969
Sep 10, 2021	39506	80	22533	9966
Sep 11, 2021	40595	46	17220	9601
Sep 12, 2021	41538	29	5120	7679
Sep 13, 2021	42333	86	24824	2062
Sep 14, 2021	42629	147	23620	10327
Sep 15, 2021	42636	79	19536	9144
Sep 16, 2021	43437	65	18170	8128
Sep 17, 2021	44704	66	17525	7373
Sep 18, 2021	48140	42	13564	7414
Sep 19, 2021	51465	28	3753	5814
Sep 20, 2021	46135	68	19397	1515
Sep 21, 2021	45781	153	17553	7851
Sep 22, 2021	45120	58	15758	6794
Sep 23, 2021	45293	62	13408	6229
Sep 24, 2021	45338	49	13274	5879
Sep 25, 2021	43471	29	10361	6012
Sep 26, 2021	43554	14	3013	4706
Sep 27, 2021	46774	92	14520	1309
Sep 28, 2021	45108	60	12736	6765
Sep 29, 2021	44700	42	10909	5835
Sep 30, 2021	44763	56	9924	5204
Oct 01, 2021	45020	46	9545	4935
Oct 02, 2021	48220	30	7633	4948
Oct 03, 2021	50662	9	2032	3744
Oct 04, 2021	44649	50	10318	1138
Oct 05, 2021	42718	75	9094	5558
Oct 06, 2021	41979	34	8053	4946
Oct 07, 2021	41859	34	7339	4615
Oct 08, 2021	41542	38	7380	4470
Oct 09, 2021	44124	15	5776	4734
Oct 10, 2021	46464	8	1500	3991
Oct 11, 2021	46300	30	7843	1120
Oct 12, 2021	37777	68	6764	5880
Oct 13, 2021	36369	23	6161	5578
Oct 14, 2021	35672	38	5856	5187
Oct 15, 2021	35111	34	5974	6099
Oct 16, 2021	37261	15	4672	4899
Oct 17, 2021	37701	5	1294	3778
Oct 18, 2021	32971	41	6760	1057
Oct 19, 2021	31317	49	5794	5934
Oct 20, 2021	30121	21	5155	6036
Oct 21, 2021	29514	35	4914	6127
Oct 22, 2021	29280	29	4913	6366
Oct 23, 2021	30937	23	3715	6291
Oct 24, 2021	31049	4	1115	5005
Oct 25, 2021	27477	41	5554	1295
Oct 26, 2021	26286	47	4905	6603
Oct 27, 2021	25588	34	4568	6528
Oct 28, 2021	25663	33	4436	6461
Oct 29, 2021	25559	27	4701	6433
Oct 30, 2021	27251	22	3964	7360
Oct 31, 2021	27644	12	1098	6329
Nov 01, 2021	24630	6	5868	1866
Nov 02, 2021	23871	74	5572	2039
Nov 03, 2021	23473	39	5113	10050
Nov 04, 2021	23467	47	6060	9502
Nov 05, 2021	23727	26	4852	8998
Nov 06, 2021	25806	25	3752	9605
Nov 07, 2021	26603	10	1032	8547
Nov 08, 2021	24449	55	5924	2197
Nov 09, 2021	24171	58	5981	12476
Nov 10, 2021	24304	33	6069	11883
Nov 11, 2021	25941	17	6333	12603
Nov 12, 2021	24833	48	6274	3860
Nov 13, 2021	26664	16	4957	14646
Nov 14, 2021	27084	17	1279	12496
Nov 15, 2021	24894	70	6586	3241
Nov 16, 2021	23938	47	6458	19778
Nov 17, 2021	23803	50	6414	20294
Nov 18, 2021	23862	52	6383	20366
Nov 19, 2021	24148	50	7308	21220
Nov 20, 2021	26245	23	6279	22678
Nov 21, 2021	26480	15	1843	19749
Nov 22, 2021	24438	94	2024	5266
Nov 23, 2021	23965	98	9956	30454
Nov 24, 2021	24252	81	9404	32591
Nov 25, 2021	23421	43	8917	33464
Nov 26, 2021	25333	60	9562	34436
Nov 27, 2021	27531	34	8487	37218
Nov 28, 2021	27916	23	2163	31648
Nov 29, 2021	26231	122	12453	8279
Nov 30, 2021	25862	115	11761	47177
Dec 01, 2021	26331	96	12488	49610
Dec 02, 2021	26923	103	3764	48416
Dec 03, 2021	27630	127	14543	49858
Dec 04, 2021	30327	49	12369	51624
Dec 05, 2021	30921	29	3192	42252
Dec 06, 2021	29645	192	19749	11308
Dec 07, 2021	29520	172	20102	59019
Dec 08, 2021	30225	133	20194	61340
Dec 09, 2021	31610	136	21087	56854
Dec 10, 2021	33302	150	-136	55339
Dec 11, 2021	36584	65	42277	53720
Dec 12, 2021	37725	48	5201	43848
Dec 13, 2021	37149	243	30406	12036
Dec 14, 2021	38125	158	32348	63405
Dec 15, 2021	40699	151	33306	65713
Dec 16, 2021	44218	188	34285	60866
Dec 17, 2021	48964	162	37030	58128
Dec 18, 2021	56510	85	31486	58536
Dec 19, 2021	61783	75	8194	48473
Dec 20, 2021	66316	224	47102	15075
Dec 21, 2021	74728	229	49386	72832
Dec 22, 2021	85061	170	48187	84272
Dec 23, 2021	101506	179	49688	91608
Dec 24, 2021	114193	167	51445	94124
Dec 25, 2021	129711	84	42085	104611
Dec 26, 2021	142936	96	11224	27697
Dec 27, 2021	174597	256	58923	30383
Dec 28, 2021	193544	290	61084	179807
Dec 29, 2021	207750	184	56564	208099
Dec 30, 2021	234269	180	55155	206243
Dec 31, 2021	274165	189	53540	232200
Jan 01, 2022	315407	110	43659	219126
Jan 02, 2022	319543	91	11926	58432
Jan 03, 2022	337839	270	63314	67461
Jan 04, 2022	344497	351	65443	271686
Jan 05, 2022	360766	246	60515	332252
Jan 06, 2022	377033	204	57882	261481
Jan 07, 2022	388532	193	58332	328214
Jan 08, 2022	408257	142	48280	303669
Jan 09, 2022	422160	90	14933	296097
Jan 10, 2022	404245	280	72742	93896
Jan 11, 2022	402668	341	83992	368149
Jan 12, 2022	398971	246	91267	361719
Jan 13, 2022	386467	225	93878	305322
Jan 14, 2022	368468	191	104386	329371
Jan 15, 2022	370161	148	27506	324580
Jan 16, 2022	380063	98	30235	278129
Jan 17, 2022	331851	296	179709	102144
Jan 18, 2022	322336	375	207803	464769
Jan 19, 2022	313532	231	205868	436167
Jan 20, 2022	299108	245	231969	425183
Jan 21, 2022	293604	233	218881	400851
Jan 22, 2022	293823	167	58199	389320
Jan 23, 2022	314462	115	67294	301614
Jan 24, 2022	270609	393	271571	108481
Jan 25, 2022	261401	467	331859	501635
Jan 26, 2022	251302	258	261014	428008
Jan 27, 2022	233279	268	327956	392168
Jan 28, 2022	227653	263	303401	353503
Jan 29, 2022	230346	178	295834	332398
Jan 30, 2022	236488	127	93718	249448
Jan 31, 2022	209923	348	368022	82657
Feb 01, 2022	208578	381	361371	416896
Feb 02, 2022	200145	276	304941	315363
Feb 03, 2022	181090	264	329095	274352
Feb 04, 2022	177567	355	324316	241049
Feb 05, 2022	182246	170	277774	214542
Feb 06, 2022	185745	129	101974	155439
Feb 07, 2022	163406	417	464640	46001
Feb 08, 2022	159561	691	435750	235267
Feb 09, 2022	158723	283	412530	179614
Feb 10, 2022	147233	310	412530	153025
Feb 11, 2022	149842	329	389010	131376
Feb 12, 2022	154058	161	301285	118611
Feb 13, 2022	158828	107	108320	86562
Feb 14, 2022	138104	385	501528	26475
Feb 15, 2022	134617	390	427623	142253
Feb 16, 2022	131577	276	391778	98735
Feb 17, 2022	129250	287	353227	92345
Feb 18, 2022	126703	304	332111	82553
Feb 19, 2022	128113	148	249144	76638
Feb 20, 2022	125769	114	82509	59003
Feb 21, 2022	118966	283	416896	17195
Feb 22, 2022	124950	285	319295	97382
Feb 23, 2022	117039	213	269738	66833
Feb 24, 2022	113926	281	240836	66732
Feb 25, 2022	114125	188	214261	58138
Feb 26, 2022	116987	101	155251	53623
Feb 27, 2022	119610	76	45900	42600
Feb 28, 2022	111008	232	235191	13483
Mar 01, 2022	112485	209	179382	79794
Mar 02, 2022	112179	186	152816	57697
Mar 03, 2022	112123	180	131190	60225
Mar 04, 2022	114757	181	118431	57789
Mar 05, 2022	116230	120	86381	53678
Mar 06, 2022	115923	32	26355	45328
Mar 07, 2022	111726	176	142221	14496
Mar 08, 2022	111201	167	98559	93050
Mar 09, 2022	112638	155	92178	69190
Mar 10, 2022	113329	107	82398	74818
Mar 11, 2022	112788	149	76531	72399
Mar 12, 2022	113481	51	58854	72443
Mar 13, 2022	117833	29	17144	60422
Mar 14, 2022	114236	185	97353	18853
Mar 15, 2022	114295	146	66648	116618
Mar 16, 2022	115403	173	66586	108832
Mar 17, 2022	116019	116	57965	101747
Mar 18, 2022	120616	112	53507	97579
Mar 19, 2022	121602	62	42488	98104
Mar 20, 2022	124931	30	13421	81283
Mar 21, 2022	124251	152	79764	24179
Mar 22, 2022	124414	133	57545	180777
Mar 23, 2022	127152	101	60092	145560
Mar 24, 2022	132126	124	57688	148635
Mar 25, 2022	135433	121	53554	143571
Mar 26, 2022	136591	67	45207	139517
Mar 27, 2022	137660	41	14429	110174
Mar 28, 2022	140567	149	93009	29455
Mar 29, 2022	142524	164	69041	217480
Mar 30, 2022	150303	149	74654	169024
Mar 31, 2022	160606	139	72250	169311
Apr 01, 2022	163101	134	72304	148629
Apr 02, 2022	164376	68	60288	132114
Apr 03, 2022	165551	31	18785	102266
Apr 04, 2022	167885	149	116587	27648
Apr 05, 2022	170357	129	108683	203021
Apr 06, 2022	179455	128	101618	161950
Apr 07, 2022	191555	105	97451	158792
Apr 08, 2022	194244	139	97999	148768
Apr 09, 2022	195699	87	81144	141690
Apr 10, 2022	197141	45	24092	107654
Apr 11, 2022	196772	178	180732	25492
Apr 12, 2022	195835	159	145382	190762
Apr 13, 2022	204373	152	148476	146426
Apr 14, 2022	217928	133	143419	137342
Apr 15, 2022	217879	151	139384	125394
Apr 16, 2022	220473	61	110023	111583
Apr 17, 2022	220375	35	29394	86650
Apr 18, 2022	220584	48	217445	19810
Apr 19, 2022	212433	182	168976	25465
Apr 20, 2022	216365	227	169129	155711
Apr 21, 2022	229751	185	148402	104007
Apr 22, 2022	230269	146	131929	88389
Apr 23, 2022	230750	75	102120	80571
Apr 24, 2022	231490	40	27573	58954
Apr 25, 2022	235998	197	202981	13984
Apr 26, 2022	234655	170	161753	97498
Apr 27, 2022	242114	152	158622	67711
Apr 28, 2022	253651	132	148616	59760
Apr 29, 2022	255294	158	141558	52919
Apr 30, 2022	254887	61	107496	49482
May 01, 2022	254553	32	25431	36726
May 02, 2022	246066	180	190730	8737
May 03, 2022	239508	120	146246	67017
May 04, 2022	236068	114	137222	47925
May 05, 2022	230808	122	125280	44225
May 06, 2022	226513	110	111461	40224
May 07, 2022	224880	62	86540	37958
May 08, 2022	216907	54	19748	29324
May 09, 2022	215747	132	25411	7354
May 10, 2022	208759	123	155579	56449
May 11, 2022	202055	96	103884	40299
May 12, 2022	192705	84	88293	36047
May 13, 2022	195947	98	80487	32773
May 14, 2022	189028	74	58856	30459
May 15, 2022	191296	21	13984	22844
May 16, 2022	188191	126	97403	5936
May 17, 2022	174554	90	67585	43727
May 18, 2022	170188	80	59670	29995
May 19, 2022	158145	67	52839	27842
May 20, 2022	152960	65	49415	24332
May 21, 2022	150361	44	36661	22507
May 22, 2022	147315	11	8737	16965
May 23, 2022	140976	82	66962	4386
May 24, 2022	137202	88	47843	32029
May 25, 2022	129508	51	44137	22006
May 26, 2022	119562	28	40173	21234
May 27, 2022	116837	45	37930	4811
May 28, 2022	115182	23	29279	23582
May 29, 2022	113817	14	7354	16440
May 30, 2022	110785	85	56412	4673
May 31, 2022	107929	76	40214	35142
Jun 01, 2022	101703	58	35971	26144
Jun 02, 2022	95573	41	32715	25365
Jun 03, 2022	92747	38	30418	25130
Jun 04, 2022	91486	34	22806	25172
Jun 05, 2022	90258	10	5936	20542
Jun 06, 2022	88326	9	43727	6184
Jun 07, 2022	85924	74	29942	11627
Jun 08, 2022	82795	77	27768	53802
Jun 09, 2022	77193	42	24255	40151
Jun 10, 2022	76195	39	-42	17152
Jun 11, 2022	75445	0	39433	0
Jun 12, 2022	73621	0	4386	79397
Jun 13, 2022	73592	92	32029	8474
Jun 14, 2022	72431	57	21914	65425
Jun 15, 2022	70427	49	21177	51954
Jun 16, 2022	66996	49	4762	53081
Jun 17, 2022	65486	43	23533	50605
Jun 18, 2022	64265	19	-43	50266
Jun 19, 2022	63213	3	16440	40125
Jun 20, 2022	65150	45	39793	11566
Jun 21, 2022	63580	56	26099	95217
Jun 22, 2022	62945	66	25309	77967
Jun 23, 2022	65932	40	25064	79852
Jun 24, 2022	63492	49	25132	79262
Jun 25, 2022	62348	30	-49	80926
Jun 26, 2022	61470	11	20542	66301
Jun 27, 2022	63042	48	17770	17601
Jun 28, 2022	63488	37	53754	147248
Jun 29, 2022	62446	48	40114	124724
Jun 30, 2022	67423	42	17104	133346
Jul 01, 2022	65987	52	-42	125066
Jul 02, 2022	65084	30	-52	122639
Jul 03, 2022	64374	14	79397	96191
Jul 04, 2022	67025	97	73899	24418
Jul 05, 2022	67449	75	51813	206554
Jul 06, 2022	69146	53	53006	154615
Jul 07, 2022	75291	89	50552	161265
Jul 08, 2022	74605	74	50177	140997
Jul 09, 2022	73780	39	-74	116405
Jul 10, 2022	75661	15	40125	110589
Jul 11, 2022	74634	108	106783	24343
Jul 12, 2022	84420	126	77805	182006
Jul 13, 2022	84925	109	79726	127642
Jul 14, 2022	96153	54	79153	119285
Jul 15, 2022	97252	108	80872	23027
Jul 16, 2022	99476	59	66193	124009
Jul 17, 2022	101701	26	17601	73668
Jul 18, 2022	101211	174	147163	17733
Jul 19, 2022	101569	144	124550	134188
Jul 20, 2022	100506	125	133202	89982
Jul 21, 2022	94373	133	124941	80869
Jul 22, 2022	96597	113	122506	74348
Jul 23, 2022	101260	57	96078	68532
Jul 24, 2022	105923	23	24418	50032
Jul 25, 2022	107238	130	206474	11195
Jul 26, 2022	109358	119	154485	87562
Jul 27, 2022	111126	103	161146	58638
Jul 28, 2022	105347	112	140894	51594
Jul 29, 2022	110009	89	116293	45515
Jul 30, 2022	114063	55	110500	41274
Jul 31, 2022	118117	20	24343	31535
Aug 01, 2022	117779	121	181931	7249
Aug 02, 2022	119740	101	127521	54519
Aug 03, 2022	117992	90	119184	38788
Aug 04, 2022	111669	87	22937	33799
Aug 05, 2022	114157	80	123922	30592
Aug 06, 2022	117717	45	73588	28518
Aug 07, 2022	121277	20	17733	21528
Aug 08, 2022	122296	109	134123	5090
Aug 09, 2022	124841	111	89873	38230
Aug 10, 2022	116319	88	80758	27081
Aug 11, 2022	115849	80	74260	24312
Aug 12, 2022	104700	74	68452	22638
Aug 13, 2022	106859	0	49958	21175
Aug 14, 2022	107459	0	11195	16347
Aug 15, 2022	108827	65	87562	4564
Aug 16, 2022	110195	113	58573	6331
Aug 17, 2022	111563	93	51481	35745
Aug 18, 2022	112931	92	45422	23605
Aug 19, 2022	114294	74	41182	20236
Aug 20, 2022	115268	40	31461	19870
Aug 21, 2022	114124	0	7249	14820
Aug 22, 2022	112653	76	54479	4012
Aug 23, 2022	111179	88	38712	28988
Aug 24, 2022	109706	57	33711	21289
Aug 25, 2022	108233	44	30535	19837
Aug 26, 2022	106765	51	28474	18116
Aug 27, 2022	105003	23	21477	17833
Aug 28, 2022	104147	9	5090	14110
Aug 29, 2022	102999	78	38198	3806
Aug 30, 2022	101851	72	27003	27358
Aug 31, 2022	100703	54	24240	19240
Sep 01, 2022	99555	41	22584	18646
Sep 02, 2022	98406	55	21134	16399
Sep 03, 2022	96907	14	16292	15597
Sep 04, 2022	96181	3	4564	12894
Sep 05, 2022	95167	67	6314	3443
Sep 06, 2022	94148	60	35678	26918
Sep 07, 2022	93133	46	23545	20142
Sep 08, 2022	92119	58	20190	19866
Sep 09, 2022	91111	31	19812	19087
Sep 10, 2022	89455	15	14789	19517
Sep 11, 2022	88209	6	4012	16422
Sep 12, 2022	88168	40	28967	4579
Sep 13, 2022	87078	49	21249	41850
Sep 14, 2022	85987	33	19788	33575
Sep 15, 2022	84896	33	18083	33263
Sep 16, 2022	83809	28	17800	28686
Sep 17, 2022	82973	11	14082	33162
Sep 18, 2022	82143	2	3806	23137
Sep 19, 2022	81313	58	27345	5219
Sep 20, 2022	80483	48	19182	51816
Sep 21, 2022	79653	33	18598	38250
Sep 22, 2022	78823	30	16366	38464
Sep 23, 2022	77995	33	15567	37524
Sep 24, 2022	77285	14	12861	38024
Sep 25, 2022	77119	8	3443	31365
Sep 26, 2022	76701	51	26896	7489
Sep 27, 2022	76283	40	20091	73639
Sep 28, 2022	75865	45	19826	53410
Sep 29, 2022	75446	33	19042	51366
Sep 30, 2022	75026	34	19484	48261
Oct 01, 2022	74777	17	16388	46596
Oct 02, 2022	74883	7	4579	37453
Oct 03, 2022	72366	62	41826	8690
Oct 04, 2022	75321	74	33513	89185
Oct 05, 2022	75427	47	33189	66564
Oct 06, 2022	75533	50	28639	65537
Oct 07, 2022	75640	53	33112	61121
Oct 08, 2022	73535	26	23084	57270
Oct 09, 2022	76866	8	5219	42626
Oct 10, 2022	77387	79	51782	9373
Oct 11, 2022	77908	85	38171	94753
Oct 12, 2022	78429	55	38379	67948
Oct 13, 2022	78950	62	37469	64218
Oct 14, 2022	79473	79	37962	58695
Oct 15, 2022	77377	35	31286	55394
Oct 16, 2022	80687	17	7489	41973
Oct 17, 2022	81227	112	73587	9421
Oct 18, 2022	81767	101	53298	87666
Oct 19, 2022	82307	106	51265	63031
Oct 20, 2022	82848	69	48155	56793
Oct 21, 2022	83391	81	46527	49087
Oct 22, 2022	84025	33	37372	43746
Oct 23, 2022	84880	17	8690	31470
Oct 24, 2022	85399	122	89135	6907
Oct 25, 2022	85918	131	66442	59653
Oct 26, 2022	86437	60	65406	41185
Oct 27, 2022	86956	71	61061	37089
Oct 28, 2022	87476	61	57199	25783
Oct 29, 2022	87140	41	42565	22723
Oct 30, 2022	87005	9	9373	16456
Oct 31, 2022	86506	112	94703	3768
Nov 01, 2022	86007	53	67836	29525
Nov 02, 2022	85508	97	64165	5691
Nov 03, 2022	85009	55	58598	42025
Nov 04, 2022	84510	78	55339	29438
Nov 05, 2022	84009	34	41895	26840
Nov 06, 2022	83069	9	0	21178
Nov 07, 2022	79073	109	97044	3645
Nov 08, 2022	81792	117	62922	40591
Nov 09, 2022	80993	72	56676	28702
Nov 10, 2022	80194	53	49015	27068
Nov 11, 2022	79395	33	43693	26353
Nov 12, 2022	78593	15	31437	5577
Nov 13, 2022	77928	2	6907	27155
Nov 14, 2022	77263	100	59636	6017
Nov 15, 2022	73327	110	41085	48971
Nov 16, 2022	75924	71	36979	34878
Nov 17, 2022	75051	87	25712	33331
Nov 18, 2022	74177	74	22636	37177
Nov 19, 2022	73300	75	16382	47088
Nov 20, 2022	72326	6	3768	14204
Nov 21, 2022	68190	94	29444	29335
Nov 22, 2022	70713	89	5597	64772
Nov 23, 2022	69725	84	41936	49188
Nov 24, 2022	68735	60	-84	50530
Nov 25, 2022	67746	68	56218	48629
Nov 26, 2022	66755	29	21110	48331
Nov 27, 2022	66639	8	3645	37675
Nov 28, 2022	64230	95	40554	9304
Nov 29, 2022	66616	88	28607	91814
Nov 30, 2022	66399	91	26980	68382
Dec 01, 2022	66181	76	26262	69253
Dec 02, 2022	65964	67	5501	59008
Dec 03, 2022	65746	38	27088	52908
Dec 04, 2022	65529	10	6017	40006
Dec 05, 2022	62863	104	48923	10591
Dec 06, 2022	65623	117	34774	105516
Dec 07, 2022	65671	93	33214	75752
Dec 08, 2022	65719	62	37084	71597
Dec 09, 2022	65765	94	47026	65509
Dec 10, 2022	65813	62	14110	61482
Dec 11, 2022	65861	30	29335	46422
Dec 12, 2022	63460	167	64680	10878
Dec 13, 2022	66088	138	49021	97037
Dec 14, 2022	66168	114	50392	70224
Dec 15, 2022	66248	106	48515	62541
Dec 16, 2022	66327	131	48225	56361
Dec 17, 2022	66407	45	37544	52544
Dec 18, 2022	66487	35	9304	37264
Dec 19, 2022	66567	178	91734	8213
Dec 20, 2022	66841	130	68204	71212
Dec 21, 2022	67429	127	69123	54613
Dec 22, 2022	67724	120	58881	49517
Dec 23, 2022	68021	158	52788	43766
Dec 24, 2022	68316	58	39848	40744
Dec 25, 2022	68612	24	0	23681
Dec 26, 2022	68907	133	10591	5429
Dec 27, 2022	69030	208	105516	30989
Dec 28, 2022	69561	140	147349	26081
Dec 29, 2022	69791	132	64946	24436
Dec 30, 2022	70019	115	61350	23808
Dec 31, 2022	70249	52	46307	21836
Jan 01, 2023	70477	28	10878	15005
Jan 02, 2023	70707	172	96957	2246
Jan 03, 2023	70883	163	70052	22916
Jan 04, 2023	70628	123	62378	14105
Jan 05, 2023	70374	143	56238	11537
Jan 06, 2023	70121	126	52401	10383
Jan 07, 2023	69868	54	37264	8961
Jan 08, 2023	69613	22	8213	6557
Jan 09, 2023	66818	145	71010	1702
Jan 10, 2023	69750	115	54468	11715
Jan 11, 2023	69704	88	49402	7635
Jan 12, 2023	69657	53	43678	7159
Jan 13, 2023	69612	101	40691	6238
Jan 14, 2023	69565	27	23580	5429
Jan 15, 2023	69519	9	5429	4166
Jan 16, 2023	67111	80	30953	1235
Jan 17, 2023	69442	99	26001	8381
Jan 18, 2023	68912	82	24337	5894
Jan 19, 2023	68380	64	23726	4992
Jan 20, 2023	67848	44	21772	4475
Jan 21, 2023	67316	54	14961	4324
Jan 22, 2023	66786	9	2246	3477
Jan 23, 2023	63697	134	22853	1027
Jan 24, 2023	65501	59	13971	7263
Jan 25, 2023	64640	0	11478	5347
Jan 26, 2023	63779	28	10383	5287
Jan 27, 2023	62917	44	8933	4681
Jan 28, 2023	62056	0	6513	4513
Jan 29, 2023	61195	0	1702	3802
Jan 30, 2023	57932	96	11715	982
Jan 31, 2023	59670	57	7539	6860
Feb 01, 2023	58851	53	7102	4506
Feb 02, 2023	58031	52	6185	4021
Feb 03, 2023	57212	28	0	3618
Feb 04, 2023	56391	21	5429	3312
Feb 05, 2023	55572	0	4166	2632
Feb 06, 2023	52438	40	9616	718
Feb 07, 2023	54096	42	5753	4999
Feb 08, 2023	53145	31	4950	3991
Feb 09, 2023	52196	17	4444	3653
Feb 10, 2023	51245	20	4307	3366
Feb 11, 2023	50295	0	3457	3187
Feb 12, 2023	49344	0	1027	2469
Feb 13, 2023	48395	50	7263	706
Feb 14, 2023	47539	35	5297	4986
Feb 15, 2023	47210	35	5252	3972
Feb 16, 2023	46648	27	4646	4021
Feb 17, 2023	46086	28	4486	3589
Feb 18, 2023	45525	0	3774	4236
Feb 19, 2023	44962	0	982	2999
Feb 20, 2023	44400	47	6860	898
Feb 21, 2023	42075	32	4459	5774
Feb 22, 2023	43587	38	3989	4584
Feb 23, 2023	43325	19	3580	4489
Feb 24, 2023	43064	29	3293	3917
Feb 25, 2023	42803	0	2603	3843
Feb 26, 2023	42542	0	718	2942
Feb 27, 2023	42280	52	4999	841
Feb 28, 2023	42029	34	3939	5651
Mar 01, 2023	42012	25	3619	4525
Mar 02, 2023	41806	21	3341	4196
Mar 03, 2023	41601	21	3166	3194
Mar 04, 2023	41395	0	2448	4013
Mar 05, 2023	41190	0	0	0
Mar 06, 2023	40984	43	5692	953
Mar 07, 2023	39225	0	-43	0
Mar 08, 2023	40635	0	3972	0
Mar 09, 2023	40406	0	4021	0
Mar 10, 2023	40177	90	7825	6188
Mar 11, 2023	39948	0	2909	6072
Mar 12, 2023	39718	0	898	4558
Mar 13, 2023	39489	50	5774	1235
Mar 14, 2023	37747	27	4534	9937
Mar 15, 2023	39153	24	4462	8348
Mar 16, 2023	38853	24	3893	7932
Mar 17, 2023	38551	26	3819	7228
Mar 18, 2023	38251	0	2916	7210
Mar 19, 2023	37950	0	841	5459
Mar 20, 2023	37650	63	5651	1470
Mar 21, 2023	35858	35	4462	11519
Mar 22, 2023	37113	13	4161	9762
Mar 23, 2023	36851	29	3181	9249
Mar 24, 2023	36590	15	3984	8839
Mar 25, 2023	36329	0	-15	8435
Mar 26, 2023	36067	0	953	6211
Mar 27, 2023	35805	65	0	7
Mar 28, 2023	34304	39	-65	12933
Mar 29, 2023	35625	36	-39	10885
Mar 30, 2023	35464	0	-36	0
Mar 31, 2023	35305	69	12260	9211
Apr 01, 2023	35145	0	4489	8455
Apr 02, 2023	34984	0	1235	6027
Apr 03, 2023	34823	58	9937	1453
Apr 04, 2023	33219	0	-58	0
Apr 05, 2023	34396	58	16280	9922
Apr 06, 2023	34143	35	7170	9374
Apr 07, 2023	33892	28	7175	8786
Apr 08, 2023	33639	0	5431	7739
Apr 09, 2023	33388	0	1470	6474
Apr 10, 2023	33135	0	11519	1342
Apr 11, 2023	31898	0	9762	1884
Apr 12, 2023	30643	59	9249	14207
Apr 13, 2023	28134	0	8780	10678
Apr 14, 2023	28260	108	8435	9467
Apr 15, 2023	27006	0	6103	8595
Apr 16, 2023	25751	0	7	5805
Apr 17, 2023	24497	0	12933	1411
Apr 18, 2023	23242	140	10885	10616
Apr 19, 2023	22144	0	-140	8807
Apr 20, 2023	21047	0	9211	8201
Apr 21, 2023	19949	125	8455	7400
Apr 22, 2023	18851	0	5902	6796
Apr 23, 2023	17753	0	1453	5008
Apr 24, 2023	16656	0	0	1185
Apr 25, 2023	15558	136	9922	8895
Apr 26, 2023	14339	0	9238	7490
Apr 27, 2023	13120	0	8786	6609
Apr 28, 2023	11901	131	7739	6144
Apr 29, 2023	10681	0	6343	5642
Apr 30, 2023	9462	0	1342	4030
May 01, 2023	8243	0	1884	1098
May 02, 2023	7024	89	14207	1065
May 03, 2023	6021	0	10589	8715
May 04, 2023	5017	0	9467	6161
May 05, 2023	4014	166	8595	5505
May 06, 2023	3010	0	5639	5103
May 07, 2023	2007	0	1411	3301
May 08, 2023	1003	0	10616	759
May 09, 2023	3813	51	8807	1044
May 10, 2023	7817	0	8150	6708
May 11, 2023	11920	0	0	0
May 12, 2023	16002	108	14196	9003
May 13, 2023	20337	0	4900	3706
May 14, 2023	24441	0	1185	2563
May 15, 2023	28009	0	8895	623
May 16, 2023	28557	82	7490	5118
May 17, 2023	29158	0	6527	4149
May 18, 2023	29706	0	0	0
May 19, 2023	30254	0	6144	0
May 20, 2023	30802	0	5642	0
May 21, 2023	31349	0	4030	0
May 22, 2023	31897	76	2163	677
May 23, 2023	32405	79	8639	5901
May 24, 2023	32913	0	6082	4905
May 25, 2023	33421	0	5505	4220
May 26, 2023	33987	56	5103	3724
May 27, 2023	34495	0	3245	3317
May 28, 2023	35003	0	759	2284
May 29, 2023	35511	0	1044	592
May 30, 2023	36106	48	6708	902
May 31, 2023	36765	0	-48	5210
Jun 01, 2023	37360	0	9003	3735
Jun 02, 2023	37953	62	3706	3204
Jun 03, 2023	38548	0	2501	2797
Jun 04, 2023	39141	0	623	2082
Jun 05, 2023	39736	0	5118	443
Jun 06, 2023	40178	51	4149	3590
Jun 07, 2023	32787	0	-51	2762
Jun 08, 2023	33449	0	0	2603
Jun 09, 2023	29779	56	0	2357
Jun 10, 2023	26131	0	-56	2135
Jun 11, 2023	22230	0	677	1282
Jun 12, 2023	18560	0	5901	332
Jun 13, 2023	15322	28	4905	2631
Jun 14, 2023	14548	0	4192	2069
Jun 15, 2023	14990	0	3724	545
Jun 16, 2023	14772	40	3317	2895
Jun 17, 2023	14552	0	2244	1482
Jun 18, 2023	14334	0	592	1080
Jun 19, 2023	14114	0	902	270
Jun 20, 2023	13313	45	5210	2071
Jun 21, 2023	13639	0	3690	1702
Jun 22, 2023	13393	0	3204	1420
Jun 23, 2023	13149	23	2797	1232
Jun 24, 2023	12903	0	2059	1217
Jun 25, 2023	12659	0	443	776
Jun 26, 2023	12413	0	3590	213
Jun 27, 2023	11500	26	2762	1680
Jun 28, 2023	11784	0	2577	1148
Jun 29, 2023	11389	0	2357	1106
Jun 30, 2023	10991	0	2135	1106
Jul 01, 2023	10596	0	0	0
Jul 02, 2023	10198	0	1282	0
Jul 03, 2023	9803	0	332	0
Jul 04, 2023	9479	0	2631	0
Jul 05, 2023	9324	0	2069	0
Jul 06, 2023	8712	0	545	0
Jul 07, 2023	9064	0	2895	0
Jul 08, 2023	8909	0	1482	0
Jul 09, 2023	8754	0	1080	0
Jul 10, 2023	8599	0	270	0
Jul 11, 2023	7948	0	2071	0
Jul 12, 2023	8232	0	1702	0
Jul 13, 2023	8037	0	1420	0
Jul 14, 2023	7842	0	1232	0
Jul 15, 2023	7647	0	1217	0
Jul 16, 2023	7453	0	776	0
Jul 17, 2023	7258	0	213	0
Jul 18, 2023	6887	0	1680	0
Jul 19, 2023	7157	0	1148	0
Jul 20, 2023	7130	0	1106	0
Jul 21, 2023	7104	0	1106	0
Jul 22, 2023	7077	0	0	0
Jul 23, 2023	7051	0	0	0
Jul 24, 2023	7020	0	0	0
Jul 25, 2023	6767	0	0	0
Jul 26, 2023	7055	0	0	0
Jul 27, 2023	7083	0	0	0
Jul 28, 2023	7110	0	0	0
Jul 29, 2023	7138	0	0	0
Jul 30, 2023	7164	0	0	0
Jul 31, 2023	7194	0	0	0
Aug 01, 2023	6917	0	0	0
Aug 02, 2023	7259	0	0	0
Aug 03, 2023	7219	0	0	0
Aug 04, 2023	7179	0	0	0
Aug 05, 2023	7140	0	0	0
Aug 06, 2023	7100	0	0	0
Aug 07, 2023	7064	0	0	0
Aug 08, 2023	6979	0	0	0
Aug 09, 2023	7063	0	0	0
Aug 10, 2023	6994	0	0	0
Aug 11, 2023	7300	0	0	0
Aug 12, 2023	7384	0	0	0
Aug 13, 2023	7468	0	0	0
Aug 14, 2023	7551	0	0	0
Aug 15, 2023	7456	0	0	0
Aug 16, 2023	7800	0	0	0
Aug 17, 2023	7857	0	0	0
Aug 18, 2023	7914	0	0	0
Aug 19, 2023	7972	0	0	0
Aug 20, 2023	8029	0	0	0
Aug 21, 2023	8083	0	0	0
Aug 22, 2023	7975	0	0	0
Aug 23, 2023	8446	0	0	0
Aug 24, 2023	8591	0	0	0
Aug 25, 2023	8736	0	0	0
Aug 26, 2023	8882	0	0	0
Aug 27, 2023	9028	0	0	0
Aug 28, 2023	9173	0	0	0
Aug 29, 2023	9200	0	0	0
Aug 30, 2023	9837	0	0	0
Aug 31, 2023	10137	0	0	0
Sep 01, 2023	10437	0	0	0
Sep 02, 2023	10738	0	0	0
Sep 03, 2023	11039	0	0	0
Sep 04, 2023	11338	0	0	0
Sep 05, 2023	11789	0	0	0
Sep 06, 2023	12053	0	0	0
Sep 07, 2023	12872	0	0	0
Sep 08, 2023	13378	0	0	0
Sep 09, 2023	13882	0	0	0
Sep 10, 2023	14388	0	0	0
Sep 11, 2023	14891	0	0	0
Sep 12, 2023	15442	0	0	0
Sep 13, 2023	15911	0	0	0
Sep 14, 2023	16502	0	0	0
Sep 15, 2023	16971	0	0	0
Sep 16, 2023	17441	0	0	0
Sep 17, 2023	17911	0	0	0
Sep 18, 2023	18378	0	0	0
Sep 19, 2023	18578	0	0	0
Sep 20, 2023	19622	0	0	0
Sep 21, 2023	20139	0	0	0
Sep 22, 2023	20656	0	0	0
Sep 23, 2023	21173	0	0	0
Sep 24, 2023	21689	0	0	0
Sep 25, 2023	22200	0	0	0
Sep 26, 2023	22477	0	0	0
Sep 27, 2023	23929	0	0	0
Sep 28, 2023	24630	0	0	0
Sep 29, 2023	25331	0	0	0
Sep 30, 2023	26032	0	0	0
Oct 01, 2023	26734	0	0	0
Oct 02, 2023	27436	0	0	0
Oct 03, 2023	28133	0	0	0
Oct 04, 2023	27920	0	0	0
Oct 05, 2023	29376	0	0	0
Oct 06, 2023	29927	0	0	0
Oct 07, 2023	30477	0	0	0
Oct 08, 2023	31027	0	0	0
Oct 09, 2023	31577	0	0	0
Oct 10, 2023	32131	0	0	0
Oct 11, 2023	32640	0	0	0
Oct 12, 2023	33578	0	0	0
Oct 13, 2023	34515	0	0	0
Oct 14, 2023	35451	0	0	0
Oct 15, 2023	36553	0	0	0
Oct 16, 2023	37491	0	0	0
Oct 17, 2023	37467	0	0	0
Oct 18, 2023	38747	0	0	0
Oct 19, 2023	38889	0	0	0
Oct 20, 2023	39030	0	0	0
Oct 21, 2023	39173	0	0	0
Oct 22, 2023	39314	0	0	0
Oct 23, 2023	39454	0	0	0
Oct 24, 2023	38277	0	0	0
Oct 25, 2023	39818	0	0	0
Oct 26, 2023	39816	0	0	0
Oct 27, 2023	39815	0	0	0
Oct 28, 2023	39813	0	0	0
Oct 29, 2023	39811	0	0	0
Oct 30, 2023	39809	0	0	0
Oct 31, 2023	38490	0	0	0
Nov 01, 2023	39930	0	0	0
Nov 02, 2023	39800	0	0	0
Nov 03, 2023	39670	0	0	0
Nov 04, 2023	39540	0	0	0
Nov 05, 2023	39410	0	0	0
Nov 06, 2023	39280	0	0	0
Nov 07, 2023	39148	0	0	0
Nov 08, 2023	39304	0	0	0
Nov 09, 2023	39628	0	0	0
Nov 10, 2023	39345	0	0	0
Nov 11, 2023	39062	0	0	0
Nov 12, 2023	38779	0	0	0
Nov 13, 2023	38496	0	0	0
Nov 14, 2023	38213	0	0	0
Nov 15, 2023	37658	0	0	0
Nov 16, 2023	37737	0	0	0
Nov 17, 2023	37817	0	0	0
Nov 18, 2023	37896	0	0	0
Nov 19, 2023	37976	0	0	0
Nov 20, 2023	38055	0	0	0
Nov 21, 2023	38135	0	0	0
Nov 22, 2023	37739	0	0	0
Nov 23, 2023	40203	0	0	0
Nov 24, 2023	40940	0	0	0
Nov 25, 2023	41677	0	0	0
Nov 26, 2023	42415	0	0	0
Nov 27, 2023	43152	0	0	0
Nov 28, 2023	43889	0	0	0
Nov 29, 2023	44073	0	0	0
Nov 30, 2023	43147	0	0	0
Dec 01, 2023	44919	0	0	0
Dec 02, 2023	45221	0	0	0
Dec 03, 2023	45523	0	0	0
Dec 04, 2023	45825	0	0	0
Dec 05, 2023	46127	0	0	0
Dec 06, 2023	46537	0	0	0
Dec 07, 2023	45121	0	0	0
Dec 08, 2023	46757	0	0	0
Dec 09, 2023	46867	0	0	0
Dec 10, 2023	46976	0	0	0
Dec 11, 2023	47086	0	0	0
Dec 12, 2023	47195	0	0	0
Dec 13, 2023	47389	0	0	0
Dec 14, 2023	47658	0	0	0
Dec 15, 2023	49375	0	0	0
Dec 16, 2023	49859	0	0	0
Dec 17, 2023	50343	0	0	0
Dec 18, 2023	51650	0	0	0
Dec 19, 2023	51882	0	0	0
Dec 20, 2023	52128	0	0	0
Dec 21, 2023	51490	0	0	0
Dec 22, 2023	50839	0	0	0
Dec 23, 2023	50185	0	0	0
Dec 24, 2023	49531	0	0	0
Dec 25, 2023	48877	0	0	0
Dec 26, 2023	46099	0	0	0
Dec 27, 2023	47823	0	0	0
Dec 28, 2023	47991	0	0	0
Dec 29, 2023	48159	0	0	0
Dec 30, 2023	48327	0	0	0
Dec 31, 2023	48495	0	0	0
Jan 01, 2024	48663	0	0	0
Jan 02, 2024	48831	0	0	0
Jan 03, 2024	48999	0	0	0
Jan 04, 2024	48474	0	0	0
Jan 05, 2024	50118	0	0	0
Jan 06, 2024	49850	0	0	0
Jan 07, 2024	49582	0	0	0
Jan 08, 2024	49314	0	0	0
Jan 09, 2024	49046	0	0	0
Jan 10, 2024	46970	0	0	0
Jan 11, 2024	48649	0	0	0
Jan 12, 2024	48291	0	0	0
Jan 13, 2024	47933	0	0	0
Jan 14, 2024	47575	0	0	0
Jan 15, 2024	47217	0	0	0
Jan 16, 2024	46036	0	0	0
Jan 17, 2024	44274	0	0	0
Jan 18, 2024	45749	0	0	0
Jan 19, 2024	45482	0	0	0
Jan 20, 2024	45215	0	0	0
Jan 21, 2024	44948	0	0	0
Jan 22, 2024	44681	0	0	0
Jan 23, 2024	44414	0	0	0
Jan 24, 2024	42238	0	0	0
Jan 25, 2024	43246	0	0	0
Jan 26, 2024	42259	0	0	0
Jan 27, 2024	41272	0	0	0
Jan 28, 2024	40285	0	0	0
Jan 29, 2024	39298	0	0	0
Jan 30, 2024	38311	0	0	0
Jan 31, 2024	36016	0	0	0
Feb 01, 2024	36852	0	0	0
Feb 02, 2024	34577	0	0	0
Feb 03, 2024	33767	0	0	0
Feb 04, 2024	32957	0	0	0
Feb 05, 2024	32147	0	0	0
Feb 06, 2024	31337	0	0	0
Feb 07, 2024	29091	0	0	0
Feb 08, 2024	29880	0	0	0
Feb 09, 2024	29074	0	0	0
Feb 10, 2024	28268	0	0	0
Feb 11, 2024	27462	0	0	0
Feb 12, 2024	26656	0	0	0
Feb 13, 2024	25850	0	0	0
Feb 14, 2024	23693	0	0	0
Feb 15, 2024	24384	0	0	0
Feb 16, 2024	23667	0	0	0
Feb 17, 2024	22950	0	0	0
Feb 18, 2024	22233	0	0	0
Feb 19, 2024	21516	0	0	0
Feb 20, 2024	20799	0	0	0
Feb 21, 2024	19069	0	0	0
Feb 22, 2024	19706	0	0	0
Feb 23, 2024	19369	0	0	0
Feb 24, 2024	19032	0	0	0
Feb 25, 2024	18695	0	0	0
Feb 26, 2024	18358	0	0	0
Feb 27, 2024	18021	0	0	0
Feb 28, 2024	16316	0	0	0
Feb 29, 2024	16904	0	0	0
Mar 01, 2024	16700	0	0	0
Mar 02, 2024	16496	0	0	0
Mar 03, 2024	16292	0	0	0
Mar 04, 2024	16088	0	0	0
Mar 05, 2024	15884	0	0	0
Mar 06, 2024	14946	0	0	0
Mar 07, 2024	15402	0	0	0
Mar 08, 2024	15128	0	0	0
Mar 09, 2024	14854	0	0	0
Mar 10, 2024	14580	0	0	0
Mar 11, 2024	14306	0	0	0
Mar 12, 2024	14032	0	0	0
Mar 13, 2024	13387	0	0	0
Mar 14, 2024	12260	0	0	0
Mar 15, 2024	12343	0	0	0
Mar 16, 2024	11782	0	0	0
Mar 17, 2024	11221	0	0	0
Mar 18, 2024	10660	0	0	0
Mar 19, 2024	10099	0	0	0
Mar 20, 2024	9538	0	0	0
Mar 21, 2024	9025	0	0	0
Mar 22, 2024	8517	0	0	0
Mar 23, 2024	8009	0	0	0
