Feb 15, 2020	0	null	null	null
Feb 16, 2020	0	null	0	null
Feb 17, 2020	0	null	0	null
Feb 18, 2020	0	null	0	null
Feb 19, 2020	0	null	0	null
Feb 20, 2020	0	null	0	null
Feb 21, 2020	0	null	0	null
Feb 22, 2020	0	null	0	null
Feb 23, 2020	0	null	0	null
Feb 24, 2020	0	null	0	null
Feb 25, 2020	0	null	0	null
Feb 26, 2020	0	null	0	null
Feb 27, 2020	0	null	0	null
Feb 28, 2020	0	null	0	null
Feb 29, 2020	0	null	0	null
Mar 01, 2020	0	null	0	null
Mar 02, 2020	0	null	0	null
Mar 03, 2020	1	null	0	null
Mar 04, 2020	3	null	0	2
Mar 05, 2020	4	null	0	1
Mar 06, 2020	5	null	0	1
Mar 07, 2020	7	null	0	2
Mar 08, 2020	11	null	0	4
Mar 09, 2020	15	null	0	4
Mar 10, 2020	20	null	0	5
Mar 11, 2020	27	null	0	7
Mar 12, 2020	39	null	0	12
Mar 13, 2020	51	null	0	12
Mar 14, 2020	72	null	0	21
Mar 15, 2020	88	null	0	16
Mar 16, 2020	183	null	0	95
Mar 17, 2020	236	null	0	53
Mar 18, 2020	279	null	0	43
Mar 19, 2020	401	null	0	122
Mar 20, 2020	503	null	6	108
Mar 21, 2020	621	null	2	121
Mar 22, 2020	732	0	0	111
Mar 23, 2020	861	1	3	133
Mar 24, 2020	1061	0	6	206
Mar 25, 2020	1312	1	5	257
Mar 26, 2020	1503	1	0	192
Mar 27, 2020	1837	1	21	356
Mar 28, 2020	2168	1	18	350
Mar 29, 2020	2422	1	14	269
Mar 30, 2020	2703	1	81	363
Mar 31, 2020	3035	6	0	338
Apr 01, 2020	3294	6	78	343
Apr 02, 2020	3627	3	101	437
Apr 03, 2020	3919	6	92	390
Apr 04, 2020	4306	8	101	496
Apr 05, 2020	4569	10	90	363
Apr 06, 2020	4858	4	110	403
Apr 07, 2020	5031	9	170	352
Apr 08, 2020	5309	8	217	503
Apr 09, 2020	5636	13	159	499
Apr 10, 2020	5947	11	297	619
Apr 11, 2020	6142	11	293	499
Apr 12, 2020	6272	10	195	335
Apr 13, 2020	6326	3	308	365
Apr 14, 2020	6492	14	279	459
Apr 15, 2020	6615	3	291	417
Apr 16, 2020	6863	15	362	625
Apr 17, 2020	7047	15	322	521
Apr 18, 2020	7178	14	414	559
Apr 19, 2020	7284	10	303	419
Apr 20, 2020	7427	9	338	490
Apr 21, 2020	7503	11	293	380
Apr 22, 2020	7610	19	417	543
Apr 23, 2020	7785	11	418	604
Apr 24, 2020	7831	9	523	578
Apr 25, 2020	8048	10	419	646
Apr 26, 2020	8313	11	278	554
Apr 27, 2020	8561	13	303	564
Apr 28, 2020	8811	13	383	646
Apr 29, 2020	9060	13	347	609
Apr 30, 2020	9854	15	523	1332
May 01, 2020	10559	10	438	1153
May 02, 2020	11656	19	554	1670
May 03, 2020	12605	19	469	1437
May 04, 2020	13364	14	374	1147
May 05, 2020	14668	8	295	1607
May 06, 2020	15388	9	479	1208
May 07, 2020	16701	6	475	1794
May 08, 2020	17820	13	496	1628
May 09, 2020	18758	14	507	1459
May 10, 2020	20230	11	445	1928
May 11, 2020	21123	15	493	1401
May 12, 2020	22525	18	520	1940
May 13, 2020	24884	15	740	3114
May 14, 2020	27176	31	790	3113
May 15, 2020	29110	36	959	2929
May 16, 2020	29879	39	1400	2208
May 17, 2020	31394	41	1199	2755
May 18, 2020	33069	40	952	2667
May 19, 2020	35804	44	1342	4121
May 20, 2020	39484	50	997	4727
May 21, 2020	42572	64	1488	4640
May 22, 2020	46169	58	1350	5005
May 23, 2020	49043	61	1204	4139
May 24, 2020	51719	64	1602	4342
May 25, 2020	56234	61	1154	5730
May 26, 2020	59197	64	1613	4640
May 27, 2020	61588	50	2625	5066
May 28, 2020	64357	69	2610	5448
May 29, 2020	66157	77	2448	4325
May 30, 2020	69189	75	1833	4940
May 31, 2020	72467	80	2296	5654
Jun 01, 2020	76568	84	2219	6404
Jun 02, 2020	80590	107	0	4129
Jun 03, 2020	45025	123	41227	5785
Jun 04, 2020	45795	115	4575	5460
Jun 05, 2020	45707	130	4883	4925
Jun 06, 2020	51716	132	0	6141
Jun 07, 2020	58293	921	0	7498
Jun 08, 2020	63685	105	0	5497
Jun 09, 2020	68240	26	0	4581
Jun 10, 2020	74684	272	0	6716
Jun 11, 2020	50175	246	30813	6550
Jun 12, 2020	52853	315	4914	7907
Jun 13, 2020	54208	327	5938	7620
Jun 14, 2020	55607	315	6408	8122
Jun 15, 2020	56484	55	5088	6020
Jun 16, 2020	54880	30	7440	5866
Jun 17, 2020	59308	330	0	4758
Jun 18, 2020	33254	321	30209	4476
Jun 19, 2020	34138	357	5050	6291
Jun 20, 2020	34089	287	5118	5356
Jun 21, 2020	35476	261	3960	5608
Jun 22, 2020	35224	33	4828	4609
Jun 23, 2020	33852	4	5173	3805
Jun 24, 2020	32658	321	4523	3650
Jun 25, 2020	32828	245	4234	4649
Jun 26, 2020	32786	235	4104	4297
Jun 27, 2020	32173	396	4624	4407
Jun 28, 2020	32005	230	4155	4217
Jun 29, 2020	31985	94	3944	4018
Jun 30, 2020	30144	161	5075	3395
Jul 01, 2020	28488	93	4214	2651
Jul 02, 2020	26946	237	3804	2499
Jul 03, 2020	26213	186	4096	3549
Jul 04, 2020	25669	201	4102	3759
Jul 05, 2020	25604	164	3587	3686
Jul 06, 2020	25183	108	3339	3026
Jul 07, 2020	23701	71	3874	2463
Jul 08, 2020	22110	197	3458	2064
Jul 09, 2020	21871	154	3219	3134
Jul 10, 2020	21659	140	3131	3059
Jul 11, 2020	21212	142	3061	2756
Jul 12, 2020	21298	139	2788	3013
Jul 13, 2020	21197	64	2654	2617
Jul 14, 2020	20305	64	2664	1836
Jul 15, 2020	18986	166	2865	1712
Jul 16, 2020	18116	148	3216	2494
Jul 17, 2020	19322	123	1513	2842
Jul 18, 2020	18872	123	2635	2308
Jul 19, 2020	18538	73	2345	2084
Jul 20, 2020	18276	163	2198	2099
Jul 21, 2020	17051	55	2824	1654
Jul 22, 2020	16289	56	2425	1719
Jul 23, 2020	16311	146	2190	2358
Jul 24, 2020	16497	95	2265	2546
Jul 25, 2020	16180	133	2473	2289
Jul 26, 2020	16337	115	1926	2198
Jul 27, 2020	16517	94	1859	2133
Jul 28, 2020	15950	66	2378	1877
Jul 29, 2020	15452	48	2225	1775
Jul 30, 2020	15218	124	2071	1961
Jul 31, 2020	15550	100	1699	2131
Aug 01, 2020	15266	95	2180	1991
Aug 02, 2020	15341	94	1904	2073
Aug 03, 2020	15414	124	1565	1762
Aug 04, 2020	14481	48	2354	1469
Aug 05, 2020	14222	59	1961	1761
Aug 06, 2020	14171	122	1877	1948
Aug 07, 2020	14238	87	2000	2154
Aug 08, 2020	14405	66	1965	2198
Aug 09, 2020	14662	83	1693	2033
Aug 10, 2020	15056	78	1516	1988
Aug 11, 2020	14380	49	2199	1572
Aug 12, 2020	14020	34	1878	1552
Aug 13, 2020	14056	118	1712	1866
Aug 14, 2020	14176	51	1906	2077
Aug 15, 2020	13984	69	1914	1791
Aug 16, 2020	14080	71	1877	2044
Aug 17, 2020	14002	77	1557	1556
Aug 18, 2020	13259	41	2055	1353
Aug 19, 2020	12556	40	1845	1182
Aug 20, 2020	12473	117	1778	1812
Aug 21, 2020	12494	65	1834	1920
Aug 22, 2020	12513	87	1833	1939
Aug 23, 2020	12946	75	1449	1957
Aug 24, 2020	13484	80	1285	1903
Aug 25, 2020	12849	53	1999	1417
Aug 26, 2020	12384	40	1805	1380
Aug 27, 2020	12364	103	1654	1737
Aug 28, 2020	12629	75	1530	1870
Aug 29, 2020	12874	61	1731	2037
Aug 30, 2020	13359	79	1401	1965
Aug 31, 2020	13760	56	1295	1752
Sep 01, 2020	13228	40	1911	1419
Sep 02, 2020	12900	29	1893	1594
Sep 03, 2020	12838	98	1726	1762
Sep 04, 2020	12873	90	1839	1964
Sep 05, 2020	13052	71	1719	1969
Sep 06, 2020	13645	51	1432	2076
Sep 07, 2020	14016	75	1318	1764
Sep 08, 2020	13232	38	2013	1267
Sep 09, 2020	12868	25	1825	1486
Sep 10, 2020	12616	99	1801	1648
Sep 11, 2020	12681	87	1708	1860
Sep 12, 2020	12901	56	1855	2131
Sep 13, 2020	13508	68	1407	2082
Sep 14, 2020	13728	80	1399	1699
Sep 15, 2020	13011	34	2219	1536
Sep 16, 2020	12383	23	1909	1304
Sep 17, 2020	12066	105	2075	1863
Sep 18, 2020	11619	71	2053	1677
Sep 19, 2020	11277	69	2120	1847
Sep 20, 2020	11192	40	1645	1600
Sep 21, 2020	11006	15	1365	1194
Sep 22, 2020	9967	29	2065	1055
Sep 23, 2020	9328	30	1989	1380
Sep 24, 2020	9204	156	1711	1743
Sep 25, 2020	9651	73	1704	2224
Sep 26, 2020	7292	80	4390	2111
Sep 27, 2020	7722	63	1429	1922
Sep 28, 2020	7308	71	2113	1770
Sep 29, 2020	7139	34	1764	1629
Sep 30, 2020	6968	20	1842	1691
Oct 01, 2020	6925	102	1700	1759
Oct 02, 2020	6870	56	1839	1840
Oct 03, 2020	7284	65	1402	1881
Oct 04, 2020	7752	75	1165	1708
Oct 05, 2020	7265	73	1981	1567
Oct 06, 2020	7204	41	1580	1560
Oct 07, 2020	6877	25	1436	1134
Oct 08, 2020	6739	97	1617	1576
Oct 09, 2020	6761	66	1665	1753
Oct 10, 2020	7247	65	1275	1826
Oct 11, 2020	7872	58	1093	1776
Oct 12, 2020	7674	77	1638	1517
Oct 13, 2020	7426	21	1619	1392
Oct 14, 2020	6936	24	1558	1092
Oct 15, 2020	6454	24	1582	1124
Oct 16, 2020	6498	119	1531	1694
Oct 17, 2020	6900	74	1337	1813
Oct 18, 2020	7565	59	1033	1757
Oct 19, 2020	7794	51	1265	1545
Oct 20, 2020	7093	33	1767	1099
Oct 21, 2020	6618	21	1613	1159
Oct 22, 2020	6503	92	1517	1494
Oct 23, 2020	6793	65	1425	1780
Oct 24, 2020	7099	60	1246	1612
Oct 25, 2020	7451	65	1123	1540
Oct 26, 2020	7214	74	1698	1535
Oct 27, 2020	6631	29	1481	927
Oct 28, 2020	6233	8	1395	1005
Oct 29, 2020	6350	108	1295	1520
Oct 30, 2020	6471	50	1350	1521
Oct 31, 2020	6977	61	1118	1685
Nov 01, 2020	7504	50	1031	1608
Nov 02, 2020	7168	69	1591	1324
Nov 03, 2020	6653	21	1508	1014
Nov 04, 2020	5964	26	1503	840
Nov 05, 2020	6206	80	1218	1540
Nov 06, 2020	6635	58	1340	1827
Nov 07, 2020	7088	61	1054	1568
Nov 08, 2020	7535	55	1079	1581
Nov 09, 2020	7073	56	1727	1321
Nov 10, 2020	6599	29	1473	1028
Nov 11, 2020	6155	28	1313	897
Nov 12, 2020	6363	83	1343	1634
Nov 13, 2020	6553	49	1353	1592
Nov 14, 2020	6980	49	1170	1646
Nov 15, 2020	7472	53	1052	1597
Nov 16, 2020	7116	55	1632	1331
Nov 17, 2020	6568	25	1529	1006
Nov 18, 2020	6132	18	1366	948
Nov 19, 2020	6194	73	1319	1454
Nov 20, 2020	6375	60	1332	1573
Nov 21, 2020	6749	34	1150	1558
Nov 22, 2020	7170	49	1027	1497
Nov 23, 2020	7007	46	1557	1440
Nov 24, 2020	6590	31	1393	1007
Nov 25, 2020	6185	9	1401	1005
Nov 26, 2020	6256	122	1377	1570
Nov 27, 2020	6277	54	1486	1561
Nov 28, 2020	6800	55	1140	1718
Nov 29, 2020	7176	43	1070	1489
Nov 30, 2020	6738	68	1683	1313
Dec 01, 2020	6333	25	1501	1121
Dec 02, 2020	5911	10	1446	1034
Dec 03, 2020	5917	102	1400	1508
Dec 04, 2020	6187	49	1410	1729
Dec 05, 2020	6487	43	1190	1533
Dec 06, 2020	7120	45	1036	1714
Dec 07, 2020	7049	44	1787	1760
Dec 08, 2020	6654	21	1766	1392
Dec 09, 2020	6202	13	1683	1244
Dec 10, 2020	6082	105	1677	1662
Dec 11, 2020	5941	10	1665	1534
Dec 12, 2020	6248	80	1420	1807
Dec 13, 2020	7109	50	1227	2138
Dec 14, 2020	6920	56	2044	1911
Dec 15, 2020	6807	23	1589	1499
Dec 16, 2020	6303	13	1893	1402
Dec 17, 2020	6360	60	1884	2001
Dec 18, 2020	6796	55	1912	2403
Dec 19, 2020	7288	63	1664	2219
Dec 20, 2020	7880	66	1533	2191
Dec 21, 2020	7435	54	2334	1943
Dec 22, 2020	6889	25	2222	1701
Dec 23, 2020	6561	14	2039	1725
Dec 24, 2020	6883	94	1980	2396
Dec 25, 2020	7281	69	2054	2521
Dec 26, 2020	7981	58	1805	2563
Dec 27, 2020	7860	49	1783	1711
Dec 28, 2020	7111	0	2672	1923
Dec 29, 2020	6613	56	2400	1958
Dec 30, 2020	6138	14	2425	1964
Dec 31, 2020	6880	137	2144	3023
Jan 01, 2021	8491	65	1915	3591
Jan 02, 2021	9214	80	2535	3338
Jan 03, 2021	8975	54	2474	2289
Jan 04, 2021	7697	0	3728	2450
Jan 05, 2021	7043	26	3088	2460
Jan 06, 2021	6275	35	3115	2382
Jan 07, 2021	7171	122	2675	3693
Jan 08, 2021	8564	77	2735	4205
Jan 09, 2021	9758	79	3088	4361
Jan 10, 2021	10843	74	3022	4181
Jan 11, 2021	9906	83	4823	3969
Jan 12, 2021	8968	25	4156	3243
Jan 13, 2021	8114	28	4216	3390
Jan 14, 2021	8076	113	4112	4187
Jan 15, 2021	8459	94	3991	4468
Jan 16, 2021	9273	83	3416	4313
Jan 17, 2021	10700	53	2859	4339
Jan 18, 2021	9964	88	4566	3918
Jan 19, 2021	9175	33	4157	3401
Jan 20, 2021	8632	26	4106	3589
Jan 21, 2021	8922	135	3942	4367
Jan 22, 2021	9487	105	4289	4959
Jan 23, 2021	10468	85	3515	4581
Jan 24, 2021	11721	99	3111	4463
Jan 25, 2021	10814	83	4892	4068
Jan 26, 2021	9765	30	4341	3322
Jan 27, 2021	8896	21	4236	3388
Jan 28, 2021	8892	168	4091	4255
Jan 29, 2021	9227	104	4167	4606
Jan 30, 2021	9995	103	3280	4151
Jan 31, 2021	11245	142	2817	4209
Feb 01, 2021	10344	107	4573	3779
Feb 02, 2021	9592	28	3871	3147
Feb 03, 2021	8530	21	3651	2610
Feb 04, 2021	8205	194	3723	3592
Feb 05, 2021	8384	97	3506	3782
Feb 06, 2021	9622	109	2716	4063
Feb 07, 2021	10988	99	2339	3804
Feb 08, 2021	9949	103	4400	3464
Feb 09, 2021	9142	35	3611	2839
Feb 10, 2021	8112	26	3391	2387
Feb 11, 2021	8256	197	3390	3731
Feb 12, 2021	8797	104	3519	4164
Feb 13, 2021	9615	123	2983	3924
Feb 14, 2021	10824	123	2482	3814
Feb 15, 2021	9992	104	4060	3332
Feb 16, 2021	8777	25	3688	2498
Feb 17, 2021	7341	19	3692	2275
Feb 18, 2021	7636	174	3359	3828
Feb 19, 2021	7971	124	3338	3797
Feb 20, 2021	8959	97	2821	3906
Feb 21, 2021	9932	85	2557	3615
Feb 22, 2021	9377	105	3999	3549
Feb 23, 2021	8111	31	3543	2308
Feb 24, 2021	7019	28	3619	2555
Feb 25, 2021	7906	172	3413	4472
Feb 26, 2021	8724	113	3654	4585
Feb 27, 2021	9994	95	3124	4489
Feb 28, 2021	11360	120	2721	4207
Mar 01, 2021	10756	110	4639	4145
Mar 02, 2021	9529	30	3939	2742
Mar 03, 2021	8576	25	3968	3040
Mar 04, 2021	8985	168	3990	4567
Mar 05, 2021	10079	113	4124	5331
Mar 06, 2021	11378	100	3634	5033
Mar 07, 2021	13242	87	3351	5302
Mar 08, 2021	12241	108	5641	4748
Mar 09, 2021	10907	24	4841	3531
Mar 10, 2021	9945	30	4817	3885
Mar 11, 2021	10490	196	4822	5563
Mar 12, 2021	11192	112	5159	5973
Mar 13, 2021	12423	154	4509	5894
Mar 14, 2021	14082	125	3947	5731
Mar 15, 2021	12933	148	6122	5121
Mar 16, 2021	11805	44	5635	4551
Mar 17, 2021	10472	43	5720	4430
Mar 18, 2021	11054	216	5459	6257
Mar 19, 2021	11533	149	5956	6584
Mar 20, 2021	13313	140	5116	7036
Mar 21, 2021	15457	149	4557	6850
Mar 22, 2021	14075	120	7417	6155
Mar 23, 2021	12375	63	6501	4864
Mar 24, 2021	10601	53	6546	4825
Mar 25, 2021	11199	153	6228	6979
Mar 26, 2021	11903	95	6760	7559
Mar 27, 2021	13624	99	5772	7592
Mar 28, 2021	15612	152	5190	7330
Mar 29, 2021	14627	127	8099	7241
Mar 30, 2021	12357	46	7232	5008
Mar 31, 2021	11406	35	6962	6046
Apr 01, 2021	12168	242	6864	7868
Apr 02, 2021	12642	117	7488	8079
Apr 03, 2021	14673	129	5833	7993
Apr 04, 2021	16801	151	5028	7307
Apr 05, 2021	14106	41	8481	5827
Apr 06, 2021	12040	71	7163	5168
Apr 07, 2021	10370	78	6834	5242
Apr 08, 2021	10796	230	7592	8248
Apr 09, 2021	13906	162	5879	9151
Apr 10, 2021	16012	132	5895	8133
Apr 11, 2021	18347	167	5443	7945
Apr 12, 2021	16087	172	8509	6421
Apr 13, 2021	14450	44	7383	5790
Apr 14, 2021	13051	38	6918	5557
Apr 15, 2021	13461	273	6748	7431
Apr 16, 2021	13977	197	6900	7613
Apr 17, 2021	15935	166	5913	8037
Apr 18, 2021	18199	153	4953	7370
Apr 19, 2021	16911	125	7785	6622
Apr 20, 2021	15157	50	6799	5095
Apr 21, 2021	13491	45	6589	4968
Apr 22, 2021	13628	225	6555	6917
Apr 23, 2021	14509	137	6564	7582
Apr 24, 2021	15839	127	5452	6909
Apr 25, 2021	17790	143	4631	6725
Apr 26, 2021	16471	149	7248	6078
Apr 27, 2021	14034	56	6539	4158
Apr 28, 2021	12461	66	6006	4499
Apr 29, 2021	13185	218	5778	6720
Apr 30, 2021	14264	133	6042	7254
May 01, 2021	15535	130	5109	6510
May 02, 2021	17333	130	4237	6165
May 03, 2021	15502	123	6603	4895
May 04, 2021	13039	46	5666	3249
May 05, 2021	11485	38	5401	3885
May 06, 2021	12644	212	4928	6299
May 07, 2021	13687	137	5350	6530
May 08, 2021	15382	122	4381	6198
May 09, 2021	16749	147	3979	5493
May 10, 2021	15518	125	6445	5339
May 11, 2021	13716	48	5492	3738
May 12, 2021	12131	35	5452	3902
May 13, 2021	12782	171	5331	6153
May 14, 2021	13912	159	5626	6915
May 15, 2021	15881	109	4658	6736
May 16, 2021	17832	123	4222	6296
May 17, 2021	16169	128	7083	5548
May 18, 2021	13805	39	6091	3766
May 19, 2021	12506	40	6026	4767
May 20, 2021	14280	216	5692	7682
May 21, 2021	15324	152	6406	7602
May 22, 2021	17337	120	5367	7500
May 23, 2021	18689	166	4987	6505
May 24, 2021	16010	38	7984	5343
May 25, 2021	13166	46	6958	4160
May 26, 2021	11802	49	6512	5197
May 27, 2021	12755	232	6920	8105
May 28, 2021	15653	149	5611	8658
May 29, 2021	18059	149	5820	8375
May 30, 2021	20015	152	5643	7751
May 31, 2021	18302	166	8386	6839
Jun 01, 2021	15660	55	7598	5011
Jun 02, 2021	13955	51	7270	5616
Jun 03, 2021	14968	267	6848	8128
Jun 04, 2021	15984	123	7106	8245
Jun 05, 2021	18670	151	6083	8920
Jun 06, 2021	20874	152	5334	7690
Jun 07, 2021	18928	152	8722	6928
Jun 08, 2021	16284	58	8119	5533
Jun 09, 2021	14125	46	7466	5353
Jun 10, 2021	14564	248	7021	7708
Jun 11, 2021	15148	167	7190	7941
Jun 12, 2021	16603	134	5984	7573
Jun 13, 2021	18815	161	5108	7481
Jun 14, 2021	17122	122	7761	6190
Jun 15, 2021	14598	77	7023	4576
Jun 16, 2021	12341	71	6508	4322
Jun 17, 2021	12718	273	6020	6670
Jun 18, 2021	13203	149	6136	6770
Jun 19, 2021	14204	167	5106	6274
Jun 20, 2021	15709	152	4086	5743
Jun 21, 2021	14281	166	6467	5205
Jun 22, 2021	12203	56	5462	3440
Jun 23, 2021	9832	70	5047	2746
Jun 24, 2021	8503	64	4728	3463
Jun 25, 2021	9139	270	4693	5599
Jun 26, 2021	10475	189	3646	5171
Jun 27, 2021	11474	169	3293	4461
Jun 28, 2021	11707	196	3605	4034
Jun 29, 2021	9805	44	4495	2637
Jun 30, 2021	7916	70	3947	2128
Jul 01, 2021	6911	54	3606	2655
Jul 02, 2021	7253	277	3437	4056
Jul 03, 2021	8079	206	2816	3848
Jul 04, 2021	8976	163	2263	3323
Jul 05, 2021	8850	183	2767	2824
Jul 06, 2021	7579	49	3079	1857
Jul 07, 2021	6501	50	2899	1871
Jul 08, 2021	6702	233	2821	3255
Jul 09, 2021	6651	153	2698	2800
Jul 10, 2021	7209	164	2047	2769
Jul 11, 2021	7526	138	1863	2318
Jul 12, 2021	6865	129	2677	2145
Jul 13, 2021	5842	45	2242	1264
Jul 14, 2021	5005	41	2039	1243
Jul 15, 2021	5202	198	1971	2366
Jul 16, 2021	5297	128	1830	2053
Jul 17, 2021	5590	118	1521	1932
Jul 18, 2021	5676	139	1173	1398
Jul 19, 2021	4770	31	1879	1004
Jul 20, 2021	4165	38	1542	975
Jul 21, 2021	3593	53	1515	996
Jul 22, 2021	3840	227	1385	1859
Jul 23, 2021	4288	104	1093	1645
Jul 24, 2021	4430	104	1145	1391
Jul 25, 2021	4726	85	1047	1428
Jul 26, 2021	4212	117	1565	1168
Jul 27, 2021	3558	40	1359	745
Jul 28, 2021	3170	31	1184	827
Jul 29, 2021	3251	149	1141	1371
Jul 30, 2021	3356	89	1147	1341
Jul 31, 2021	3479	103	916	1142
Aug 01, 2021	3729	100	821	1171
Aug 02, 2021	3312	110	1217	910
Aug 03, 2021	2824	30	1063	605
Aug 04, 2021	2525	39	986	726
Aug 05, 2021	2651	169	911	1206
Aug 06, 2021	2889	93	851	1182
Aug 07, 2021	2966	89	772	938
Aug 08, 2021	2953	82	785	854
Aug 09, 2021	2773	114	1019	953
Aug 10, 2021	2299	39	942	507
Aug 11, 2021	2071	24	837	633
Aug 12, 2021	2313	108	788	1138
Aug 13, 2021	2263	55	829	834
Aug 14, 2021	2408	55	665	865
Aug 15, 2021	2633	61	613	899
Aug 16, 2021	2365	50	958	740
Aug 17, 2021	1950	23	790	398
Aug 18, 2021	1690	23	738	501
Aug 19, 2021	1781	85	682	858
Aug 20, 2021	1798	53	682	752
Aug 21, 2021	1921	49	540	712
Aug 22, 2021	1997	56	531	663
Aug 23, 2021	1720	48	807	578
Aug 24, 2021	1419	16	665	380
Aug 25, 2021	1184	21	613	399
Aug 26, 2021	1332	75	562	785
Aug 27, 2021	1386	36	579	669
Aug 28, 2021	1485	43	465	607
Aug 29, 2021	1605	55	420	595
Aug 30, 2021	1383	48	675	501
Aug 31, 2021	1168	18	542	345
Sep 01, 2021	1062	10	544	448
Sep 02, 2021	1105	63	469	575
Sep 03, 2021	1091	58	450	494
Sep 04, 2021	1146	33	386	474
Sep 05, 2021	1207	29	335	425
Sep 06, 2021	1157	23	462	435
Sep 07, 2021	1001	9	412	265
Sep 08, 2021	910	9	437	355
Sep 09, 2021	978	46	386	500
Sep 10, 2021	1020	24	444	510
Sep 11, 2021	1093	29	372	474
Sep 12, 2021	1163	39	332	441
Sep 13, 2021	1062	26	544	469
Sep 14, 2021	883	0	471	292
Sep 15, 2021	851	10	423	401
Sep 16, 2021	1001	40	397	587
Sep 17, 2021	1093	31	460	583
Sep 18, 2021	1230	26	428	591
Sep 19, 2021	1284	25	396	475
Sep 20, 2021	949	10	602	277
Sep 21, 2021	726	9	494	280
Sep 22, 2021	660	6	584	524
Sep 23, 2021	971	39	509	859
Sep 24, 2021	1292	16	492	829
Sep 25, 2021	1543	11	485	747
Sep 26, 2021	1749	10	549	765
Sep 27, 2021	1478	6	879	614
Sep 28, 2021	1144	5	760	431
Sep 29, 2021	1060	8	687	611
Sep 30, 2021	1208	16	694	858
Oct 01, 2021	1365	10	640	807
Oct 02, 2021	1678	10	490	813
Oct 03, 2021	1821	13	562	718
Oct 04, 2021	1583	8	884	654
Oct 05, 2021	1351	8	717	493
Oct 06, 2021	1314	8	724	695
Oct 07, 2021	1518	26	712	942
Oct 08, 2021	1691	11	802	986
Oct 09, 2021	1966	15	708	998
Oct 10, 2021	2337	13	679	1063
Oct 11, 2021	2216	9	1062	950
Oct 12, 2021	1839	4	982	609
Oct 13, 2021	1591	5	976	733
Oct 14, 2021	1804	6	972	1191
Oct 15, 2021	2375	14	1046	1631
Oct 16, 2021	3074	4	986	1689
Oct 17, 2021	3570	15	1003	1514
Oct 18, 2021	3631	14	1240	1315
Oct 19, 2021	2834	4	1726	933
Oct 20, 2021	2482	6	1574	1228
Oct 21, 2021	2874	15	1386	1793
Oct 22, 2021	3434	14	1430	2004
Oct 23, 2021	4111	14	1303	1994
Oct 24, 2021	4702	9	1211	1811
Oct 25, 2021	4323	20	1982	1623
Oct 26, 2021	3551	8	1921	1157
Oct 27, 2021	3332	8	1921	1710
Oct 28, 2021	3737	28	1703	2136
Oct 29, 2021	4215	13	1790	2281
Oct 30, 2021	4741	18	1598	2142
Oct 31, 2021	5388	18	1506	2171
Nov 01, 2021	4803	25	2298	1738
Nov 02, 2021	4028	6	2110	1341
Nov 03, 2021	3368	10	1950	1300
Nov 04, 2021	3296	5	1956	1889
Nov 05, 2021	3970	25	1811	2510
Nov 06, 2021	5196	34	1536	2796
Nov 07, 2021	6131	26	1606	2567
Nov 08, 2021	6186	21	2177	2253
Nov 09, 2021	5287	5	2640	1746
Nov 10, 2021	4871	15	2565	2164
Nov 11, 2021	5146	28	2430	2733
Nov 12, 2021	5708	24	2354	2940
Nov 13, 2021	6417	19	1975	2703
Nov 14, 2021	7148	30	1992	2753
Nov 15, 2021	6549	33	2852	2286
Nov 16, 2021	5485	5	2748	1689
Nov 17, 2021	5158	14	2433	2120
Nov 18, 2021	5490	41	2238	2611
Nov 19, 2021	5669	38	2481	2698
Nov 20, 2021	6392	19	1869	2611
Nov 21, 2021	7171	29	1833	2641
Nov 22, 2021	6450	40	2849	2168
Nov 23, 2021	5753	15	2442	1760
Nov 24, 2021	5370	18	2399	2034
Nov 25, 2021	5810	54	2176	2670
Nov 26, 2021	6179	34	2271	2674
Nov 27, 2021	6834	46	1933	2634
Nov 28, 2021	7292	39	1831	2328
Nov 29, 2021	6445	38	2769	1960
Nov 30, 2021	5444	4	2383	1386
Dec 01, 2021	4823	13	2131	1523
Dec 02, 2021	5000	59	1983	2219
Dec 03, 2021	5154	45	1892	2091
Dec 04, 2021	5544	33	1613	2036
Dec 05, 2021	5998	45	1428	1927
Dec 06, 2021	5328	38	2133	1501
Dec 07, 2021	4646	5	1841	1164
Dec 08, 2021	4169	8	1856	1387
Dec 09, 2021	4373	74	1493	1771
Dec 10, 2021	4240	48	1580	1495
Dec 11, 2021	4292	10	1300	1362
Dec 12, 2021	4687	50	1132	1577
Dec 13, 2021	4214	38	1796	1361
Dec 14, 2021	3632	9	1532	959
Dec 15, 2021	3552	5	1135	1060
Dec 16, 2021	3623	58	1363	1492
Dec 17, 2021	3640	49	1367	1433
Dec 18, 2021	3913	35	1107	1415
Dec 19, 2021	4141	30	994	1252
Dec 20, 2021	3739	26	1502	1126
Dec 21, 2021	3337	11	1275	884
Dec 22, 2021	3114	8	1179	964
Dec 23, 2021	3439	68	1089	1482
Dec 24, 2021	3663	38	1137	1399
Dec 25, 2021	4157	36	964	1494
Dec 26, 2021	4278	26	1008	1155
Dec 27, 2021	3634	28	1369	753
Dec 28, 2021	3126	4	1266	762
Dec 29, 2021	3024	5	1193	1096
Dec 30, 2021	3591	41	1183	1791
Dec 31, 2021	4202	24	1177	1812
Jan 01, 2022	5029	31	1046	1904
Jan 02, 2022	5719	28	1186	1904
Jan 03, 2022	4736	14	1964	995
Jan 04, 2022	4038	1	1748	1051
Jan 05, 2022	4315	4	1559	1840
Jan 06, 2022	5744	38	1645	3112
Jan 07, 2022	7785	31	1699	3771
Jan 08, 2022	10214	24	1893	4346
Jan 09, 2022	11688	26	2520	4020
Jan 10, 2022	11490	16	4223	4041
Jan 11, 2022	11210	5	4187	3912
Jan 12, 2022	11662	1	4375	4828
Jan 13, 2022	14499	51	4359	7247
Jan 14, 2022	17535	30	5233	8299
Jan 15, 2022	22054	26	4792	9337
Jan 16, 2022	26345	23	5195	9509
Jan 17, 2022	25722	40	9513	8930
Jan 18, 2022	23856	1	9440	7575
Jan 19, 2022	23239	5	10154	9542
Jan 20, 2022	26882	31	10191	13865
Jan 21, 2022	33668	23	10873	17682
Jan 22, 2022	38829	29	10281	15471
Jan 23, 2022	43785	19	10743	15718
Jan 24, 2022	44910	29	17643	18797
Jan 25, 2022	44450	10	17606	17156
Jan 26, 2022	47376	5	17560	20491
Jan 27, 2022	54909	59	19547	27139
Jan 28, 2022	63639	33	20698	29461
Jan 29, 2022	74933	41	19491	30826
Jan 30, 2022	86273	39	19098	30477
Jan 31, 2022	82598	46	32258	28629
Feb 01, 2022	73574	15	32072	23063
Feb 02, 2022	72926	11	32013	31376
Feb 03, 2022	77244	103	32015	36436
Feb 04, 2022	83492	54	33191	39493
Feb 05, 2022	94719	79	27462	38768
Feb 06, 2022	106816	71	24936	37104
Feb 07, 2022	96333	92	42657	32266
Feb 08, 2022	80595	34	41565	25861
Feb 09, 2022	76934	30	38428	34797
Feb 10, 2022	80593	203	35978	39840
Feb 11, 2022	84957	122	35234	39720
Feb 12, 2022	94822	118	29313	39296
Feb 13, 2022	106680	118	26272	38248
Feb 14, 2022	94034	135	42721	30210
Feb 15, 2022	78214	40	39816	24036
Feb 16, 2022	74816	46	36232	32880
Feb 17, 2022	78542	252	33600	37578
Feb 18, 2022	83040	164	31474	36136
Feb 19, 2022	92282	162	26103	35507
Feb 20, 2022	101086	189	23224	32217
Feb 21, 2022	87535	181	37720	24350
Feb 22, 2022	72054	44	33817	18380
Feb 23, 2022	68178	56	31109	27289
Feb 24, 2022	73423	281	27992	33518
Feb 25, 2022	77547	156	26873	31153
Feb 26, 2022	85601	189	21445	29688
Feb 27, 2022	91282	163	19448	25292
Feb 28, 2022	79720	192	30861	19491
Mar 01, 2022	67769	35	27264	15348
Mar 02, 2022	65317	38	24111	21697
Mar 03, 2022	67770	341	22101	24895
Mar 04, 2022	69005	158	21739	23132
Mar 05, 2022	73235	183	17248	21661
Mar 06, 2022	76948	153	15487	19353
Mar 07, 2022	65844	187	25031	14114
Mar 08, 2022	56162	43	21403	11764
Mar 09, 2022	53301	29	19299	16467
Mar 10, 2022	55150	306	17788	19943
Mar 11, 2022	56120	166	17190	18326
Mar 12, 2022	58959	158	14417	17414
Mar 13, 2022	61505	118	12607	15271
Mar 14, 2022	54421	158	19787	12861
Mar 15, 2022	46074	43	17020	8716
Mar 16, 2022	44047	29	16198	14200
Mar 17, 2022	45744	231	14727	16655
Mar 18, 2022	46476	117	14296	15145
Mar 19, 2022	47647	127	11884	13182
Mar 20, 2022	47697	98	10936	11084
Mar 21, 2022	38589	123	16540	7555
Mar 22, 2022	32083	11	13314	6819
Mar 23, 2022	28969	16	11867	8769
Mar 24, 2022	28297	155	9931	9414
Mar 25, 2022	28392	75	9253	9423
Mar 26, 2022	28724	76	7040	7448
Mar 27, 2022	29990	83	6230	7579
Mar 28, 2022	24532	65	9856	4463
Mar 29, 2022	20099	18	7854	3439
Mar 30, 2022	18852	3	7170	5926
Mar 31, 2022	19078	113	6172	6511
Apr 01, 2022	18989	57	6010	5978
Apr 02, 2022	19601	52	4597	5261
Apr 03, 2022	19791	61	4227	4478
Apr 04, 2022	16500	48	6503	3260
Apr 05, 2022	13514	11	5262	2287
Apr 06, 2022	12732	13	4807	4038
Apr 07, 2022	12999	90	4075	4432
Apr 08, 2022	13256	43	3813	4113
Apr 09, 2022	13972	42	3015	3773
Apr 10, 2022	14541	44	2851	3464
Apr 11, 2022	12287	40	4485	2271
Apr 12, 2022	10118	13	3743	1587
Apr 13, 2022	9928	4	3108	2922
Apr 14, 2022	10625	69	2856	3622
Apr 15, 2022	11203	38	2807	3423
Apr 16, 2022	11700	26	2258	2781
Apr 17, 2022	11187	32	2113	1632
Apr 18, 2022	9256	7	3195	1271
Apr 19, 2022	7786	5	2585	1120
Apr 20, 2022	8426	8	2237	2885
Apr 21, 2022	9647	42	2046	3309
Apr 22, 2022	10890	26	1680	2949
Apr 23, 2022	11615	24	1922	2671
Apr 24, 2022	11550	0	2095	2030
Apr 25, 2022	9793	1	3240	1484
Apr 26, 2022	8640	11	2492	1350
Apr 27, 2022	8456	81	2159	2056
Apr 28, 2022	9013	27	1989	2573
Apr 29, 2022	9465	14	1911	2377
Apr 30, 2022	9984	18	1761	2298
May 01, 2022	10712	12	1645	2385
May 02, 2022	9656	2	2559	1505
May 03, 2022	8438	3	2344	1129
May 04, 2022	8767	36	2168	2533
May 05, 2022	10042	17	2017	3309
May 06, 2022	11266	17	2084	3325
May 07, 2022	12455	15	2118	3322
May 08, 2022	13453	8	2204	3210
May 09, 2022	12093	2	3383	2025
May 10, 2022	10715	3	3228	1853
May 11, 2022	11011	25	2974	3295
May 12, 2022	12737	13	2836	4575
May 13, 2022	14691	17	2900	4871
May 14, 2022	16627	17	2975	4928
May 15, 2022	18169	8	3076	4626
May 16, 2022	17275	3	4707	3816
May 17, 2022	15026	8	4716	2475
May 18, 2022	15542	21	4600	5137
May 19, 2022	18200	13	4268	6939
May 20, 2022	20485	15	4552	6852
May 21, 2022	22189	12	4536	6252
May 22, 2022	23989	8	4335	6143
May 23, 2022	21161	8	7045	4225
May 24, 2022	18507	3	6366	3715
May 25, 2022	18532	22	6065	6112
May 26, 2022	21445	16	5745	8674
May 27, 2022	24448	16	6204	9223
May 28, 2022	28589	10	5349	9500
May 29, 2022	31696	0	5549	8656
May 30, 2022	28292	10	8820	5426
May 31, 2022	24225	5	8336	4274
Jun 01, 2022	24025	5	7775	7580
Jun 02, 2022	26622	23	7193	9813
Jun 03, 2022	29094	12	7088	9572
Jun 04, 2022	32629	23	6332	9890
Jun 05, 2022	35530	18	5904	8823
Jun 06, 2022	33187	18	9926	7601
Jun 07, 2022	29000	6	8852	4671
Jun 08, 2022	30669	8	8941	10618
Jun 09, 2022	34872	31	8202	12436
Jun 10, 2022	38868	18	8950	12964
Jun 11, 2022	42602	22	8305	12061
Jun 12, 2022	45722	19	7900	11039
Jun 13, 2022	41930	14	12888	9110
Jun 14, 2022	35383	10	11438	4901
Jun 15, 2022	35423	16	10592	10648
Jun 16, 2022	38382	36	9980	12975
Jun 17, 2022	41390	23	10073	13104
Jun 18, 2022	44406	32	8630	11678
Jun 19, 2022	47511	25	8171	11301
Jun 20, 2022	41558	26	13416	7489
Jun 21, 2022	34756	9	11685	4892
Jun 22, 2022	33522	10	10770	9546
Jun 23, 2022	32376	39	9701	8594
Jun 24, 2022	34267	11	9226	11128
Jun 25, 2022	39319	39	7546	12637
Jun 26, 2022	43716	31	6885	11313
Jun 27, 2022	40345	29	11791	8449
Jun 28, 2022	37261	14	8587	5517
Jun 29, 2022	31946	8	11813	6506
Jun 30, 2022	32972	12	9858	10896
Jul 01, 2022	35554	46	9217	11845
Jul 02, 2022	39002	38	7879	11365
Jul 03, 2022	41861	26	6909	9794
Jul 04, 2022	39750	28	8653	6570
Jul 05, 2022	33100	14	11748	5112
Jul 06, 2022	32076	18	10238	9232
Jul 07, 2022	34295	68	8795	11082
Jul 08, 2022	35889	40	8551	10185
Jul 09, 2022	38092	30	7422	9655
Jul 10, 2022	39905	31	6931	8775
Jul 11, 2022	35142	42	10936	6215
Jul 12, 2022	30137	18	9560	4573
Jul 13, 2022	29987	6	8638	8494
Jul 14, 2022	31523	71	8091	9698
Jul 15, 2022	32747	35	7854	9113
Jul 16, 2022	33917	49	6612	7831
Jul 17, 2022	34502	47	6288	6920
Jul 18, 2022	29490	40	9598	4626
Jul 19, 2022	25021	14	8129	3674
Jul 20, 2022	24604	6	7434	7023
Jul 21, 2022	27318	70	6219	9003
Jul 22, 2022	29189	47	6158	8076
Jul 23, 2022	31767	40	5345	7963
Jul 24, 2022	34179	29	5289	7730
Jul 25, 2022	31204	51	9024	6100
Jul 26, 2022	27738	10	7889	4433
Jul 27, 2022	29198	12	7572	9044
Jul 28, 2022	31932	72	7139	9945
Jul 29, 2022	34069	44	7411	9592
Jul 30, 2022	36359	31	6867	9188
Jul 31, 2022	37790	25	6541	7997
Aug 01, 2022	33869	45	10378	6502
Aug 02, 2022	30033	7	8837	5008
Aug 03, 2022	31459	4	8430	9860
Aug 04, 2022	36490	65	6601	11697
Aug 05, 2022	41448	43	6602	11603
Aug 06, 2022	44160	32	8184	10928
Aug 07, 2022	46298	27	7646	9811
Aug 08, 2022	46235	35	7532	7504
Aug 09, 2022	39616	5	12328	5714
Aug 10, 2022	40296	5	10558	11243
Aug 11, 2022	43706	51	10033	13494
Aug 12, 2022	47204	34	9376	12908
Aug 13, 2022	49566	31	9495	11888
Aug 14, 2022	50762	28	9218	10442
Aug 15, 2022	49853	34	8458	7583
Aug 16, 2022	41629	5	13732	5513
Aug 17, 2022	36004	8	11781	6164
Aug 18, 2022	35327	7	11135	10465
Aug 19, 2022	47177	92	0	11942
Aug 20, 2022	39188	39	18721	10771
Aug 21, 2022	41021	28	7626	9487
Aug 22, 2022	41028	34	6902	6943
Aug 23, 2022	45557	12	0	4541
Aug 24, 2022	34071	6	19792	8312
Aug 25, 2022	33842	67	9411	9249
Aug 26, 2022	42336	32	0	8526
Aug 27, 2022	33826	29	16290	7809
Aug 28, 2022	33847	30	6900	6951
Aug 29, 2022	38643	23	0	4819
Aug 30, 2022	26793	10	15291	3451
Aug 31, 2022	24692	6	7843	5748
Sep 01, 2022	31583	57	0	6948
Sep 02, 2022	25319	35	13154	6925
Sep 03, 2022	30529	28	0	5238
Sep 04, 2022	24435	39	11084	5029
Sep 05, 2022	23449	29	4775	3818
Sep 06, 2022	19262	6	6659	2478
Sep 07, 2022	18723	3	5660	5124
Sep 08, 2022	19525	48	5095	5945
Sep 09, 2022	24826	25	0	5326
Sep 10, 2022	20403	28	8943	4548
Sep 11, 2022	20425	27	3957	4006
Sep 12, 2022	19511	36	3619	2741
Sep 13, 2022	21448	10	0	1947
Sep 14, 2022	14625	8	10670	3855
Sep 15, 2022	14861	51	4136	4423
Sep 16, 2022	14868	28	3661	3696
Sep 17, 2022	14424	14	3615	3185
Sep 18, 2022	13265	0	3055	1896
Sep 19, 2022	14867	0	0	1602
Sep 20, 2022	16248	0	0	1381
Sep 21, 2022	8395	43	9698	1888
Sep 22, 2022	9816	8	2669	4098
Sep 23, 2022	12202	43	2231	4660
Sep 24, 2022	14569	29	1939	4335
Sep 25, 2022	18605	16	0	4052
Sep 26, 2022	16221	23	5148	2787
Sep 27, 2022	14870	2	3274	1925
Sep 28, 2022	14316	5	4565	4016
Sep 29, 2022	18350	49	0	4083
Sep 30, 2022	14805	13	7462	3930
Oct 01, 2022	15229	24	3168	3616
Oct 02, 2022	15242	22	2977	3012
Oct 03, 2022	14617	19	2799	2193
Oct 04, 2022	12231	8	4139	1761
Oct 05, 2022	15574	6	0	3349
Oct 06, 2022	12769	35	6565	3795
Oct 07, 2022	13605	22	2719	3577
Oct 08, 2022	14653	16	2674	3738
Oct 09, 2022	15518	19	2544	3428
Oct 10, 2022	15117	14	2669	2282
Oct 11, 2022	12799	6	4096	1784
Oct 12, 2022	11720	5	3433	2359
Oct 13, 2022	13545	5	3064	4894
Oct 14, 2022	15785	42	3026	5308
Oct 15, 2022	17801	15	2939	4970
Oct 16, 2022	22051	21	0	4271
Oct 17, 2022	19744	15	5715	3423
Oct 18, 2022	9164	7	13276	2703
Oct 19, 2022	14903	4	0	5743
Oct 20, 2022	13073	36	8169	6375
Oct 21, 2022	15012	18	4036	5993
Oct 22, 2022	16757	22	4222	5989
Oct 23, 2022	15351	14	7620	6228
Oct 24, 2022	13698	0	5520	3867
Oct 25, 2022	11471	28	5418	3219
Oct 26, 2022	12595	7	5623	6754
Oct 27, 2022	20846	23	0	8274
Oct 28, 2022	17648	25	10304	7131
Oct 29, 2022	19039	20	5021	6432
Oct 30, 2022	24445	25	0	5431
Oct 31, 2022	13897	0	14528	3980
Nov 01, 2022	10879	0	5605	2587
Nov 02, 2022	9170	0	4865	3156
Nov 03, 2022	8497	48	4334	3709
Nov 04, 2022	16055	12	0	7570
Nov 05, 2022	17573	52	7420	8990
Nov 06, 2022	20009	24	5244	7704
Nov 07, 2022	20108	40	5180	5319
Nov 08, 2022	16287	15	7836	4030
Nov 09, 2022	16312	2	7496	7523
Nov 10, 2022	17722	53	6762	8225
Nov 11, 2022	19591	30	5336	7235
Nov 12, 2022	20632	30	5533	6604
Nov 13, 2022	17480	25	8947	5820
Nov 14, 2022	14895	24	6535	3974
Nov 15, 2022	12196	13	5802	3116
Nov 16, 2022	13167	7	5611	6589
Nov 17, 2022	14724	50	5297	6904
Nov 18, 2022	16811	28	4342	6457
Nov 19, 2022	18577	35	4352	6153
Nov 20, 2022	16217	22	7735	5397
Nov 21, 2022	13917	24	5912	3636
Nov 22, 2022	11116	6	5493	2698
Nov 23, 2022	11656	14	5050	5604
Nov 24, 2022	12853	57	4852	6106
Nov 25, 2022	14462	44	3906	5559
Nov 26, 2022	15175	25	3946	4684
Nov 27, 2022	13073	20	6425	4343
Nov 28, 2022	11150	30	4820	2927
Nov 29, 2022	6160	10	7309	2329
Nov 30, 2022	9820	5	1211	4876
Dec 01, 2022	10916	62	3883	5041
Dec 02, 2022	12144	26	3193	4447
Dec 03, 2022	12820	33	3318	4027
Dec 04, 2022	16314	28	0	3522
Dec 05, 2022	9163	16	9392	2257
Dec 06, 2022	11076	10	0	1923
Dec 07, 2022	8194	8	7072	4198
Dec 08, 2022	9160	54	3210	4230
Dec 09, 2022	10047	24	2628	3539
Dec 10, 2022	9812	25	2552	2342
Dec 11, 2022	13085	7	0	3280
Dec 12, 2022	15390	30	0	2335
Dec 13, 2022	17439	4	0	2053
Dec 14, 2022	21725	4	0	4290
Dec 15, 2022	13478	42	12564	4359
Dec 16, 2022	10653	27	6807	4009
Dec 17, 2022	11481	28	2915	3771
Dec 18, 2022	10337	25	4578	3459
Dec 19, 2022	9300	28	3605	2596
Dec 20, 2022	7885	2	3572	2159
Dec 21, 2022	8802	8	3353	4278
Dec 22, 2022	10360	50	3323	4931
Dec 23, 2022	11894	25	3122	4681
Dec 24, 2022	13108	24	3184	4422
Dec 25, 2022	11700	27	5283	3902
Dec 26, 2022	10098	0	4287	2685
Dec 27, 2022	8340	32	3767	2041
Dec 28, 2022	10109	5	3848	5622
Dec 29, 2022	16183	51	0	6125
Dec 30, 2022	14886	22	7093	5818
Dec 31, 2022	16149	23	3889	5175
Jan 01, 2023	13720	28	6752	4351
Jan 02, 2023	10914	0	5186	2380
Jan 03, 2023	7800	0	4458	1344
Jan 04, 2023	6537	43	3703	2483
Jan 05, 2023	8144	11	3277	4895
Jan 06, 2023	11048	46	2385	5335
Jan 07, 2023	12508	30	2929	4419
Jan 08, 2023	12191	27	4074	3784
Jan 09, 2023	9614	16	5084	2523
Jan 10, 2023	7614	8	3985	1993
Jan 11, 2023	7808	5	3604	3803
Jan 12, 2023	8329	51	3164	3736
Jan 13, 2023	9011	29	2578	3289
Jan 14, 2023	9567	30	2530	3116
Jan 15, 2023	8040	13	4091	2577
Jan 16, 2023	6740	32	3118	1850
Jan 17, 2023	5455	7	2756	1478
Jan 18, 2023	8465	9	0	3019
Jan 19, 2023	6503	2	4944	2984
Jan 20, 2023	9068	17	0	2582
Jan 21, 2023	7366	24	4047	2369
Jan 22, 2023	6280	67	3094	2075
Jan 23, 2023	5232	16	2409	1377
Jan 24, 2023	4359	6	2041	1174
Jan 25, 2023	4721	3	2101	2466
Jan 26, 2023	5055	38	1844	2216
Jan 27, 2023	5411	15	1608	1979
Jan 28, 2023	5798	19	1600	2006
Jan 29, 2023	5014	27	2395	1638
Jan 30, 2023	4268	15	1915	1184
Jan 31, 2023	3614	6	1677	1029
Feb 01, 2023	3997	4	1607	1994
Feb 02, 2023	4428	34	1567	2032
Feb 03, 2023	4881	9	1502	1964
Feb 04, 2023	5153	16	1398	1686
Feb 05, 2023	4515	20	2091	1473
Feb 06, 2023	3964	15	1615	1079
Feb 07, 2023	3349	4	1606	995
Feb 08, 2023	3788	5	1470	1914
Feb 09, 2023	1766	22	3823	1823
Feb 10, 2023	3506	24	0	1764
Feb 11, 2023	4903	20	183	1600
Feb 12, 2023	4315	13	2002	1427
Feb 13, 2023	3733	15	1639	1072
Feb 14, 2023	3253	2	1483	1005
Feb 15, 2023	3476	7	1410	1640
Feb 16, 2023	3911	18	1318	1771
Feb 17, 2023	5698	13	0	1800
Feb 18, 2023	7347	14	0	1663
Feb 19, 2023	4514	18	4433	1618
Feb 20, 2023	5822	17	0	1325
Feb 21, 2023	3900	4	3173	1255
Feb 22, 2023	4537	3	1585	2225
Feb 23, 2023	5257	19	1674	2413
Feb 24, 2023	7674	17	0	2434
Feb 25, 2023	6521	13	3396	2256
Feb 26, 2023	5952	8	2668	2107
Feb 27, 2023	5338	10	2210	1606
Feb 28, 2023	4705	0	2039	1406
Mar 01, 2023	5424	1	2091	2811
Mar 02, 2023	6392	20	1963	2951
Mar 03, 2023	9240	13	0	2861
Mar 04, 2023	12047	12	0	2819
Mar 05, 2023	7496	8	7102	2559
Mar 06, 2023	6800	17	2710	2031
Mar 07, 2023	6427	3	2592	2222
Mar 08, 2023	7619	4	2602	3798
Mar 09, 2023	8784	19	2722	3906
Mar 10, 2023	12480	12	0	3708
Mar 11, 2023	10821	16	5428	3785
Mar 12, 2023	10472	10	4092	3753
Mar 13, 2023	9651	12	3657	2848
Mar 14, 2023	8990	7	3426	2772
Mar 15, 2023	10179	3	3676	4868
Mar 16, 2023	11253	20	3819	4913
Mar 17, 2023	12251	12	3535	4545
Mar 18, 2023	12596	14	3596	3955
Mar 19, 2023	10942	13	5249	3608
Mar 20, 2023	9315	15	4031	2419
Mar 21, 2023	7869	4	3712	2270
Mar 22, 2023	8472	5	3546	4154
Mar 23, 2023	8977	27	3237	3769
Mar 24, 2023	12352	25	0	3400
Mar 25, 2023	9602	14	5760	3024
Mar 26, 2023	7828	15	4205	2446
Mar 27, 2023	7828	0	0	0
Mar 28, 2023	5298	0	5627	3097
Mar 29, 2023	5273	0	2524	2499
Mar 30, 2023	5381	0	2180	2288
Mar 31, 2023	7528	0	0	2147
Apr 01, 2023	9304	0	0	1776
Apr 02, 2023	4642	0	6226	1564
Apr 03, 2023	3689	0	1850	897
Apr 04, 2023	4525	0	0	836
Apr 05, 2023	3017	0	2993	1485
Apr 06, 2023	3276	0	1170	1429
Apr 07, 2023	3443	0	1047	1214
Apr 08, 2023	3309	0	1146	1012
Apr 09, 2023	2436	0	1456	583
Apr 10, 2023	2963	0	0	527
Apr 11, 2023	3550	0	0	587
Apr 12, 2023	4666	0	0	1116
Apr 13, 2023	5755	0	0	1089
Apr 14, 2023	2609	0	4096	950
Apr 15, 2023	2454	0	788	633
Apr 16, 2023	1899	0	1201	646
Apr 17, 2023	1494	0	773	368
Apr 18, 2023	1262	0	597	365
Apr 19, 2023	1298	0	566	602
Apr 20, 2023	1242	0	561	505
Apr 21, 2023	1298	0	428	484
Apr 22, 2023	1757	0	0	459
Apr 23, 2023	1126	0	979	348
Apr 24, 2023	1345	0	0	219
Apr 25, 2023	775	0	795	225
Apr 26, 2023	807	0	383	415
Apr 27, 2023	857	0	342	392
Apr 28, 2023	1194	0	0	337
Apr 29, 2023	1194	0	0	0
Apr 30, 2023	1717	0	0	523
May 01, 2023	559	0	1276	118
May 02, 2023	429	0	240	110
May 03, 2023	374	0	175	120
May 04, 2023	402	0	203	231
May 05, 2023	499	0	134	231
May 06, 2023	543	0	152	196
May 07, 2023	524	0	180	161
May 08, 2023	400	0	240	116
May 09, 2023	369	0	141	110
May 10, 2023	548	0	0	179
May 11, 2023	395	0	305	152
May 12, 2023	526	0	0	131
May 13, 2023	374	0	255	103
May 14, 2023	301	0	181	108
May 15, 2023	374	0	0	73
May 16, 2023	217	0	219	62
May 17, 2023	252	0	97	132
May 18, 2023	291	0	104	143
May 19, 2023	419	0	0	128
May 20, 2023	304	0	186	71
May 21, 2023	247	0	123	66
May 22, 2023	187	0	112	52
May 23, 2023	155	0	63	31
May 24, 2023	169	0	74	88
May 25, 2023	181	0	77	89
May 26, 2023	215	0	54	88
May 27, 2023	210	0	64	59
May 28, 2023	179	0	85	54
May 29, 2023	144	0	66	31
May 30, 2023	121	0	42	19
May 31, 2023	105	0	68	52
Jun 01, 2023	129	0	36	60
Jun 02, 2023	129	0	43	43
Jun 03, 2023	145	0	33	49
Jun 04, 2023	123	0	60	38
Jun 05, 2023	89	0	52	18
Jun 06, 2023	76	0	34	21
Jun 07, 2023	86	0	32	42
Jun 08, 2023	86	0	42	42
Jun 09, 2023	86	0	24	24
Jun 10, 2023	84	0	27	25
Jun 11, 2023	80	0	42	38
Jun 12, 2023	67	0	31	18
Jun 13, 2023	54	0	26	13
Jun 14, 2023	78	0	22	46
Jun 15, 2023	97	0	23	42
Jun 16, 2023	113	0	24	40
Jun 17, 2023	111	0	22	20
Jun 18, 2023	92	0	51	32
Jun 19, 2023	84	0	28	20
Jun 20, 2023	60	0	38	14
Jun 21, 2023	70	0	26	36
Jun 22, 2023	65	0	27	22
Jun 23, 2023	62	0	20	17
Jun 24, 2023	62	0	20	20
Jun 25, 2023	60	0	32	30
Jun 26, 2023	60	0	17	17
Jun 27, 2023	63	0	16	19
Jun 28, 2023	62	0	19	18
Jun 29, 2023	62	0	29	29
Jun 30, 2023	63	0	25	26
Jul 01, 2023	64	0	18	19
Jul 02, 2023	70	0	26	32
Jul 03, 2023	45	0	30	5
Jul 04, 2023	41	0	15	11
Jul 05, 2023	41	0	23	23
Jul 06, 2023	46	0	19	24
Jul 07, 2023	59	0	16	29
Jul 08, 2023	74	0	0	15
Jul 09, 2023	55	0	34	15
Jul 10, 2023	66	0	0	11
Jul 11, 2023	38	0	41	13
Jul 12, 2023	59	0	18	39
Jul 13, 2023	72	0	12	25
Jul 14, 2023	73	0	24	25
Jul 15, 2023	70	0	22	19
Jul 16, 2023	46	0	38	14
Jul 17, 2023	58	0	0	12
Jul 18, 2023	42	0	32	16
Jul 19, 2023	51	0	20	29
Jul 20, 2023	55	0	22	26
Jul 21, 2023	74	0	13	32
Jul 22, 2023	87	0	21	34
Jul 23, 2023	83	0	31	27
Jul 24, 2023	72	0	29	18
Jul 25, 2023	70	0	23	21
Jul 26, 2023	89	0	28	47
Jul 27, 2023	89	0	0	0
Jul 28, 2023	136	0	55	102
Jul 29, 2023	141	0	44	49
Jul 30, 2023	126	0	55	40
Jul 31, 2023	104	0	44	22
Aug 01, 2023	105	0	36	37
Aug 02, 2023	116	0	50	61
Aug 03, 2023	150	0	44	78
Aug 04, 2023	155	0	44	49
Aug 05, 2023	169	0	43	57
Aug 06, 2023	147	0	71	49
Aug 07, 2023	126	0	50	29
Aug 08, 2023	113	0	50	37
Aug 09, 2023	188	0	0	75
Aug 10, 2023	276	0	0	88
Aug 11, 2023	359	0	0	83
Aug 12, 2023	202	0	224	67
Aug 13, 2023	202	0	0	0
Aug 14, 2023	202	0	0	0
Aug 15, 2023	153	0	188	139
Aug 16, 2023	166	0	63	76
Aug 17, 2023	144	0	69	47
Aug 18, 2023	144	0	0	0
Aug 19, 2023	227	0	104	187
Aug 20, 2023	227	0	0	0
Aug 21, 2023	227	0	0	0
Aug 22, 2023	143	0	228	144
Aug 23, 2023	143	0	0	0
Aug 24, 2023	143	0	0	0
Aug 25, 2023	235	0	215	307
Aug 26, 2023	255	0	73	93
Aug 27, 2023	255	0	0	0
Aug 28, 2023	255	0	0	0
Aug 29, 2023	255	0	0	0
Aug 30, 2023	200	0	371	316
Aug 31, 2023	200	0	0	0
Sep 01, 2023	260	0	83	143
Sep 02, 2023	314	0	0	54
Sep 03, 2023	367	0	0	53
Sep 04, 2023	420	0	0	53
Sep 05, 2023	473	0	0	53
Sep 06, 2023	526	0	0	53
Sep 07, 2023	88	0	491	53
Sep 08, 2023	170	0	0	82
Sep 09, 2023	252	0	0	82
Sep 10, 2023	334	0	0	82
Sep 11, 2023	416	0	0	82
Sep 12, 2023	498	0	0	82
Sep 13, 2023	580	0	0	82
Sep 14, 2023	661	0	0	81
Sep 15, 2023	93	0	649	81
Sep 16, 2023	304	0	0	211
Sep 17, 2023	514	0	0	210
Sep 18, 2023	724	0	0	210
Sep 19, 2023	934	0	0	210
Sep 20, 2023	1144	0	0	210
Sep 21, 2023	1354	0	0	210
Sep 22, 2023	774	0	790	210
Sep 23, 2023	984	0	0	210
Sep 24, 2023	1194	0	0	210
Sep 25, 2023	1452	0	0	258
Sep 26, 2023	1710	0	0	258
Sep 27, 2023	1968	0	0	258
Sep 28, 2023	2226	0	0	258
Sep 29, 2023	2483	0	0	257
Sep 30, 2023	2740	0	0	257
Oct 01, 2023	2133	0	864	257
Oct 02, 2023	2431	0	0	298
Oct 03, 2023	2729	0	0	298
Oct 04, 2023	3027	0	0	298
Oct 05, 2023	3325	0	0	298
Oct 06, 2023	3622	0	0	297
Oct 07, 2023	2565	0	1354	297
Oct 08, 2023	2862	0	0	297
Oct 09, 2023	3299	0	0	437
Oct 10, 2023	3736	0	0	437
Oct 11, 2023	4172	0	0	436
Oct 12, 2023	4608	0	0	436
Oct 13, 2023	5044	0	0	436
Oct 14, 2023	3706	0	1774	436
Oct 15, 2023	4142	0	0	436
Oct 16, 2023	4633	0	0	491
Oct 17, 2023	5124	0	0	491
Oct 18, 2023	5615	0	0	491
Oct 19, 2023	6105	0	0	490
Oct 20, 2023	6595	0	0	490
Oct 21, 2023	4994	0	2091	490
Oct 22, 2023	5484	0	0	490
Oct 23, 2023	5984	0	0	500
Oct 24, 2023	6484	0	0	500
Oct 25, 2023	6984	0	0	500
Oct 26, 2023	7484	0	0	500
Oct 27, 2023	7984	0	0	500
Oct 28, 2023	5532	0	2952	500
Oct 29, 2023	2614	0	3418	500
Oct 30, 2023	3198	0	0	584
Oct 31, 2023	3782	0	0	584
Nov 01, 2023	4366	0	0	584
Nov 02, 2023	4950	0	0	584
Nov 03, 2023	5534	0	0	584
Nov 04, 2023	6118	0	0	584
Nov 05, 2023	6701	0	0	583
Nov 06, 2023	7253	0	0	552
Nov 07, 2023	7805	0	0	552
Nov 08, 2023	8357	0	0	552
Nov 09, 2023	8908	0	0	551
Nov 10, 2023	9459	0	0	551
Nov 11, 2023	10010	0	0	551
Nov 12, 2023	7022	0	3539	551
Nov 13, 2023	-444	0	8006	540
Nov 14, 2023	96	0	0	540
Nov 15, 2023	636	0	0	540
Nov 16, 2023	1175	0	0	539
Nov 17, 2023	1714	0	0	539
Nov 18, 2023	2253	0	0	539
Nov 19, 2023	2792	0	0	539
Nov 20, 2023	3244	0	0	452
Nov 21, 2023	3696	0	0	452
Nov 22, 2023	4148	0	0	452
Nov 23, 2023	4600	0	0	452
Nov 24, 2023	5052	0	0	452
Nov 25, 2023	5503	0	0	451
Nov 26, 2023	5954	0	0	451
Nov 27, 2023	6266	0	0	312
Nov 28, 2023	6578	0	0	312
Nov 29, 2023	6889	0	0	311
Nov 30, 2023	7200	0	0	311
Dec 01, 2023	7511	0	0	311
Dec 02, 2023	7822	0	0	311
Dec 03, 2023	8133	0	0	311
Dec 04, 2023	8133	0	0	0
Dec 05, 2023	8133	0	0	0
Dec 06, 2023	8133	0	0	0
Dec 07, 2023	8133	0	0	0
Dec 08, 2023	8133	0	0	0
Dec 09, 2023	8133	0	0	0
Dec 10, 2023	8133	0	0	0
Dec 11, 2023	9822	0	0	1689
Dec 12, 2023	9822	0	0	0
Dec 13, 2023	9822	0	0	0
Dec 14, 2023	9822	0	0	0
Dec 15, 2023	9822	0	0	0
Dec 16, 2023	9822	0	0	0
Dec 17, 2023	9822	0	0	0
Dec 18, 2023	11788	0	0	1966
Dec 19, 2023	11788	0	0	0
Dec 20, 2023	11788	0	0	0
Dec 21, 2023	11788	0	0	0
Dec 22, 2023	11788	0	0	0
Dec 23, 2023	11788	0	0	0
Dec 24, 2023	13909	0	0	2121
Dec 25, 2023	13909	0	0	0
Dec 26, 2023	13909	0	0	0
Dec 27, 2023	13909	0	0	0
Dec 28, 2023	13909	0	0	0
Dec 29, 2023	13909	0	0	0
Dec 30, 2023	13909	0	0	0
Dec 31, 2023	13909	0	0	0
Jan 01, 2024	13909	0	0	0
Jan 02, 2024	13909	0	0	0
Jan 03, 2024	13909	0	0	0
Jan 04, 2024	13909	0	0	0
Jan 05, 2024	13909	0	0	0
Jan 06, 2024	16387	0	0	2478
Jan 07, 2024	16387	0	0	0
Jan 08, 2024	16387	0	0	0
Jan 09, 2024	18798	0	0	2411
Jan 10, 2024	18798	0	0	0
Jan 11, 2024	18798	0	0	0
Jan 12, 2024	21615	0	0	2817
Jan 13, 2024	21615	0	0	0
Jan 14, 2024	21615	0	0	0
Jan 15, 2024	21615	0	0	0
Jan 16, 2024	21615	0	0	0
Jan 17, 2024	21615	0	0	0
Jan 18, 2024	21615	0	0	0
Jan 19, 2024	21615	0	0	0
Jan 20, 2024	21615	0	0	0
Jan 21, 2024	21615	0	0	0
Jan 22, 2024	21615	0	0	0
Jan 23, 2024	21615	0	0	0
Jan 24, 2024	21615	0	0	0
Jan 25, 2024	21615	0	0	0
Jan 26, 2024	25051	0	0	3436
Jan 27, 2024	25051	0	0	0
Jan 28, 2024	29033	0	0	3982
Jan 29, 2024	29033	0	0	0
Jan 30, 2024	29033	0	0	0
Jan 31, 2024	29033	0	0	0
Feb 01, 2024	29033	0	0	0
Feb 02, 2024	29033	0	0	0
Feb 03, 2024	29033	0	0	0
Feb 04, 2024	33890	0	0	4857
Feb 05, 2024	33890	0	0	0
Feb 06, 2024	33890	0	0	0
Feb 07, 2024	33890	0	0	0
Feb 08, 2024	33890	0	0	0
Feb 09, 2024	33890	0	0	0
Feb 10, 2024	33890	0	0	0
Feb 11, 2024	39356	0	0	5466
Feb 12, 2024	39356	0	0	0
Feb 13, 2024	39356	0	0	0
Feb 14, 2024	39356	0	0	0
Feb 15, 2024	39356	0	0	0
Feb 16, 2024	39356	0	0	0
Feb 17, 2024	46017	0	0	6661
Feb 18, 2024	46017	0	0	0
Feb 19, 2024	46017	0	0	0
Feb 20, 2024	46017	0	0	0
Feb 21, 2024	46017	0	0	0
Feb 22, 2024	46017	0	0	0
Feb 23, 2024	46017	0	0	0
Feb 24, 2024	46017	0	0	0
Feb 25, 2024	52814	0	0	6797
Feb 26, 2024	52814	0	0	0
Feb 27, 2024	52814	0	0	0
Feb 28, 2024	52814	0	0	0
Feb 29, 2024	52814	0	0	0
Mar 01, 2024	52814	0	0	0
Mar 02, 2024	52814	0	0	0
Mar 03, 2024	52814	0	0	0
Mar 04, 2024	52814	0	0	0
Mar 05, 2024	52814	0	0	0
Mar 06, 2024	52814	0	0	0
Mar 07, 2024	52814	0	0	0
Mar 08, 2024	52814	0	0	0
Mar 09, 2024	52814	0	0	0
Mar 10, 2024	52814	0	0	0
Mar 11, 2024	52814	0	0	0
Mar 12, 2024	52814	0	0	0
Mar 13, 2024	59652	0	0	6838
Mar 14, 2024	59652	0	0	0
Mar 15, 2024	59652	0	0	0
Mar 16, 2024	59652	0	0	0
Mar 17, 2024	59652	0	0	0
Mar 18, 2024	59652	0	0	0
Mar 19, 2024	59652	0	0	0
Mar 20, 2024	59652	0	0	0
Mar 21, 2024	59652	0	0	0
Mar 22, 2024	59652	0	0	0
Mar 23, 2024	59652	0	0	0
Mar 24, 2024	59652	0	0	0
Mar 25, 2024	59652	0	0	0
Mar 26, 2024	59652	0	0	0
Mar 27, 2024	59652	0	0	0
Mar 28, 2024	59652	0	0	0
Mar 29, 2024	59652	0	0	0
Mar 30, 2024	59652	0	0	0
Mar 31, 2024	59652	0	0	0
Apr 01, 2024	64566	0	0	4914
Apr 02, 2024	64566	0	0	0
Apr 03, 2024	66691	0	0	2125
Apr 04, 2024	66691	0	0	0
Apr 05, 2024	66691	0	0	0
Apr 06, 2024	66691	0	0	0
