Feb 15, 2020	0	null	0	0
Feb 16, 2020	0	null	0	0
Feb 17, 2020	0	null	0	0
Feb 18, 2020	0	null	0	0
Feb 19, 2020	0	null	0	0
Feb 20, 2020	0	null	0	0
Feb 21, 2020	0	null	0	0
Feb 22, 2020	0	null	0	0
Feb 23, 2020	0	null	0	0
Feb 24, 2020	0	null	0	0
Feb 25, 2020	0	null	0	0
Feb 26, 2020	0	null	0	0
Feb 27, 2020	0	null	0	0
Feb 28, 2020	0	null	0	0
Feb 29, 2020	0	null	0	0
Mar 01, 2020	0	null	0	0
Mar 02, 2020	0	null	0	0
Mar 03, 2020	0	null	0	0
Mar 04, 2020	0	null	0	0
Mar 05, 2020	0	null	0	0
Mar 06, 2020	1	null	0	0
Mar 07, 2020	1	null	0	0
Mar 08, 2020	1	null	0	0
Mar 09, 2020	3	null	0	0
Mar 10, 2020	3	null	0	0
Mar 11, 2020	9	null	0	0
Mar 12, 2020	9	null	0	0
Mar 13, 2020	16	null	0	0
Mar 14, 2020	24	null	0	0
Mar 15, 2020	34	null	0	0
Mar 16, 2020	53	null	0	0
Mar 17, 2020	64	null	0	0
Mar 18, 2020	92	null	0	0
Mar 19, 2020	107	null	0	0
Mar 20, 2020	144	null	0	0
Mar 21, 2020	195	null	0	0
Mar 22, 2020	226	null	0	0
Mar 23, 2020	271	1	0	0
Mar 24, 2020	369	0	0	0
Mar 25, 2020	458	1	0	0
Mar 26, 2020	477	2	0	0
Mar 27, 2020	523	0	0	0
Mar 28, 2020	592	0	0	0
Mar 29, 2020	682	4	0	0
Mar 30, 2020	769	4	0	0
Mar 31, 2020	859	2	0	0
Apr 01, 2020	1009	1	0	0
Apr 02, 2020	1087	2	0	0
Apr 03, 2020	1187	6	0	0
Apr 04, 2020	1289	7	0	0
Apr 05, 2020	1362	3	0	0
Apr 06, 2020	1445	11	0	0
Apr 07, 2020	1630	4	0	0
Apr 08, 2020	1876	5	0	0
Apr 09, 2020	1980	14	0	0
Apr 10, 2020	2196	11	0	0
Apr 11, 2020	2395	20	0	0
Apr 12, 2020	2397	9	0	0
Apr 13, 2020	2421	3	0	0
Apr 14, 2020	2498	15	0	0
Apr 15, 2020	2522	4	0	0
Apr 16, 2020	2539	13	0	0
Apr 17, 2020	2652	9	0	0
Apr 18, 2020	2764	13	0	0
Apr 19, 2020	2902	13	0	0
Apr 20, 2020	2984	10	0	0
Apr 21, 2020	3149	7	0	0
Apr 22, 2020	3280	10	0	0
Apr 23, 2020	3419	9	0	0
Apr 24, 2020	3653	10	0	0
Apr 25, 2020	3842	8	0	0
Apr 26, 2020	4002	11	0	0
Apr 27, 2020	4134	9	0	0
Apr 28, 2020	4412	16	0	0
Apr 29, 2020	4518	9	0	0
Apr 30, 2020	4775	15	0	0
May 01, 2020	5141	21	0	0
May 02, 2020	5295	10	0	0
May 03, 2020	5606	16	0	0
May 04, 2020	5808	18	0	0
May 05, 2020	6222	20	0	0
May 06, 2020	6414	19	0	0
May 07, 2020	6749	10	0	0
May 08, 2020	7199	21	0	0
May 09, 2020	7481	17	0	0
May 10, 2020	7895	18	0	0
May 11, 2020	8309	16	0	0
May 12, 2020	8808	14	0	0
May 13, 2020	9288	16	0	0
May 14, 2020	9727	16	0	0
May 15, 2020	10210	21	0	0
May 16, 2020	10790	16	0	0
May 17, 2020	11249	12	0	0
May 18, 2020	11800	18	0	0
May 19, 2020	12272	21	0	0
May 20, 2020	12801	17	0	0
May 21, 2020	13247	22	0	0
May 22, 2020	13874	30	0	0
May 23, 2020	14754	23	0	0
May 24, 2020	15432	22	0	0
May 25, 2020	15966	23	0	0
May 26, 2020	16716	26	0	0
May 27, 2020	17190	27	0	0
May 28, 2020	17879	19	0	0
May 29, 2020	18922	31	0	0
May 30, 2020	20225	37	0	0
May 31, 2020	19901	49	0	0
Jun 01, 2020	19863	30	0	0
Jun 02, 2020	19682	40	0	0
Jun 03, 2020	20021	36	0	0
Jun 04, 2020	21112	42	0	0
Jun 05, 2020	21852	58	0	0
Jun 06, 2020	22440	60	0	0
Jun 07, 2020	22655	54	0	0
Jun 08, 2020	22984	49	0	0
Jun 09, 2020	24172	64	0	0
Jun 10, 2020	24916	61	0	0
Jun 11, 2020	25934	55	0	0
Jun 12, 2020	26598	57	0	0
Jun 13, 2020	27728	47	0	0
Jun 14, 2020	29450	75	0	0
Jun 15, 2020	31385	59	0	0
Jun 16, 2020	32764	75	0	0
Jun 17, 2020	33856	63	0	0
Jun 18, 2020	35587	86	0	0
Jun 19, 2020	37243	95	0	0
Jun 20, 2020	38008	81	0	0
Jun 21, 2020	39055	111	0	0
Jun 22, 2020	39905	73	0	0
Jun 23, 2020	40709	94	0	0
Jun 24, 2020	42951	87	0	0
Jun 25, 2020	44596	163	0	0
Jun 26, 2020	46694	157	0	0
Jun 27, 2020	49379	128	0	0
Jun 28, 2020	50383	167	0	0
Jun 29, 2020	51866	117	0	0
Jun 30, 2020	52439	111	0	0
Jul 01, 2020	55132	136	0	0
Jul 02, 2020	57938	171	0	0
Jul 03, 2020	60394	136	0	0
Jul 04, 2020	62884	165	0	0
Jul 05, 2020	65165	122	0	0
Jul 06, 2020	65701	146	0	0
Jul 07, 2020	68274	149	0	0
Jul 08, 2020	70477	168	0	0
Jul 09, 2020	72987	187	0	0
Jul 10, 2020	77051	211	0	0
Jul 11, 2020	79057	194	0	0
Jul 12, 2020	81687	188	0	0
Jul 13, 2020	83013	148	0	0
Jul 14, 2020	85467	170	0	0
Jul 15, 2020	87619	189	0	0
Jul 16, 2020	91013	215	0	0
Jul 17, 2020	95215	259	0	0
Jul 18, 2020	98348	228	0	0
Jul 19, 2020	98749	220	0	0
Jul 20, 2020	101272	193	0	0
Jul 21, 2020	105032	237	0	0
Jul 22, 2020	109442	207	0	0
Jul 23, 2020	110734	315	0	0
Jul 24, 2020	111702	287	0	0
Jul 25, 2020	112859	294	0	0
Jul 26, 2020	115414	256	0	0
Jul 27, 2020	117163	252	0	0
Jul 28, 2020	121621	297	0	0
Jul 29, 2020	123824	380	0	0
Jul 30, 2020	127515	356	0	0
Jul 31, 2020	131016	295	0	0
Aug 01, 2020	135143	225	0	0
Aug 02, 2020	139762	320	0	0
Aug 03, 2020	143106	367	0	0
Aug 04, 2020	143406	298	0	0
Aug 05, 2020	147773	309	0	0
Aug 06, 2020	153416	315	0	0
Aug 07, 2020	156451	311	0	0
Aug 08, 2020	159739	290	0	0
Aug 09, 2020	161951	302	0	0
Aug 10, 2020	162984	312	0	0
Aug 11, 2020	166551	321	0	0
Aug 12, 2020	168897	362	0	0
Aug 13, 2020	169166	308	0	0
Aug 14, 2020	169323	347	0	0
Aug 15, 2020	167459	318	0	0
Aug 16, 2020	165799	287	0	0
Aug 17, 2020	159763	275	0	0
Aug 18, 2020	161180	247	0	0
Aug 19, 2020	159901	360	0	0
Aug 20, 2020	158412	204	0	0
Aug 21, 2020	156630	385	0	0
Aug 22, 2020	156343	400	0	0
Aug 23, 2020	149801	348	0	0
Aug 24, 2020	149913	296	0	0
Aug 25, 2020	148769	277	0	0
Aug 26, 2020	146965	295	0	0
Aug 27, 2020	145761	284	0	0
Aug 28, 2020	142133	299	0	0
Aug 29, 2020	140276	297	0	0
Aug 30, 2020	137953	300	0	0
Aug 31, 2020	136030	299	0	0
Sep 01, 2020	134460	389	0	0
Sep 02, 2020	133423	296	0	0
Sep 03, 2020	131805	270	0	0
Sep 04, 2020	130953	270	0	0
Sep 05, 2020	129530	268	0	0
Sep 06, 2020	126880	256	0	0
Sep 07, 2020	120954	203	0	0
Sep 08, 2020	116234	202	0	0
Sep 09, 2020	111918	236	0	0
Sep 10, 2020	102910	222	0	0
Sep 11, 2020	96876	243	0	0
Sep 12, 2020	93410	216	0	0
Sep 13, 2020	94010	190	0	0
Sep 14, 2020	91844	199	0	0
Sep 15, 2020	97324	165	0	0
Sep 16, 2020	102821	190	0	0
Sep 17, 2020	104823	187	0	0
Sep 18, 2020	105100	185	0	0
Sep 19, 2020	106674	189	0	0
Sep 20, 2020	107669	169	0	0
Sep 21, 2020	105138	189	0	0
Sep 22, 2020	102166	173	0	0
Sep 23, 2020	97245	176	0	0
Sep 24, 2020	90938	178	0	0
Sep 25, 2020	85737	179	0	0
Sep 26, 2020	80630	193	0	0
Sep 27, 2020	76096	192	0	0
Sep 28, 2020	70026	153	0	0
Sep 29, 2020	64060	187	0	0
Sep 30, 2020	60028	170	0	0
Oct 01, 2020	57452	198	0	0
Oct 02, 2020	61181	201	0	0
Oct 03, 2020	63790	159	0	0
Oct 04, 2020	66666	156	0	0
Oct 05, 2020	69014	132	0	0
Oct 06, 2020	71979	173	0	0
Oct 07, 2020	76530	163	0	0
Oct 08, 2020	81190	151	0	0
Oct 09, 2020	86258	164	0	0
Oct 10, 2020	91956	165	0	0
Oct 11, 2020	93695	174	0	0
Oct 12, 2020	92702	151	0	0
Oct 13, 2020	89254	156	0	0
Oct 14, 2020	85186	165	0	0
Oct 15, 2020	81694	151	0	0
Oct 16, 2020	79737	159	0	0
Oct 17, 2020	76101	187	0	0
Oct 18, 2020	72308	167	0	0
Oct 19, 2020	68820	132	0	0
Oct 20, 2020	68136	170	0	0
Oct 21, 2020	67341	192	0	0
Oct 22, 2020	66922	172	0	0
Oct 23, 2020	67488	166	0	0
Oct 24, 2020	70332	198	0	0
Oct 25, 2020	70280	154	0	0
Oct 26, 2020	70660	194	0	0
Oct 27, 2020	69771	217	0	0
Oct 28, 2020	69308	188	0	0
Oct 29, 2020	71848	173	0	0
Oct 30, 2020	72583	209	0	0
Oct 31, 2020	73640	179	0	0
Nov 01, 2020	74002	201	0	0
Nov 02, 2020	75790	155	0	0
Nov 03, 2020	73668	177	0	0
Nov 04, 2020	73869	166	0	0
Nov 05, 2020	74602	196	0	0
Nov 06, 2020	75065	196	0	0
Nov 07, 2020	74770	190	0	0
Nov 08, 2020	73014	196	0	0
Nov 09, 2020	69072	183	0	0
Nov 10, 2020	64290	174	0	0
Nov 11, 2020	61591	164	0	0
Nov 12, 2020	58830	179	0	0
Nov 13, 2020	59688	178	0	0
Nov 14, 2020	59599	160	0	0
Nov 15, 2020	59759	202	0	0
Nov 16, 2020	59127	192	0	0
Nov 17, 2020	57845	158	0	0
Nov 18, 2020	58256	182	0	0
Nov 19, 2020	58336	198	0	0
Nov 20, 2020	59934	168	0	0
Nov 21, 2020	60466	175	0	0
Nov 22, 2020	62198	183	0	0
Nov 23, 2020	60603	192	0	0
Nov 24, 2020	58960	198	0	0
Nov 25, 2020	60172	183	0	0
Nov 26, 2020	62715	159	0	0
Nov 27, 2020	64797	195	0	0
Nov 28, 2020	66008	187	0	0
Nov 29, 2020	67340	183	0	0
Nov 30, 2020	69551	182	0	0
Dec 01, 2020	70211	168	0	0
Dec 02, 2020	71337	183	0	0
Dec 03, 2020	72902	188	0	0
Dec 04, 2020	74150	162	0	0
Dec 05, 2020	74914	166	0	0
Dec 06, 2020	75885	175	0	0
Dec 07, 2020	71510	187	0	0
Dec 08, 2020	68126	163	0	0
Dec 09, 2020	66228	150	0	0
Dec 10, 2020	65007	176	0	0
Dec 11, 2020	65941	185	0	0
Dec 12, 2020	67781	197	0	0
Dec 13, 2020	71885	187	0	0
Dec 14, 2020	73852	142	0	0
Dec 15, 2020	76860	161	0	0
Dec 16, 2020	80873	204	0	0
Dec 17, 2020	85189	227	0	0
Dec 18, 2020	88032	232	0	0
Dec 19, 2020	93251	249	0	0
Dec 20, 2020	93415	207	0	0
Dec 21, 2020	95047	205	0	0
Dec 22, 2020	95288	251	0	0
Dec 23, 2020	99484	243	0	0
Dec 24, 2020	100996	280	0	0
Dec 25, 2020	102308	236	0	0
Dec 26, 2020	98919	253	0	0
Dec 27, 2020	96351	228	0	0
Dec 28, 2020	92392	203	0	0
Dec 29, 2020	89185	246	0	0
Dec 30, 2020	86372	289	0	0
Dec 31, 2020	91143	304	0	0
Jan 01, 2021	90837	282	0	0
Jan 02, 2021	91670	270	0	0
Jan 03, 2021	89502	200	0	0
Jan 04, 2021	89767	222	0	0
Jan 05, 2021	99530	239	0	0
Jan 06, 2021	105470	297	0	0
Jan 07, 2021	111995	344	0	0
Jan 08, 2021	112977	364	0	0
Jan 09, 2021	116015	353	0	0
Jan 10, 2021	119767	330	0	0
Jan 11, 2021	122838	337	0	0
Jan 12, 2021	122408	331	0	0
Jan 13, 2021	119853	342	0	0
Jan 14, 2021	117775	367	0	0
Jan 15, 2021	123854	377	0	0
Jan 16, 2021	130854	388	0	0
Jan 17, 2021	130149	375	0	0
Jan 18, 2021	119906	373	0	0
Jan 19, 2021	119734	398	0	0
Jan 20, 2021	121017	390	0	0
Jan 21, 2021	121024	395	0	0
Jan 22, 2021	125280	399	0	0
Jan 23, 2021	129678	396	0	0
Jan 24, 2021	131943	392	0	0
Jan 25, 2021	126805	373	0	0
Jan 26, 2021	124320	381	0	0
Jan 27, 2021	122741	395	0	0
Jan 28, 2021	120278	390	0	0
Jan 29, 2021	114558	371	0	0
Jan 30, 2021	108755	366	0	0
Jan 31, 2021	102579	333	0	0
Feb 01, 2021	95560	289	0	0
Feb 02, 2021	88679	304	0	0
Feb 03, 2021	81787	301	0	0
Feb 04, 2021	79146	254	0	0
Feb 05, 2021	76316	272	0	0
Feb 06, 2021	73183	290	0	0
Feb 07, 2021	73890	300	0	0
Feb 08, 2021	70944	297	0	0
Feb 09, 2021	62105	217	0	0
Feb 10, 2021	61146	226	0	0
Feb 11, 2021	57449	250	0	0
Feb 12, 2021	55180	213	0	0
Feb 13, 2021	54300	229	0	0
Feb 14, 2021	53883	180	0	0
Feb 15, 2021	50296	181	0	0
Feb 16, 2021	49544	163	0	0
Feb 17, 2021	49939	185	0	0
Feb 18, 2021	48746	200	0	0
Feb 19, 2021	47928	177	0	0
Feb 20, 2021	47863	174	0	0
Feb 21, 2021	47062	149	0	0
Feb 22, 2021	45994	140	0	0
Feb 23, 2021	44980	144	0	0
Feb 24, 2021	44228	142	0	0
Feb 25, 2021	43636	136	0	0
Feb 26, 2021	43400	122	0	0
Feb 27, 2021	43025	142	0	0
Feb 28, 2021	43675	106	0	0
Mar 01, 2021	43761	100	0	0
Mar 02, 2021	43570	106	0	0
Mar 03, 2021	42009	110	0	0
Mar 04, 2021	41584	107	0	0
Mar 05, 2021	41133	111	0	0
Mar 06, 2021	40415	112	0	0
Mar 07, 2021	38954	91	0	0
Mar 08, 2021	37486	95	0	0
Mar 09, 2021	38061	78	0	0
Mar 10, 2021	37714	97	0	0
Mar 11, 2021	38510	85	0	0
Mar 12, 2021	38098	92	0	0
Mar 13, 2021	38528	96	0	0
Mar 14, 2021	39421	97	0	0
Mar 15, 2021	38431	100	0	0
Mar 16, 2021	39008	125	0	0
Mar 17, 2021	40144	130	0	0
Mar 18, 2021	40712	138	0	0
Mar 19, 2021	41013	135	0	0
Mar 20, 2021	43555	136	0	0
Mar 21, 2021	44927	121	0	0
Mar 22, 2021	44787	120	0	0
Mar 23, 2021	45014	126	0	0
Mar 24, 2021	46294	120	0	0
Mar 25, 2021	47360	125	0	0
Mar 26, 2021	48744	126	0	0
Mar 27, 2021	51428	145	0	0
Mar 28, 2021	52015	165	0	0
Mar 29, 2021	52791	124	0	0
Mar 30, 2021	54636	176	0	0
Mar 31, 2021	57440	167	0	0
Apr 01, 2021	61409	192	0	0
Apr 02, 2021	63384	163	0	0
Apr 03, 2021	63909	155	0	0
Apr 04, 2021	64561	162	0	0
Apr 05, 2021	66283	199	0	0
Apr 06, 2021	67356	231	0	0
Apr 07, 2021	69379	243	0	0
Apr 08, 2021	71235	247	0	0
Apr 09, 2021	73357	269	0	0
Apr 10, 2021	77931	325	0	0
Apr 11, 2021	86524	281	0	0
Apr 12, 2021	91048	267	0	0
Apr 13, 2021	94208	326	0	0
Apr 14, 2021	99717	337	0	0
Apr 15, 2021	103459	380	0	0
Apr 16, 2021	109405	365	0	0
Apr 17, 2021	110257	367	0	0
Apr 18, 2021	113121	397	0	0
Apr 19, 2021	110142	420	0	0
Apr 20, 2021	109186	429	0	0
Apr 21, 2021	109773	419	0	0
Apr 22, 2021	112573	430	0	0
Apr 23, 2021	114479	420	0	0
Apr 24, 2021	112731	440	0	0
Apr 25, 2021	114909	465	0	0
Apr 26, 2021	113015	448	0	0
Apr 27, 2021	115825	436	0	0
Apr 28, 2021	119202	490	0	0
Apr 29, 2021	118061	505	0	0
Apr 30, 2021	116696	490	0	0
May 01, 2021	117132	495	0	0
May 02, 2021	118361	485	0	0
May 03, 2021	108773	464	0	0
May 04, 2021	106421	463	0	0
May 05, 2021	103656	388	0	0
May 06, 2021	101467	399	0	0
May 07, 2021	103008	453	0	0
May 08, 2021	101867	492	0	0
May 09, 2021	105030	495	0	0
May 10, 2021	101405	488	0	0
May 11, 2021	104802	429	0	0
May 12, 2021	109831	490	0	0
May 13, 2021	113463	499	0	0
May 14, 2021	115220	490	0	0
May 15, 2021	119907	530	0	0
May 16, 2021	119542	520	0	0
May 17, 2021	118321	509	0	0
May 18, 2021	114595	482	0	0
May 19, 2021	117070	452	0	0
May 20, 2021	114746	490	0	0
May 21, 2021	110208	486	0	0
May 22, 2021	115325	509	0	0
May 23, 2021	121455	496	0	0
May 24, 2021	118079	483	0	0
May 25, 2021	121618	459	0	0
May 26, 2021	128956	514	0	0
May 27, 2021	131110	513	0	0
May 28, 2021	133472	514	0	0
May 29, 2021	133765	540	0	0
May 30, 2021	141036	535	0	0
May 31, 2021	148109	492	0	0
Jun 01, 2021	149719	523	0	0
Jun 02, 2021	150994	511	0	0
Jun 03, 2021	155633	545	0	0
Jun 04, 2021	160056	537	0	0
Jun 05, 2021	164999	532	0	0
Jun 06, 2021	168369	539	0	0
Jun 07, 2021	159977	535	0	0
Jun 08, 2021	153629	427	0	0
Jun 09, 2021	156776	550	0	0
Jun 10, 2021	162015	573	0	0
Jun 11, 2021	164983	569	0	0
Jun 12, 2021	172396	577	0	0
Jun 13, 2021	179790	586	0	0
Jun 14, 2021	170525	588	0	0
Jun 15, 2021	165645	599	0	0
Jun 16, 2021	167161	595	0	0
Jun 17, 2021	171773	596	0	0
Jun 18, 2021	173188	590	0	0
Jun 19, 2021	173726	589	0	0
Jun 20, 2021	178071	599	0	0
Jun 21, 2021	181770	754	0	0
Jun 22, 2021	180757	614	0	0
Jun 23, 2021	183610	645	0	0
Jun 24, 2021	187490	689	0	0
Jun 25, 2021	189037	685	0	0
Jun 26, 2021	192839	693	0	0
Jun 27, 2021	199581	664	0	0
Jun 28, 2021	201607	648	0	0
Jun 29, 2021	198830	608	0	0
Jun 30, 2021	198282	610	0	0
Jul 01, 2021	198086	593	0	0
Jul 02, 2021	195928	586	0	0
Jul 03, 2021	194662	591	0	0
Jul 04, 2021	194452	582	0	0
Jul 05, 2021	190382	570	0	0
Jul 06, 2021	178646	553	0	0
Jul 07, 2021	173849	559	0	0
Jul 08, 2021	166913	577	0	0
Jul 09, 2021	160664	576	0	0
Jul 10, 2021	152041	567	0	0
Jul 11, 2021	144576	528	0	0
Jul 12, 2021	140810	509	0	0
Jul 13, 2021	134372	504	0	0
Jul 14, 2021	133599	498	0	0
Jul 15, 2021	132680	496	0	0
Jul 16, 2021	132045	500	0	0
Jul 17, 2021	132995	498	0	0
Jul 18, 2021	133882	476	0	0
Jul 19, 2021	131142	446	0	0
Jul 20, 2021	128753	378	0	0
Jul 21, 2021	126962	351	0	0
Jul 22, 2021	125707	354	0	0
Jul 23, 2021	124967	352	0	0
Jul 24, 2021	121105	350	0	0
Jul 25, 2021	121005	330	0	0
Jul 26, 2021	112055	314	0	0
Jul 27, 2021	101376	300	0	0
Jul 28, 2021	91992	319	0	0
Jul 29, 2021	88874	325	0	0
Jul 30, 2021	88158	306	0	0
Jul 31, 2021	86078	291	0	0
Aug 01, 2021	85662	275	0	0
Aug 02, 2021	81658	218	0	0
Aug 03, 2021	80355	268	0	0
Aug 04, 2021	78014	211	0	0
Aug 05, 2021	75035	204	0	0
Aug 06, 2021	73695	188	0	0
Aug 07, 2021	69270	190	0	0
Aug 08, 2021	67073	181	0	0
Aug 09, 2021	63697	143	0	0
Aug 10, 2021	61529	167	0	0
Aug 11, 2021	60580	185	0	0
Aug 12, 2021	58283	144	0	0
Aug 13, 2021	56170	124	0	0
Aug 14, 2021	55378	135	0	0
Aug 15, 2021	53447	103	0	0
Aug 16, 2021	52534	121	0	0
Aug 17, 2021	51711	108	0	0
Aug 18, 2021	51064	93	0	0
Aug 19, 2021	49637	120	0	0
Aug 20, 2021	48957	122	0	0
Aug 21, 2021	47558	98	0	0
Aug 22, 2021	46821	95	0	0
Aug 23, 2021	46210	99	0	0
Aug 24, 2021	45296	73	0	0
Aug 25, 2021	45369	86	0	0
Aug 26, 2021	44609	93	0	0
Aug 27, 2021	44582	81	0	0
Aug 28, 2021	44399	95	0	0
Aug 29, 2021	44415	68	0	0
Aug 30, 2021	44914	72	0	0
Aug 31, 2021	45256	62	0	0
Sep 01, 2021	45357	71	0	0
Sep 02, 2021	45294	81	0	0
Sep 03, 2021	45329	61	0	0
Sep 04, 2021	45204	72	0	0
Sep 05, 2021	43351	48	0	0
Sep 06, 2021	39787	53	0	0
Sep 07, 2021	39056	47	0	0
Sep 08, 2021	38787	49	0	0
Sep 09, 2021	38147	53	0	0
Sep 10, 2021	37548	49	0	0
Sep 11, 2021	37011	63	0	0
Sep 12, 2021	37028	55	0	0
Sep 13, 2021	36259	40	0	0
Sep 14, 2021	36160	26	0	0
Sep 15, 2021	35916	40	0	0
Sep 16, 2021	35609	29	0	0
Sep 17, 2021	35601	44	0	0
Sep 18, 2021	35595	34	0	0
Sep 19, 2021	35617	35	0	0
Sep 20, 2021	34671	29	0	0
Sep 21, 2021	34326	38	0	0
Sep 22, 2021	34448	44	0	0
Sep 23, 2021	34292	26	0	0
Sep 24, 2021	33872	36	0	0
Sep 25, 2021	34023	34	0	0
Sep 26, 2021	33815	43	0	0
Sep 27, 2021	33125	33	0	0
Sep 28, 2021	32182	41	0	0
Sep 29, 2021	31620	42	0	0
Sep 30, 2021	31402	38	0	0
Oct 01, 2021	31780	37	0	0
Oct 02, 2021	31362	36	0	0
Oct 03, 2021	31296	29	0	0
Oct 04, 2021	30764	24	0	0
Oct 05, 2021	30492	30	0	0
Oct 06, 2021	30560	32	0	0
Oct 07, 2021	30695	30	0	0
Oct 08, 2021	30459	35	0	0
Oct 09, 2021	30458	33	0	0
Oct 10, 2021	30657	38	0	0
Oct 11, 2021	30102	32	0	0
Oct 12, 2021	29757	37	0	0
Oct 13, 2021	29848	34	0	0
Oct 14, 2021	29861	33	0	0
Oct 15, 2021	29848	37	0	0
Oct 16, 2021	29522	34	0	0
Oct 17, 2021	29402	35	0	0
Oct 18, 2021	28888	21	0	0
Oct 19, 2021	28422	24	0	0
Oct 20, 2021	28393	21	0	0
Oct 21, 2021	28544	28	0	0
Oct 22, 2021	28978	35	0	0
Oct 23, 2021	29097	38	0	0
Oct 24, 2021	29090	35	0	0
Oct 25, 2021	29199	32	0	0
Oct 26, 2021	28818	34	0	0
Oct 27, 2021	29144	26	0	0
Oct 28, 2021	29358	36	0	0
Oct 29, 2021	29131	30	0	0
Oct 30, 2021	29145	33	0	0
Oct 31, 2021	29552	23	0	0
Nov 01, 2021	29449	30	0	0
Nov 02, 2021	28854	37	0	0
Nov 03, 2021	28712	32	0	0
Nov 04, 2021	28736	37	0	0
Nov 05, 2021	28808	39	0	0
Nov 06, 2021	28807	32	0	0
Nov 07, 2021	29119	45	0	0
Nov 08, 2021	29073	38	0	0
Nov 09, 2021	29196	39	0	0
Nov 10, 2021	29432	30	0	0
Nov 11, 2021	30116	40	0	0
Nov 12, 2021	30704	41	0	0
Nov 13, 2021	31252	45	0	0
Nov 14, 2021	31716	43	0	0
Nov 15, 2021	31625	24	0	0
Nov 16, 2021	30904	32	0	0
Nov 17, 2021	31176	47	0	0
Nov 18, 2021	30558	51	0	0
Nov 19, 2021	30426	50	0	0
Nov 20, 2021	30930	41	0	0
Nov 21, 2021	31690	39	0	0
Nov 22, 2021	31127	45	0	0
Nov 23, 2021	31125	50	0	0
Nov 24, 2021	31086	48	0	0
Nov 25, 2021	31621	54	0	0
Nov 26, 2021	31612	53	0	0
Nov 27, 2021	31552	51	0	0
Nov 28, 2021	31505	43	0	0
Nov 29, 2021	31391	36	0	0
Nov 30, 2021	31544	55	0	0
Dec 01, 2021	31638	58	0	0
Dec 02, 2021	31515	57	0	0
Dec 03, 2021	31380	42	0	0
Dec 04, 2021	31635	48	0	0
Dec 05, 2021	30973	47	0	0
Dec 06, 2021	30508	41	0	0
Dec 07, 2021	30148	53	0	0
Dec 08, 2021	30348	55	0	0
Dec 09, 2021	30154	40	0	0
Dec 10, 2021	30155	42	0	0
Dec 11, 2021	30148	45	0	0
Dec 12, 2021	30602	51	0	0
Dec 13, 2021	30782	56	0	0
Dec 14, 2021	30184	42	0	0
Dec 15, 2021	30178	51	0	0
Dec 16, 2021	29780	39	0	0
Dec 17, 2021	29960	50	0	0
Dec 18, 2021	30366	54	0	0
Dec 19, 2021	30966	59	0	0
Dec 20, 2021	30731	29	0	0
Dec 21, 2021	30504	47	0	0
Dec 22, 2021	31120	52	0	0
Dec 23, 2021	31912	54	0	0
Dec 24, 2021	33029	46	0	0
Dec 25, 2021	34605	43	0	0
Dec 26, 2021	35801	32	0	0
Dec 27, 2021	37074	37	0	0
Dec 28, 2021	39374	35	0	0
Dec 29, 2021	43520	33	0	0
Dec 30, 2021	49265	35	0	0
Dec 31, 2021	56785	41	0	0
Jan 01, 2022	65657	44	0	0
Jan 02, 2022	73262	40	0	0
Jan 03, 2022	77907	35	0	0
Jan 04, 2022	82308	39	0	0
Jan 05, 2022	92109	40	0	0
Jan 06, 2022	106373	51	0	0
Jan 07, 2022	121852	59	0	0
Jan 08, 2022	140692	38	0	0
Jan 09, 2022	156914	50	0	0
Jan 10, 2022	168049	57	0	0
Jan 11, 2022	172555	65	0	0
Jan 12, 2022	179018	69	0	0
Jan 13, 2022	186631	96	0	0
Jan 14, 2022	191721	106	0	0
Jan 15, 2022	194625	129	0	0
Jan 16, 2022	192257	136	0	0
Jan 17, 2022	178734	134	0	0
Jan 18, 2022	174715	138	0	0
Jan 19, 2022	170633	169	0	0
Jan 20, 2022	170123	190	0	0
Jan 21, 2022	168839	197	0	0
Jan 22, 2022	166522	199	0	0
Jan 23, 2022	166918	217	0	0
Jan 24, 2022	151698	237	0	0
Jan 25, 2022	136292	260	0	0
Jan 26, 2022	120625	282	0	0
Jan 27, 2022	108680	273	0	0
Jan 28, 2022	98904	268	0	0
Jan 29, 2022	96918	272	0	0
Jan 30, 2022	92756	247	0	0
Jan 31, 2022	91798	221	0	0
Feb 01, 2022	88915	251	0	0
Feb 02, 2022	90027	230	0	0
Feb 03, 2022	87079	262	0	0
Feb 04, 2022	80796	239	0	0
Feb 05, 2022	77402	236	0	0
Feb 06, 2022	73361	239	0	0
Feb 07, 2022	74251	235	0	0
Feb 08, 2022	67883	205	0	0
Feb 09, 2022	65838	207	0	0
Feb 10, 2022	61630	179	0	0
Feb 11, 2022	55909	181	0	0
Feb 12, 2022	56507	189	0	0
Feb 13, 2022	50169	162	0	0
Feb 14, 2022	46121	186	0	0
Feb 15, 2022	44890	138	0	0
Feb 16, 2022	45239	147	0	0
Feb 17, 2022	44476	147	0	0
Feb 18, 2022	44254	136	0	0
Feb 19, 2022	44024	127	0	0
Feb 20, 2022	42930	110	0	0
Feb 21, 2022	40868	99	0	0
Feb 22, 2022	39397	80	0	0
Feb 23, 2022	38600	79	0	0
Feb 24, 2022	37417	57	0	0
Feb 25, 2022	36668	80	0	0
Feb 26, 2022	36130	97	0	0
Feb 27, 2022	35534	95	0	0
Feb 28, 2022	35253	74	0	0
Mar 01, 2022	34417	87	0	0
Mar 02, 2022	34135	45	0	0
Mar 03, 2022	33255	40	0	0
Mar 04, 2022	32858	45	0	0
Mar 05, 2022	32382	53	0	0
Mar 06, 2022	32283	54	0	0
Mar 07, 2022	31805	29	0	0
Mar 08, 2022	30983	34	0	0
Mar 09, 2022	30601	35	0	0
Mar 10, 2022	30095	31	0	0
Mar 11, 2022	29763	35	0	0
Mar 12, 2022	29465	28	0	0
Mar 13, 2022	29129	14	0	0
Mar 14, 2022	28804	18	0	0
Mar 15, 2022	28744	20	0	0
Mar 16, 2022	28601	26	0	0
Mar 17, 2022	28396	25	0	0
Mar 18, 2022	28327	29	0	0
Mar 19, 2022	28159	19	0	0
Mar 20, 2022	28376	18	0	0
Mar 21, 2022	27976	19	0	0
Mar 22, 2022	28232	18	0	0
Mar 23, 2022	28140	19	0	0
Mar 24, 2022	27973	23	0	0
Mar 25, 2022	27436	13	0	0
Mar 26, 2022	27480	14	0	0
Mar 27, 2022	27446	15	0	0
Mar 28, 2022	27327	12	0	0
Mar 29, 2022	27311	10	0	0
Mar 30, 2022	27358	12	0	0
Mar 31, 2022	27386	14	0	0
Apr 01, 2022	27303	15	0	0
Apr 02, 2022	27279	14	0	0
Apr 03, 2022	27194	10	0	0
Apr 04, 2022	27178	10	0	0
Apr 05, 2022	27097	8	0	0
Apr 06, 2022	27199	9	0	0
Apr 07, 2022	27201	6	0	0
Apr 08, 2022	27144	10	0	0
Apr 09, 2022	27124	10	0	0
Apr 10, 2022	27130	6	0	0
Apr 11, 2022	27127	6	0	0
Apr 12, 2022	27140	4	0	0
Apr 13, 2022	27329	5	0	0
Apr 14, 2022	27028	4	0	0
Apr 15, 2022	27001	3	0	0
Apr 16, 2022	26976	4	0	0
Apr 17, 2022	26846	4	0	0
Apr 18, 2022	26753	2	0	0
Apr 19, 2022	26801	3	0	0
Apr 20, 2022	26872	1	0	0
Apr 21, 2022	26860	4	0	0
Apr 22, 2022	26895	6	0	0
Apr 23, 2022	26890	6	0	0
Apr 24, 2022	26820	7	0	0
Apr 25, 2022	26731	2	0	0
Apr 26, 2022	26580	3	0	0
Apr 27, 2022	26540	2	0	0
Apr 28, 2022	26550	4	0	0
Apr 29, 2022	26594	4	0	0
Apr 30, 2022	26394	4	0	0
May 01, 2022	26394	0	0	0
May 02, 2022	26394	0	0	0
May 03, 2022	26394	0	0	0
May 04, 2022	26394	0	0	0
May 05, 2022	26760	12	0	0
May 06, 2022	26760	0	0	0
May 07, 2022	26760	0	0	0
May 08, 2022	26760	0	0	0
May 09, 2022	26760	0	0	0
May 10, 2022	26760	0	0	0
May 11, 2022	26760	0	0	0
May 12, 2022	26666	12	0	0
May 13, 2022	26961	2	0	0
May 14, 2022	27257	1	0	0
May 15, 2022	27553	1	0	0
May 16, 2022	27848	2	0	0
May 17, 2022	28143	2	0	0
May 18, 2022	28438	2	0	0
May 19, 2022	28733	2	0	0
May 20, 2022	28836	3	0	0
May 21, 2022	28765	3	0	0
May 22, 2022	28834	3	0	0
May 23, 2022	28860	3	0	0
May 24, 2022	28892	3	0	0
May 25, 2022	29021	3	0	0
May 26, 2022	29370	3	0	0
May 27, 2022	29599	2	0	0
May 28, 2022	29701	2	0	0
May 29, 2022	29817	2	0	0
May 30, 2022	29872	1	0	0
May 31, 2022	30090	2	0	0
Jun 01, 2022	30635	2	0	0
Jun 02, 2022	30891	1	0	0
Jun 03, 2022	30790	1	0	0
Jun 04, 2022	31329	5	0	0
Jun 05, 2022	31868	5	0	0
Jun 06, 2022	32408	4	0	0
Jun 07, 2022	32948	4	0	0
Jun 08, 2022	33488	4	0	0
Jun 09, 2022	34028	5	0	0
Jun 10, 2022	34813	4	0	0
Jun 11, 2022	35598	4	0	0
Jun 12, 2022	36384	3	0	0
Jun 13, 2022	37169	4	0	0
Jun 14, 2022	37955	3	0	0
Jun 15, 2022	38741	3	0	0
Jun 16, 2022	39527	3	0	0
Jun 17, 2022	40494	8	0	0
Jun 18, 2022	41461	8	0	0
Jun 19, 2022	42428	8	0	0
Jun 20, 2022	43396	7	0	0
Jun 21, 2022	44364	7	0	0
Jun 22, 2022	45332	7	0	0
Jun 23, 2022	46301	7	0	0
Jun 24, 2022	46909	15	0	0
Jun 25, 2022	47516	16	0	0
Jun 26, 2022	48125	14	0	0
Jun 27, 2022	48734	14	0	0
Jun 28, 2022	49341	16	0	0
Jun 29, 2022	49950	14	0	0
Jun 30, 2022	50565	11	0	0
Jul 01, 2022	50571	18	0	0
Jul 02, 2022	50577	18	0	0
Jul 03, 2022	50583	18	0	0
Jul 04, 2022	50587	20	0	0
Jul 05, 2022	50593	18	0	0
Jul 06, 2022	50597	20	0	0
Jul 07, 2022	50602	20	0	0
Jul 08, 2022	50705	23	0	0
Jul 09, 2022	50808	23	0	0
Jul 10, 2022	50911	23	0	0
Jul 11, 2022	51014	23	0	0
Jul 12, 2022	51118	22	0	0
Jul 13, 2022	51221	23	0	0
Jul 14, 2022	51317	26	0	0
Jul 15, 2022	51583	34	0	0
Jul 16, 2022	51849	34	0	0
Jul 17, 2022	52115	34	0	0
Jul 18, 2022	52381	34	0	0
Jul 19, 2022	52647	34	0	0
Jul 20, 2022	52913	34	0	0
Jul 21, 2022	53178	34	0	0
Jul 22, 2022	53263	32	0	0
Jul 23, 2022	51940	35	0	0
Jul 24, 2022	50617	35	0	0
Jul 25, 2022	49294	35	0	0
Jul 26, 2022	47971	35	0	0
Jul 27, 2022	46648	35	0	0
Jul 28, 2022	45325	35	0	0
Jul 29, 2022	44704	32	0	0
Jul 30, 2022	44092	23	0	0
Jul 31, 2022	43471	32	0	0
Aug 01, 2022	42849	33	0	0
Aug 02, 2022	42226	34	0	0
Aug 03, 2022	41600	37	0	0
Aug 04, 2022	40977	39	0	0
Aug 05, 2022	40231	31	0	0
Aug 06, 2022	39486	30	0	0
Aug 07, 2022	38740	31	0	0
Aug 08, 2022	37984	41	0	0
Aug 09, 2022	37239	30	0	0
Aug 10, 2022	36493	31	0	0
Aug 11, 2022	35756	18	0	0
Aug 12, 2022	35700	17	0	0
Aug 13, 2022	35696	17	0	0
Aug 14, 2022	35682	17	0	0
Aug 15, 2022	35673	17	0	0
Aug 16, 2022	35672	17	0	0
Aug 17, 2022	35578	17	0	0
Aug 18, 2022	35455	17	0	0
Aug 19, 2022	35477	17	0	0
Aug 20, 2022	35500	16	0	0
Aug 21, 2022	35523	16	0	0
Aug 22, 2022	35546	16	0	0
Aug 23, 2022	35569	16	0	0
Aug 24, 2022	35592	16	0	0
Aug 25, 2022	35619	16	0	0
Aug 26, 2022	35203	18	0	0
Aug 27, 2022	34788	17	0	0
Aug 28, 2022	34373	17	0	0
Aug 29, 2022	33956	19	0	0
Aug 30, 2022	33540	18	0	0
Aug 31, 2022	33123	19	0	0
Sep 01, 2022	32703	19	0	0
Sep 02, 2022	32703	0	0	0
Sep 03, 2022	32703	0	0	0
Sep 04, 2022	32703	0	0	0
Sep 05, 2022	32703	0	0	0
Sep 06, 2022	32703	0	0	0
Sep 07, 2022	32703	0	0	0
Sep 08, 2022	31361	62	0	0
Sep 09, 2022	31332	6	0	0
Sep 10, 2022	31301	6	0	0
Sep 11, 2022	31270	6	0	0
Sep 12, 2022	31254	5	0	0
Sep 13, 2022	31206	5	0	0
Sep 14, 2022	31186	5	0	0
Sep 15, 2022	31171	5	0	0
Sep 16, 2022	31171	0	0	0
Sep 17, 2022	31171	0	0	0
Sep 18, 2022	31171	0	0	0
Sep 19, 2022	31171	0	0	0
Sep 20, 2022	31171	0	0	0
Sep 21, 2022	31171	0	0	0
Sep 22, 2022	30998	23	0	0
Sep 23, 2022	30998	0	0	0
Sep 24, 2022	30998	0	0	0
Sep 25, 2022	30998	0	0	0
Sep 26, 2022	30998	0	0	0
Sep 27, 2022	30998	0	0	0
Sep 28, 2022	30998	0	0	0
Sep 29, 2022	30888	25	0	0
Sep 30, 2022	30888	0	0	0
Oct 01, 2022	30888	0	0	0
Oct 02, 2022	30888	0	0	0
Oct 03, 2022	30888	0	0	0
Oct 04, 2022	30888	0	0	0
Oct 05, 2022	30888	0	0	0
Oct 06, 2022	30465	13	0	0
Oct 07, 2022	30465	0	0	0
Oct 08, 2022	30465	0	0	0
Oct 09, 2022	30465	0	0	0
Oct 10, 2022	30465	0	0	0
Oct 11, 2022	30465	0	0	0
Oct 12, 2022	30465	0	0	0
Oct 13, 2022	30147	13	0	0
Oct 14, 2022	30147	0	0	0
Oct 15, 2022	30147	0	0	0
Oct 16, 2022	30147	0	0	0
Oct 17, 2022	30147	0	0	0
Oct 18, 2022	30147	0	0	0
Oct 19, 2022	30147	0	0	0
Oct 20, 2022	29990	7	0	0
Oct 21, 2022	29990	0	0	0
Oct 22, 2022	29990	0	0	0
Oct 23, 2022	29990	0	0	0
Oct 24, 2022	29990	0	0	0
Oct 25, 2022	29990	0	0	0
Oct 26, 2022	29990	0	0	0
Oct 27, 2022	30001	10	0	0
Oct 28, 2022	30001	0	0	0
Oct 29, 2022	30001	0	0	0
Oct 30, 2022	30001	0	0	0
Oct 31, 2022	30001	0	0	0
Nov 01, 2022	30001	0	0	0
Nov 02, 2022	30001	0	0	0
Nov 03, 2022	30129	13	0	0
Nov 04, 2022	30129	0	0	0
Nov 05, 2022	30129	0	0	0
Nov 06, 2022	30129	0	0	0
Nov 07, 2022	30129	0	0	0
Nov 08, 2022	30129	0	0	0
Nov 09, 2022	30129	0	0	0
Nov 10, 2022	30666	12	0	0
Nov 11, 2022	30666	0	0	0
Nov 12, 2022	30666	0	0	0
Nov 13, 2022	30666	0	0	0
Nov 14, 2022	30666	0	0	0
Nov 15, 2022	30666	0	0	0
Nov 16, 2022	30666	0	0	0
Nov 17, 2022	31048	19	0	0
Nov 18, 2022	31048	0	0	0
Nov 19, 2022	31048	0	0	0
Nov 20, 2022	31048	0	0	0
Nov 21, 2022	31048	0	0	0
Nov 22, 2022	31048	0	0	0
Nov 23, 2022	31048	0	0	0
Nov 24, 2022	32040	14	0	0
Nov 25, 2022	32040	0	0	0
Nov 26, 2022	32040	0	0	0
Nov 27, 2022	32040	0	0	0
Nov 28, 2022	32040	0	0	0
Nov 29, 2022	32040	0	0	0
Nov 30, 2022	32040	0	0	0
Dec 01, 2022	33470	16	0	0
Dec 02, 2022	33470	0	0	0
Dec 03, 2022	33470	0	0	0
Dec 04, 2022	33470	0	0	0
Dec 05, 2022	33470	0	0	0
Dec 06, 2022	33470	0	0	0
Dec 07, 2022	33470	0	0	0
Dec 08, 2022	35947	32	0	0
Dec 09, 2022	35947	0	0	0
Dec 10, 2022	35947	0	0	0
Dec 11, 2022	35947	0	0	0
Dec 12, 2022	35947	0	0	0
Dec 13, 2022	35947	0	0	0
Dec 14, 2022	35947	0	0	0
Dec 15, 2022	37842	53	0	0
Dec 16, 2022	37842	0	0	0
Dec 17, 2022	37842	0	0	0
Dec 18, 2022	37842	0	0	0
Dec 19, 2022	37842	0	0	0
Dec 20, 2022	37842	0	0	0
Dec 21, 2022	37842	0	0	0
Dec 22, 2022	39316	80	0	0
Dec 23, 2022	39316	0	0	0
Dec 24, 2022	39316	0	0	0
Dec 25, 2022	39316	0	0	0
Dec 26, 2022	39316	0	0	0
Dec 27, 2022	39316	0	0	0
Dec 28, 2022	39316	0	0	0
Dec 29, 2022	38643	103	0	0
Dec 30, 2022	38643	0	0	0
Dec 31, 2022	38643	0	0	0
Jan 01, 2023	38643	0	0	0
Jan 02, 2023	38643	0	0	0
Jan 03, 2023	38643	0	0	0
Jan 04, 2023	38643	0	0	0
Jan 05, 2023	38643	0	0	0
Jan 06, 2023	37352	80	0	0
Jan 07, 2023	37352	0	0	0
Jan 08, 2023	37352	0	0	0
Jan 09, 2023	37352	0	0	0
Jan 10, 2023	37352	0	0	0
Jan 11, 2023	37352	0	0	0
Jan 12, 2023	37352	0	0	0
Jan 13, 2023	37352	0	0	0
Jan 14, 2023	37352	0	0	0
Jan 15, 2023	37352	0	0	0
Jan 16, 2023	37352	0	0	0
Jan 17, 2023	37352	0	0	0
Jan 18, 2023	37352	0	0	0
Jan 19, 2023	37352	0	0	0
Jan 20, 2023	37163	126	0	0
Jan 21, 2023	37163	0	0	0
Jan 22, 2023	37163	0	0	0
Jan 23, 2023	37163	0	0	0
Jan 24, 2023	37163	0	0	0
Jan 25, 2023	34322	101	0	0
Jan 26, 2023	34322	0	0	0
Jan 27, 2023	34322	0	0	0
Jan 28, 2023	34322	0	0	0
Jan 29, 2023	34322	0	0	0
Jan 30, 2023	34322	0	0	0
Jan 31, 2023	34322	0	0	0
Feb 01, 2023	33225	58	0	0
Feb 02, 2023	33225	0	0	0
Feb 03, 2023	33225	0	0	0
Feb 04, 2023	33225	0	0	0
Feb 05, 2023	33225	0	0	0
Feb 06, 2023	33225	0	0	0
Feb 07, 2023	33225	0	0	0
Feb 08, 2023	33578	32	0	0
Feb 09, 2023	33578	0	0	0
Feb 10, 2023	33578	0	0	0
Feb 11, 2023	33578	0	0	0
Feb 12, 2023	33578	0	0	0
Feb 13, 2023	33578	0	0	0
Feb 14, 2023	33578	0	0	0
Feb 15, 2023	33875	20	0	0
Feb 16, 2023	33875	0	0	0
Feb 17, 2023	33875	0	0	0
Feb 18, 2023	33875	0	0	0
Feb 19, 2023	33875	0	0	0
Feb 20, 2023	33875	0	0	0
Feb 21, 2023	33875	0	0	0
Feb 22, 2023	34545	19	0	0
Feb 23, 2023	34545	0	0	0
Feb 24, 2023	34545	0	0	0
Feb 25, 2023	34545	0	0	0
Feb 26, 2023	34545	0	0	0
Feb 27, 2023	34545	0	0	0
Feb 28, 2023	34545	0	0	0
Mar 01, 2023	33802	14	0	0
Mar 02, 2023	33802	0	0	0
Mar 03, 2023	33802	0	0	0
Mar 04, 2023	33802	0	0	0
Mar 05, 2023	33802	0	0	0
Mar 06, 2023	33802	0	0	0
Mar 07, 2023	33802	0	0	0
Mar 08, 2023	33795	10	0	0
Mar 09, 2023	33795	0	0	0
Mar 10, 2023	33795	0	0	0
Mar 11, 2023	33795	0	0	0
Mar 12, 2023	33795	0	0	0
Mar 13, 2023	33795	0	0	0
Mar 14, 2023	33795	0	0	0
Mar 15, 2023	33795	0	0	0
Mar 16, 2023	33786	13	0	0
Mar 17, 2023	33786	0	0	0
Mar 18, 2023	33786	0	0	0
Mar 19, 2023	33786	0	0	0
Mar 20, 2023	33786	0	0	0
Mar 21, 2023	33786	0	0	0
Mar 22, 2023	33818	13	0	0
Mar 23, 2023	33818	0	0	0
Mar 24, 2023	33818	0	0	0
Mar 25, 2023	33818	0	0	0
Mar 26, 2023	33818	0	0	0
Mar 27, 2023	33818	0	0	0
Mar 28, 2023	33818	0	0	0
Mar 29, 2023	33965	13	0	0
Mar 30, 2023	33965	0	0	0
Mar 31, 2023	33965	0	0	0
Apr 01, 2023	33965	0	0	0
Apr 02, 2023	33965	0	0	0
Apr 03, 2023	33965	0	0	0
Apr 04, 2023	33965	0	0	0
Apr 05, 2023	34362	12	0	0
Apr 06, 2023	34362	0	0	0
Apr 07, 2023	34362	0	0	0
Apr 08, 2023	34362	0	0	0
Apr 09, 2023	34362	0	0	0
Apr 10, 2023	34362	0	0	0
Apr 11, 2023	34362	0	0	0
Apr 12, 2023	34345	8	0	0
Apr 13, 2023	34345	0	0	0
Apr 14, 2023	34345	0	0	0
Apr 15, 2023	34345	0	0	0
Apr 16, 2023	34345	0	0	0
Apr 17, 2023	34345	0	0	0
Apr 18, 2023	34345	0	0	0
Apr 19, 2023	34345	0	0	0
Apr 20, 2023	34525	8	0	0
Apr 21, 2023	34525	0	0	0
Apr 22, 2023	34525	0	0	0
Apr 23, 2023	34525	0	0	0
Apr 24, 2023	34525	0	0	0
Apr 25, 2023	34525	0	0	0
Apr 26, 2023	34525	0	0	0
Apr 27, 2023	34876	7	0	0
Apr 28, 2023	34876	0	0	0
Apr 29, 2023	34876	0	0	0
Apr 30, 2023	34876	0	0	0
May 01, 2023	34876	0	0	0
May 02, 2023	34876	0	0	0
May 03, 2023	35046	9	0	0
May 04, 2023	35046	0	0	0
May 05, 2023	35046	0	0	0
May 06, 2023	35046	0	0	0
May 07, 2023	35046	0	0	0
May 08, 2023	35046	0	0	0
May 09, 2023	35046	0	0	0
May 10, 2023	35303	5	0	0
May 11, 2023	35303	0	0	0
May 12, 2023	35303	0	0	0
May 13, 2023	35303	0	0	0
May 14, 2023	35303	0	0	0
May 15, 2023	35303	0	0	0
May 16, 2023	35303	0	0	0
May 17, 2023	35577	14	0	0
May 18, 2023	35577	0	0	0
May 19, 2023	35577	0	0	0
May 20, 2023	35577	0	0	0
May 21, 2023	35577	0	0	0
May 22, 2023	35577	0	0	0
May 23, 2023	35577	0	0	0
May 24, 2023	35885	7	0	0
May 25, 2023	35885	0	0	0
May 26, 2023	35885	0	0	0
May 27, 2023	35885	0	0	0
May 28, 2023	35885	0	0	0
May 29, 2023	35885	0	0	0
May 30, 2023	35885	0	0	0
May 31, 2023	35885	0	0	0
Jun 01, 2023	36451	17	0	0
Jun 02, 2023	36451	0	0	0
Jun 03, 2023	36451	0	0	0
Jun 04, 2023	36451	0	0	0
Jun 05, 2023	36451	0	0	0
Jun 06, 2023	36451	0	0	0
Jun 07, 2023	36453	15	0	0
Jun 08, 2023	36453	0	0	0
Jun 09, 2023	36453	0	0	0
Jun 10, 2023	36453	0	0	0
Jun 11, 2023	36453	0	0	0
Jun 12, 2023	36453	0	0	0
Jun 13, 2023	36453	0	0	0
Jun 14, 2023	37613	14	0	0
Jun 15, 2023	37613	0	0	0
Jun 16, 2023	37613	0	0	0
Jun 17, 2023	37613	0	0	0
Jun 18, 2023	37613	0	0	0
Jun 19, 2023	37613	0	0	0
Jun 20, 2023	37613	0	0	0
Jun 21, 2023	38902	13	0	0
Jun 22, 2023	38902	0	0	0
Jun 23, 2023	38902	0	0	0
Jun 24, 2023	38902	0	0	0
Jun 25, 2023	38902	0	0	0
Jun 26, 2023	38902	0	0	0
Jun 27, 2023	38902	0	0	0
Jun 28, 2023	40080	29	0	0
Jun 29, 2023	40080	0	0	0
Jun 30, 2023	40080	0	0	0
Jul 01, 2023	40080	0	0	0
Jul 02, 2023	40080	0	0	0
Jul 03, 2023	40080	0	0	0
Jul 04, 2023	40080	0	0	0
Jul 05, 2023	40977	25	0	0
Jul 06, 2023	40977	0	0	0
Jul 07, 2023	40977	0	0	0
Jul 08, 2023	40977	0	0	0
Jul 09, 2023	40977	0	0	0
Jul 10, 2023	40977	0	0	0
Jul 11, 2023	40977	0	0	0
Jul 12, 2023	41832	31	0	0
Jul 13, 2023	41832	0	0	0
Jul 14, 2023	41832	0	0	0
Jul 15, 2023	41832	0	0	0
Jul 16, 2023	41832	0	0	0
Jul 17, 2023	41832	0	0	0
Jul 18, 2023	41832	0	0	0
Jul 19, 2023	42634	30	0	0
Jul 20, 2023	42634	0	0	0
Jul 21, 2023	42634	0	0	0
Jul 22, 2023	42634	0	0	0
Jul 23, 2023	42634	0	0	0
Jul 24, 2023	42634	0	0	0
Jul 25, 2023	42634	0	0	0
Jul 26, 2023	43517	20	0	0
Jul 27, 2023	43517	0	0	0
Jul 28, 2023	43517	0	0	0
Jul 29, 2023	43517	0	0	0
Jul 30, 2023	43517	0	0	0
Jul 31, 2023	43517	0	0	0
Aug 01, 2023	43517	0	0	0
Aug 02, 2023	44356	19	0	0
Aug 03, 2023	44356	0	0	0
Aug 04, 2023	44356	0	0	0
Aug 05, 2023	44356	0	0	0
Aug 06, 2023	44356	0	0	0
Aug 07, 2023	44356	0	0	0
Aug 08, 2023	44356	0	0	0
Aug 09, 2023	44989	20	0	0
Aug 10, 2023	44989	0	0	0
Aug 11, 2023	44989	0	0	0
Aug 12, 2023	44989	0	0	0
Aug 13, 2023	44989	0	0	0
Aug 14, 2023	44989	0	0	0
Aug 15, 2023	44989	0	0	0
Aug 16, 2023	45729	14	0	0
Aug 17, 2023	45729	0	0	0
Aug 18, 2023	45729	0	0	0
Aug 19, 2023	45729	0	0	0
Aug 20, 2023	45729	0	0	0
Aug 21, 2023	45729	0	0	0
Aug 22, 2023	45729	0	0	0
Aug 23, 2023	46271	14	0	0
Aug 24, 2023	46271	0	0	0
Aug 25, 2023	35657	0	0	0
Aug 26, 2023	35657	0	0	0
Aug 27, 2023	35657	0	0	0
Aug 28, 2023	35657	0	0	0
Aug 29, 2023	35657	0	0	0
Aug 30, 2023	36369	10	0	0
Aug 31, 2023	36369	0	0	0
Sep 01, 2023	36008	0	0	0
Sep 02, 2023	36008	0	0	0
Sep 03, 2023	36008	0	0	0
Sep 04, 2023	36008	0	0	0
Sep 05, 2023	36008	0	0	0
Sep 06, 2023	36562	8	0	0
Sep 07, 2023	36562	0	0	0
Sep 08, 2023	36293	0	0	0
Sep 09, 2023	36293	0	0	0
Sep 10, 2023	36293	0	0	0
Sep 11, 2023	36293	0	0	0
Sep 12, 2023	36293	0	0	0
Sep 13, 2023	36816	5	0	0
Sep 14, 2023	36816	0	0	0
Sep 15, 2023	36605	0	0	0
Sep 16, 2023	36605	0	0	0
Sep 17, 2023	36605	0	0	0
Sep 18, 2023	36605	0	0	0
Sep 19, 2023	36605	0	0	0
Sep 20, 2023	37039	7	0	0
Sep 21, 2023	37039	0	0	0
Sep 22, 2023	37039	0	0	0
Sep 23, 2023	37039	0	0	0
Sep 24, 2023	37039	0	0	0
Sep 25, 2023	37039	0	0	0
Sep 26, 2023	37039	0	0	0
Sep 27, 2023	37448	3	0	0
Sep 28, 2023	37448	0	0	0
Sep 29, 2023	37448	0	0	0
Sep 30, 2023	37448	0	0	0
Oct 01, 2023	37448	0	0	0
Oct 02, 2023	37448	0	0	0
Oct 03, 2023	37448	0	0	0
Oct 04, 2023	37680	0	0	0
Oct 05, 2023	37680	0	0	0
Oct 06, 2023	37680	0	0	0
Oct 07, 2023	37680	0	0	0
Oct 08, 2023	37680	0	0	0
Oct 09, 2023	37680	0	0	0
Oct 10, 2023	37680	0	0	0
Oct 11, 2023	37680	0	0	0
Oct 12, 2023	37680	0	0	0
Oct 13, 2023	37680	0	0	0
Oct 14, 2023	37680	0	0	0
Oct 15, 2023	37680	0	0	0
Oct 16, 2023	37680	0	0	0
Oct 17, 2023	37680	0	0	0
Oct 18, 2023	38277	23	0	0
Oct 19, 2023	38277	0	0	0
Oct 20, 2023	38277	0	0	0
Oct 21, 2023	38277	0	0	0
Oct 22, 2023	38277	0	0	0
Oct 23, 2023	38277	0	0	0
Oct 24, 2023	38277	0	0	0
Oct 25, 2023	37501	2	0	0
Oct 26, 2023	37501	0	0	0
Oct 27, 2023	37501	0	0	0
Oct 28, 2023	37501	0	0	0
Oct 29, 2023	37501	0	0	0
Oct 30, 2023	37501	0	0	0
Oct 31, 2023	37501	0	0	0
Nov 01, 2023	37501	0	0	0
Nov 02, 2023	37501	0	0	0
Nov 03, 2023	38105	11	0	0
Nov 04, 2023	38105	0	0	0
Nov 05, 2023	38105	0	0	0
Nov 06, 2023	38105	0	0	0
Nov 07, 2023	38105	0	0	0
Nov 08, 2023	38105	0	0	0
Nov 09, 2023	38105	0	0	0
Nov 10, 2023	38291	1	0	0
Nov 11, 2023	38291	0	0	0
Nov 12, 2023	38291	0	0	0
Nov 13, 2023	38291	0	0	0
Nov 14, 2023	38291	0	0	0
Nov 15, 2023	38291	0	0	0
Nov 16, 2023	38291	0	0	0
Nov 17, 2023	38371	0	0	0
Nov 18, 2023	38371	0	0	0
Nov 19, 2023	38371	0	0	0
Nov 20, 2023	38350	21	0	0
Nov 21, 2023	38349	1	0	0
Nov 22, 2023	38348	1	0	0
Nov 23, 2023	38348	0	0	0
Nov 24, 2023	38347	1	0	0
Nov 25, 2023	38346	1	0	0
Nov 26, 2023	38344	2	0	0
Nov 27, 2023	38342	2	0	0
Nov 28, 2023	38342	0	0	0
Nov 29, 2023	38341	1	0	0
Nov 30, 2023	38341	0	0	0
Dec 01, 2023	38341	0	0	0
Dec 02, 2023	38341	0	0	0
Dec 03, 2023	38341	0	0	0
Dec 04, 2023	38341	0	0	0
Dec 05, 2023	39605	2	0	0
Dec 06, 2023	39882	0	0	0
Dec 07, 2023	39936	0	0	0
Dec 08, 2023	40017	0	0	0
Dec 09, 2023	37324	0	0	0
Dec 10, 2023	37394	0	0	0
Dec 11, 2023	37470	0	0	0
Dec 12, 2023	37543	0	0	0
Dec 13, 2023	37618	0	0	0
Dec 14, 2023	37686	0	0	0
Dec 15, 2023	37765	0	0	0
Dec 16, 2023	37840	3	0	0
Dec 17, 2023	37894	0	0	0
Dec 18, 2023	37982	1	0	0
Dec 19, 2023	38085	0	0	0
Dec 20, 2023	38177	0	0	0
Dec 21, 2023	38256	1	0	0
Dec 22, 2023	38339	0	0	0
Dec 23, 2023	38409	0	0	0
Dec 24, 2023	38503	1	0	0
Dec 25, 2023	38584	0	0	0
Dec 26, 2023	38694	0	0	0
Dec 27, 2023	38789	0	0	0
Dec 28, 2023	37241	0	0	0
Dec 29, 2023	37300	0	0	0
Dec 30, 2023	37364	7	0	0
Dec 31, 2023	37439	0	0	0
Jan 01, 2024	38148	0	0	0
Jan 02, 2024	37846	10	0	0
Jan 03, 2024	37397	8	0	0
Jan 04, 2024	37514	1	0	0
Jan 05, 2024	37651	3	0	0
Jan 06, 2024	37795	1	0	0
Jan 07, 2024	37948	5	0	0
Jan 08, 2024	38145	4	0	0
Jan 09, 2024	38351	4	0	0
Jan 10, 2024	38587	4	0	0
Jan 11, 2024	38586	3	0	0
Jan 12, 2024	38972	4	0	0
Jan 13, 2024	39154	0	0	0
Jan 14, 2024	39364	0	0	0
Jan 15, 2024	39595	1	0	0
Jan 16, 2024	39779	8	0	0
Jan 17, 2024	39962	2	0	0
Jan 18, 2024	40161	0	0	0
Jan 19, 2024	40379	0	0	0
Jan 20, 2024	40699	0	0	0
Jan 21, 2024	40933	2	0	0
Jan 22, 2024	41204	0	0	0
Jan 23, 2024	41426	0	0	0
Jan 24, 2024	41628	0	0	0
Jan 25, 2024	41852	1	0	0
Jan 26, 2024	42067	1	0	0
Jan 27, 2024	42249	4	0	0
Jan 28, 2024	42426	1	0	0
Jan 29, 2024	42602	0	0	0
Jan 30, 2024	42783	0	0	0
Jan 31, 2024	42947	3	0	0
Feb 01, 2024	43115	0	0	0
Feb 02, 2024	43256	0	0	0
Feb 03, 2024	43383	1	0	0
Feb 04, 2024	43543	0	0	0
Feb 05, 2024	43705	0	0	0
Feb 06, 2024	43863	0	0	0
Feb 07, 2024	44015	0	0	0
Feb 08, 2024	44109	1	0	0
Feb 09, 2024	44222	2	0	0
Feb 10, 2024	44320	0	0	0
Feb 11, 2024	44437	0	0	0
Feb 12, 2024	44543	0	0	0
Feb 13, 2024	44634	1	0	0
Feb 14, 2024	44706	0	0	0
Feb 15, 2024	44760	0	0	0
Feb 16, 2024	44791	1	0	0
Feb 17, 2024	44821	0	0	0
Feb 18, 2024	44821	0	0	0
Feb 19, 2024	44821	0	0	0
Feb 20, 2024	44821	0	0	0
Feb 21, 2024	44821	0	0	0
Feb 22, 2024	44821	0	0	0
Feb 23, 2024	44821	0	0	0
Feb 24, 2024	44821	0	0	0
Feb 25, 2024	44821	0	0	0
Feb 26, 2024	44821	0	0	0
Feb 27, 2024	44821	0	0	0
Feb 28, 2024	44821	0	0	0
Feb 29, 2024	44821	0	0	0
Mar 01, 2024	44821	0	0	0
Mar 02, 2024	44821	0	0	0
Mar 03, 2024	44821	0	0	0
Mar 04, 2024	44821	0	0	0
Mar 05, 2024	44821	0	0	0
Mar 06, 2024	44821	0	0	0
Mar 07, 2024	44821	0	0	0
Mar 08, 2024	44821	0	0	0
Mar 09, 2024	44821	0	0	0
Mar 10, 2024	44821	0	0	0
Mar 11, 2024	44821	0	0	0
Mar 12, 2024	44821	0	0	0
Mar 13, 2024	44821	0	0	0
Mar 14, 2024	44821	0	0	0
Mar 15, 2024	44821	0	0	0
Mar 16, 2024	44821	0	0	0
Mar 17, 2024	44821	0	0	0
Mar 18, 2024	44821	0	0	0
Mar 19, 2024	44821	0	0	0
Mar 20, 2024	44821	0	0	0
Mar 21, 2024	44821	0	0	0
Mar 22, 2024	44821	0	0	0
Mar 23, 2024	44821	0	0	0
