Feb 15, 2020	1	null	0	0
Feb 16, 2020	1	null	0	0
Feb 17, 2020	1	null	0	0
Feb 18, 2020	1	null	0	0
Feb 19, 2020	1	null	0	0
Feb 20, 2020	0	0	0	0
Feb 21, 2020	0	0	0	0
Feb 22, 2020	0	0	0	0
Feb 23, 2020	0	0	0	0
Feb 24, 2020	0	0	0	0
Feb 25, 2020	0	0	0	0
Feb 26, 2020	0	0	0	0
Feb 27, 2020	0	0	0	0
Feb 28, 2020	0	0	0	0
Feb 29, 2020	0	0	0	0
Mar 01, 2020	1	0	0	0
Mar 02, 2020	1	0	0	0
Mar 03, 2020	1	0	0	0
Mar 04, 2020	1	0	0	0
Mar 05, 2020	2	0	0	0
Mar 06, 2020	14	0	0	0
Mar 07, 2020	47	0	0	0
Mar 08, 2020	53	1	0	0
Mar 09, 2020	57	0	0	0
Mar 10, 2020	32	0	0	0
Mar 11, 2020	39	0	0	0
Mar 12, 2020	51	1	0	0
Mar 13, 2020	64	0	0	0
Mar 14, 2020	81	0	0	0
Mar 15, 2020	92	0	0	0
Mar 16, 2020	130	2	0	0
Mar 17, 2020	164	2	0	0
Mar 18, 2020	176	0	0	0
Mar 19, 2020	207	1	0	0
Mar 20, 2020	235	1	0	0
Mar 21, 2020	242	2	0	0
Mar 22, 2020	257	4	0	0
Mar 23, 2020	279	5	0	0
Mar 24, 2020	302	1	0	0
Mar 25, 2020	340	1	0	0
Mar 26, 2020	369	3	0	0
Mar 27, 2020	390	6	0	0
Mar 28, 2020	419	6	0	0
Mar 29, 2020	437	4	0	0
Mar 30, 2020	465	1	0	0
Mar 31, 2020	507	5	0	0
Apr 01, 2020	548	6	0	0
Apr 02, 2020	606	6	0	0
Apr 03, 2020	703	8	0	0
Apr 04, 2020	758	5	0	0
Apr 05, 2020	848	7	0	0
Apr 06, 2020	978	7	0	0
Apr 07, 2020	1080	9	0	0
Apr 08, 2020	1152	9	0	0
Apr 09, 2020	1233	15	0	0
Apr 10, 2020	1275	17	0	0
Apr 11, 2020	1367	11	0	0
Apr 12, 2020	1317	13	0	0
Apr 13, 2020	1437	5	0	0
Apr 14, 2020	1583	14	0	0
Apr 15, 2020	1733	5	0	0
Apr 16, 2020	1881	13	0	0
Apr 17, 2020	1993	9	0	0
Apr 18, 2020	2107	19	0	0
Apr 19, 2020	2173	15	0	0
Apr 20, 2020	2262	11	0	0
Apr 21, 2020	2356	14	0	0
Apr 22, 2020	2448	12	0	0
Apr 23, 2020	2600	11	0	0
Apr 24, 2020	2723	7	0	0
Apr 25, 2020	2898	13	0	0
Apr 26, 2020	3041	10	0	0
Apr 27, 2020	3209	20	0	0
Apr 28, 2020	3379	22	0	0
Apr 29, 2020	3553	21	0	0
Apr 30, 2020	3764	12	0	0
May 01, 2020	4029	14	0	0
May 02, 2020	4256	9	0	0
May 03, 2020	4474	14	0	0
May 04, 2020	4745	7	0	0
May 05, 2020	5019	16	0	0
May 06, 2020	5304	17	0	0
May 07, 2020	5612	13	0	0
May 08, 2020	6028	21	0	0
May 09, 2020	6448	11	0	0
May 10, 2020	6800	11	0	0
May 11, 2020	7041	8	0	0
May 12, 2020	7223	11	0	0
May 13, 2020	7389	12	0	0
May 14, 2020	7632	15	0	0
May 15, 2020	7837	21	0	0
May 16, 2020	8157	20	0	0
May 17, 2020	8427	18	0	0
May 18, 2020	8679	15	0	0
May 19, 2020	9083	14	0	0
May 20, 2020	9555	21	0	0
May 21, 2020	10090	16	0	0
May 22, 2020	10705	11	0	0
May 23, 2020	11150	28	0	0
May 24, 2020	11694	29	0	0
May 25, 2020	12284	19	0	0
May 26, 2020	12932	14	0	0
May 27, 2020	13645	19	0	0
May 28, 2020	14589	29	0	0
May 29, 2020	15692	34	0	0
May 30, 2020	16843	34	0	0
May 31, 2020	17989	46	0	0
Jun 01, 2020	18932	46	0	0
Jun 02, 2020	19657	47	0	0
Jun 03, 2020	20177	36	0	0
Jun 04, 2020	20885	38	0	0
Jun 05, 2020	21791	40	0	0
Jun 06, 2020	22876	32	0	0
Jun 07, 2020	23881	39	0	0
Jun 08, 2020	24798	34	0	0
Jun 09, 2020	25737	35	0	0
Jun 10, 2020	26653	36	0	0
Jun 11, 2020	27658	35	0	0
Jun 12, 2020	28773	45	0	0
Jun 13, 2020	29967	62	0	0
Jun 14, 2020	31092	91	0	0
Jun 15, 2020	32288	97	0	0
Jun 16, 2020	33360	94	0	0
Jun 17, 2020	34228	84	0	0
Jun 18, 2020	34971	88	0	0
Jun 19, 2020	36266	79	0	0
Jun 20, 2020	37325	89	0	0
Jun 21, 2020	38304	87	0	0
Jun 22, 2020	39398	85	0	0
Jun 23, 2020	40241	87	0	0
Jun 24, 2020	41176	85	0	0
Jun 25, 2020	42259	83	0	0
Jun 26, 2020	43398	87	0	0
Jun 27, 2020	44075	88	0	0
Jun 28, 2020	44860	81	0	0
Jun 29, 2020	45931	83	0	0
Jun 30, 2020	46898	81	0	0
Jul 01, 2020	47899	81	0	0
Jul 02, 2020	48891	86	0	0
Jul 03, 2020	49820	81	0	0
Jul 04, 2020	50652	79	0	0
Jul 05, 2020	51184	63	0	0
Jul 06, 2020	51562	79	0	0
Jul 07, 2020	52072	67	0	0
Jul 08, 2020	52499	75	0	0
Jul 09, 2020	52884	53	0	0
Jul 10, 2020	53259	85	0	0
Jul 11, 2020	53513	67	0	0
Jul 12, 2020	53793	89	0	0
Jul 13, 2020	54091	77	0	0
Jul 14, 2020	54378	73	0	0
Jul 15, 2020	54641	59	0	0
Jul 16, 2020	54960	53	0	0
Jul 17, 2020	54984	68	0	0
Jul 18, 2020	55053	63	0	0
Jul 19, 2020	55093	51	0	0
Jul 20, 2020	55126	50	0	0
Jul 21, 2020	55206	47	0	0
Jul 22, 2020	55230	41	0	0
Jul 23, 2020	54867	40	0	0
Jul 24, 2020	54584	38	0	0
Jul 25, 2020	54122	40	0	0
Jul 26, 2020	53625	48	0	0
Jul 27, 2020	52992	46	0	0
Jul 28, 2020	52297	39	0	0
Jul 29, 2020	51603	37	0	0
Jul 30, 2020	50747	46	0	0
Jul 31, 2020	49635	31	0	0
Aug 01, 2020	48345	29	0	0
Aug 02, 2020	47163	31	0	0
Aug 03, 2020	45686	23	0	0
Aug 04, 2020	44271	24	0	0
Aug 05, 2020	42763	18	0	0
Aug 06, 2020	41157	21	0	0
Aug 07, 2020	39623	20	0	0
Aug 08, 2020	38650	21	0	0
Aug 09, 2020	37805	17	0	0
Aug 10, 2020	36852	26	0	0
Aug 11, 2020	35887	24	0	0
Aug 12, 2020	34977	26	0	0
Aug 13, 2020	34111	22	0	0
Aug 14, 2020	33238	17	0	0
Aug 15, 2020	32360	17	0	0
Aug 16, 2020	31572	19	0	0
Aug 17, 2020	30766	13	0	0
Aug 18, 2020	30007	11	0	0
Aug 19, 2020	29164	13	0	0
Aug 20, 2020	28351	15	0	0
Aug 21, 2020	27599	19	0	0
Aug 22, 2020	26876	12	0	0
Aug 23, 2020	26151	19	0	0
Aug 24, 2020	25381	18	0	0
Aug 25, 2020	24604	18	0	0
Aug 26, 2020	23795	19	0	0
Aug 27, 2020	23108	25	0	0
Aug 28, 2020	22504	20	0	0
Aug 29, 2020	21819	14	0	0
Aug 30, 2020	21208	23	0	0
Aug 31, 2020	20589	22	0	0
Sep 01, 2020	19847	19	0	0
Sep 02, 2020	19193	21	0	0
Sep 03, 2020	18531	18	0	0
Sep 04, 2020	17782	16	0	0
Sep 05, 2020	16993	16	0	0
Sep 06, 2020	16225	19	0	0
Sep 07, 2020	15492	11	0	0
Sep 08, 2020	14782	19	0	0
Sep 09, 2020	14137	17	0	0
Sep 10, 2020	13370	13	0	0
Sep 11, 2020	12628	17	0	0
Sep 12, 2020	11968	20	0	0
Sep 13, 2020	11200	21	0	0
Sep 14, 2020	10547	13	0	0
Sep 15, 2020	9916	18	0	0
Sep 16, 2020	9255	17	0	0
Sep 17, 2020	8768	19	0	0
Sep 18, 2020	8081	18	0	0
Sep 19, 2020	7484	17	0	0
Sep 20, 2020	6713	20	0	0
Sep 21, 2020	6022	17	0	0
Sep 22, 2020	5305	19	0	0
Sep 23, 2020	4710	16	0	0
Sep 24, 2020	4034	13	0	0
Sep 25, 2020	3241	18	0	0
Sep 26, 2020	2493	16	0	0
Sep 27, 2020	1877	14	0	0
Sep 28, 2020	1468	18	0	0
Sep 29, 2020	1071	13	0	0
Sep 30, 2020	774	16	0	0
Oct 01, 2020	516	16	0	0
Oct 02, 2020	367	10	0	0
Oct 03, 2020	331	14	0	0
Oct 04, 2020	347	11	0	0
Oct 05, 2020	393	9	0	0
Oct 06, 2020	452	11	0	0
Oct 07, 2020	533	9	0	0
Oct 08, 2020	615	7	0	0
Oct 09, 2020	641	12	0	0
Oct 10, 2020	704	11	0	0
Oct 11, 2020	776	12	0	0
Oct 12, 2020	843	10	0	0
Oct 13, 2020	875	9	0	0
Oct 14, 2020	918	6	0	0
Oct 15, 2020	934	11	0	0
Oct 16, 2020	971	11	0	0
Oct 17, 2020	1031	10	0	0
Oct 18, 2020	1057	11	0	0
Oct 19, 2020	1103	10	0	0
Oct 20, 2020	1150	12	0	0
Oct 21, 2020	1212	13	0	0
Oct 22, 2020	1270	11	0	0
Oct 23, 2020	1341	10	0	0
Oct 24, 2020	1397	11	0	0
Oct 25, 2020	1438	12	0	0
Oct 26, 2020	1515	12	0	0
Oct 27, 2020	1571	11	0	0
Oct 28, 2020	1622	12	0	0
Oct 29, 2020	1689	13	0	0
Oct 30, 2020	1765	11	0	0
Oct 31, 2020	1837	8	0	0
Nov 01, 2020	1903	12	0	0
Nov 02, 2020	1982	13	0	0
Nov 03, 2020	2052	14	0	0
Nov 04, 2020	2137	13	0	0
Nov 05, 2020	2195	11	0	0
Nov 06, 2020	2305	14	0	0
Nov 07, 2020	2368	12	0	0
Nov 08, 2020	2491	13	0	0
Nov 09, 2020	2603	12	0	0
Nov 10, 2020	2720	14	0	0
Nov 11, 2020	2814	11	0	0
Nov 12, 2020	2918	12	0	0
Nov 13, 2020	3043	12	0	0
Nov 14, 2020	3159	13	0	0
Nov 15, 2020	3268	11	0	0
Nov 16, 2020	3365	12	0	0
Nov 17, 2020	3515	16	0	0
Nov 18, 2020	3697	14	0	0
Nov 19, 2020	3883	13	0	0
Nov 20, 2020	4112	13	0	0
Nov 21, 2020	4358	14	0	0
Nov 22, 2020	4598	13	0	0
Nov 23, 2020	4840	12	0	0
Nov 24, 2020	5066	13	0	0
Nov 25, 2020	5321	12	0	0
Nov 26, 2020	5611	11	0	0
Nov 27, 2020	5834	12	0	0
Nov 28, 2020	6072	13	0	0
Nov 29, 2020	6309	15	0	0
Nov 30, 2020	6543	14	0	0
Dec 01, 2020	6821	16	0	0
Dec 02, 2020	7081	28	0	0
Dec 03, 2020	7361	19	0	0
Dec 04, 2020	7660	19	0	0
Dec 05, 2020	7940	18	0	0
Dec 06, 2020	8160	21	0	0
Dec 07, 2020	8354	19	0	0
Dec 08, 2020	8555	23	0	0
Dec 09, 2020	8796	19	0	0
Dec 10, 2020	9012	22	0	0
Dec 11, 2020	9235	23	0	0
Dec 12, 2020	9481	21	0	0
Dec 13, 2020	9780	22	0	0
Dec 14, 2020	10011	23	0	0
Dec 15, 2020	10193	23	0	0
Dec 16, 2020	10444	24	0	0
Dec 17, 2020	10767	25	0	0
Dec 18, 2020	11082	26	0	0
Dec 19, 2020	11341	28	0	0
Dec 20, 2020	11640	29	0	0
Dec 21, 2020	11981	32	0	0
Dec 22, 2020	12331	37	0	0
Dec 23, 2020	12802	42	0	0
Dec 24, 2020	13259	51	0	0
Dec 25, 2020	13832	49	0	0
Dec 26, 2020	14501	43	0	0
Dec 27, 2020	15121	53	0	0
Dec 28, 2020	15998	61	0	0
Dec 29, 2020	16673	54	0	0
Dec 30, 2020	17617	56	0	0
Dec 31, 2020	18326	55	0	0
Jan 01, 2021	18958	56	0	0
Jan 02, 2021	19657	54	0	0
Jan 03, 2021	20484	64	0	0
Jan 04, 2021	21000	58	0	0
Jan 05, 2021	21251	55	0	0
Jan 06, 2021	21640	57	0	0
Jan 07, 2021	22005	54	0	0
Jan 08, 2021	22196	56	0	0
Jan 09, 2021	22363	57	0	0
Jan 10, 2021	22695	55	0	0
Jan 11, 2021	23292	52	0	0
Jan 12, 2021	23784	55	0	0
Jan 13, 2021	24045	58	0	0
Jan 14, 2021	24248	59	0	0
Jan 15, 2021	24355	52	0	0
Jan 16, 2021	24689	54	0	0
Jan 17, 2021	24821	56	0	0
Jan 18, 2021	25146	55	0	0
Jan 19, 2021	25384	58	0	0
Jan 20, 2021	25611	51	0	0
Jan 21, 2021	25743	54	0	0
Jan 22, 2021	26007	52	0	0
Jan 23, 2021	26065	49	0	0
Jan 24, 2021	26361	57	0	0
Jan 25, 2021	26473	53	0	0
Jan 26, 2021	26629	55	0	0
Jan 27, 2021	26683	48	0	0
Jan 28, 2021	26673	54	0	0
Jan 29, 2021	26854	48	0	0
Jan 30, 2021	26862	46	0	0
Jan 31, 2021	26999	53	0	0
Feb 01, 2021	27025	44	0	0
Feb 02, 2021	27092	47	0	0
Feb 03, 2021	27153	53	0	0
Feb 04, 2021	27334	52	0	0
Feb 05, 2021	27405	48	0	0
Feb 06, 2021	27448	44	0	0
Feb 07, 2021	27614	47	0	0
Feb 08, 2021	27810	48	0	0
Feb 09, 2021	27931	52	0	0
Feb 10, 2021	28255	53	0	0
Feb 11, 2021	28429	53	0	0
Feb 12, 2021	28488	42	0	0
Feb 13, 2021	28629	36	0	0
Feb 14, 2021	28859	59	0	0
Feb 15, 2021	29027	56	0	0
Feb 16, 2021	29288	51	0	0
Feb 17, 2021	29446	49	0	0
Feb 18, 2021	29642	51	0	0
Feb 19, 2021	29804	49	0	0
Feb 20, 2021	29951	48	0	0
Feb 21, 2021	29961	55	0	0
Feb 22, 2021	30187	51	0	0
Feb 23, 2021	30281	39	0	0
Feb 24, 2021	30484	52	0	0
Feb 25, 2021	30605	46	0	0
Feb 26, 2021	30724	49	0	0
Feb 27, 2021	30730	49	0	0
Feb 28, 2021	30844	49	0	0
Mar 01, 2021	30927	48	0	0
Mar 02, 2021	31158	42	0	0
Mar 03, 2021	31191	44	0	0
Mar 04, 2021	31274	49	0	0
Mar 05, 2021	31275	45	0	0
Mar 06, 2021	31393	38	0	0
Mar 07, 2021	31489	41	0	0
Mar 08, 2021	31571	43	0	0
Mar 09, 2021	31717	44	0	0
Mar 10, 2021	31815	46	0	0
Mar 11, 2021	31908	41	0	0
Mar 12, 2021	31991	45	0	0
Mar 13, 2021	32221	42	0	0
Mar 14, 2021	32390	44	0	0
Mar 15, 2021	32448	40	0	0
Mar 16, 2021	32722	44	0	0
Mar 17, 2021	32985	47	0	0
Mar 18, 2021	33187	41	0	0
Mar 19, 2021	33359	40	0	0
Mar 20, 2021	33725	45	0	0
Mar 21, 2021	33886	41	0	0
Mar 22, 2021	34000	39	0	0
Mar 23, 2021	34105	43	0	0
Mar 24, 2021	34186	40	0	0
Mar 25, 2021	34478	48	0	0
Mar 26, 2021	34679	36	0	0
Mar 27, 2021	34877	41	0	0
Mar 28, 2021	34993	37	0	0
Mar 29, 2021	35195	32	0	0
Mar 30, 2021	35282	42	0	0
Mar 31, 2021	35442	39	0	0
Apr 01, 2021	35786	46	0	0
Apr 02, 2021	36014	43	0	0
Apr 03, 2021	36247	39	0	0
Apr 04, 2021	36583	40	0	0
Apr 05, 2021	36948	47	0	0
Apr 06, 2021	37251	43	0	0
Apr 07, 2021	37553	37	0	0
Apr 08, 2021	37870	33	0	0
Apr 09, 2021	38060	39	0	0
Apr 10, 2021	38218	43	0	0
Apr 11, 2021	38545	40	0	0
Apr 12, 2021	38821	42	0	0
Apr 13, 2021	39173	39	0	0
Apr 14, 2021	39360	44	0	0
Apr 15, 2021	39717	41	0	0
Apr 16, 2021	39816	42	0	0
Apr 17, 2021	40076	41	0	0
Apr 18, 2021	40117	44	0	0
Apr 19, 2021	40596	40	0	0
Apr 20, 2021	40853	42	0	0
Apr 21, 2021	41233	46	0	0
Apr 22, 2021	41512	48	0	0
Apr 23, 2021	41675	45	0	0
Apr 24, 2021	42115	39	0	0
Apr 25, 2021	42450	51	0	0
Apr 26, 2021	42507	58	0	0
Apr 27, 2021	42684	61	0	0
Apr 28, 2021	43001	51	0	0
Apr 29, 2021	43245	59	0	0
Apr 30, 2021	43440	61	0	0
May 01, 2021	43640	63	0	0
May 02, 2021	43824	67	0	0
May 03, 2021	44408	62	0	0
May 04, 2021	44871	60	0	0
May 05, 2021	45033	64	0	0
May 06, 2021	45184	59	0	0
May 07, 2021	45433	65	0	0
May 08, 2021	46064	66	0	0
May 09, 2021	46743	59	0	0
May 10, 2021	47148	68	0	0
May 11, 2021	47466	61	0	0
May 12, 2021	48031	58	0	0
May 13, 2021	48709	59	0	0
May 14, 2021	49294	56	0	0
May 15, 2021	49674	63	0	0
May 16, 2021	49916	58	0	0
May 17, 2021	50497	61	0	0
May 18, 2021	50944	53	0	0
May 19, 2021	51044	57	0	0
May 20, 2021	51459	61	0	0
May 21, 2021	51685	52	0	0
May 22, 2021	51797	59	0	0
May 23, 2021	52436	51	0	0
May 24, 2021	52772	45	0	0
May 25, 2021	53626	41	0	0
May 26, 2021	53858	43	0	0
May 27, 2021	54027	54	0	0
May 28, 2021	54336	46	0	0
May 29, 2021	54183	51	0	0
May 30, 2021	55144	46	0	0
May 31, 2021	55442	49	0	0
Jun 01, 2021	55647	40	0	0
Jun 02, 2021	55888	42	0	0
Jun 03, 2021	55976	44	0	0
Jun 04, 2021	56010	46	0	0
Jun 05, 2021	55991	41	0	0
Jun 06, 2021	56016	43	0	0
Jun 07, 2021	56074	47	0	0
Jun 08, 2021	56258	38	0	0
Jun 09, 2021	56189	34	0	0
Jun 10, 2021	56252	39	0	0
Jun 11, 2021	56393	37	0	0
Jun 12, 2021	56636	35	0	0
Jun 13, 2021	56521	41	0	0
Jun 14, 2021	56402	31	0	0
Jun 15, 2021	56063	37	0	0
Jun 16, 2021	56094	32	0	0
Jun 17, 2021	56039	37	0	0
Jun 18, 2021	55698	31	0	0
Jun 19, 2021	55770	38	0	0
Jun 20, 2021	55816	30	0	0
Jun 21, 2021	55846	39	0	0
Jun 22, 2021	55508	37	0	0
Jun 23, 2021	55383	32	0	0
Jun 24, 2021	54990	35	0	0
Jun 25, 2021	54608	29	0	0
Jun 26, 2021	54548	31	0	0
Jun 27, 2021	54250	30	0	0
Jun 28, 2021	54163	33	0	0
Jun 29, 2021	54078	23	0	0
Jun 30, 2021	53729	21	0	0
Jul 01, 2021	53271	25	0	0
Jul 02, 2021	52782	21	0	0
Jul 03, 2021	52033	27	0	0
Jul 04, 2021	51731	22	0	0
Jul 05, 2021	51121	20	0	0
Jul 06, 2021	50696	22	0	0
Jul 07, 2021	50033	26	0	0
Jul 08, 2021	49404	19	0	0
Jul 09, 2021	49172	17	0	0
Jul 10, 2021	48846	15	0	0
Jul 11, 2021	48294	13	0	0
Jul 12, 2021	47518	7	0	0
Jul 13, 2021	47383	9	0	0
Jul 14, 2021	46461	6	0	0
Jul 15, 2021	45549	7	0	0
Jul 16, 2021	44821	6	0	0
Jul 17, 2021	43984	8	0	0
Jul 18, 2021	43612	7	0	0
Jul 19, 2021	43011	6	0	0
Jul 20, 2021	42288	5	0	0
Jul 21, 2021	41528	8	0	0
Jul 22, 2021	40901	5	0	0
Jul 23, 2021	40402	7	0	0
Jul 24, 2021	40014	4	0	0
Jul 25, 2021	39925	6	0	0
Jul 26, 2021	39595	7	0	0
Jul 27, 2021	38968	4	0	0
Jul 28, 2021	38785	9	0	0
Jul 29, 2021	38489	7	0	0
Jul 30, 2021	37985	4	0	0
Jul 31, 2021	37370	6	0	0
Aug 01, 2021	37084	4	0	0
Aug 02, 2021	36568	7	0	0
Aug 03, 2021	35815	5	0	0
Aug 04, 2021	35743	10	0	0
Aug 05, 2021	35686	7	0	0
Aug 06, 2021	35417	5	0	0
Aug 07, 2021	35250	4	0	0
Aug 08, 2021	34904	9	0	0
Aug 09, 2021	34909	7	0	0
Aug 10, 2021	34882	6	0	0
Aug 11, 2021	34852	9	0	0
Aug 12, 2021	34728	7	0	0
Aug 13, 2021	34777	5	0	0
Aug 14, 2021	34761	6	0	0
Aug 15, 2021	34625	4	0	0
Aug 16, 2021	34590	6	0	0
Aug 17, 2021	34498	5	0	0
Aug 18, 2021	34184	8	0	0
Aug 19, 2021	33867	9	0	0
Aug 20, 2021	33917	7	0	0
Aug 21, 2021	33870	9	0	0
Aug 22, 2021	33817	8	0	0
Aug 23, 2021	33790	5	0	0
Aug 24, 2021	33824	7	0	0
Aug 25, 2021	33708	8	0	0
Aug 26, 2021	33402	10	0	0
Aug 27, 2021	33302	5	0	0
Aug 28, 2021	33113	8	0	0
Aug 29, 2021	32929	7	0	0
Aug 30, 2021	32855	6	0	0
Aug 31, 2021	32362	9	0	0
Sep 01, 2021	32103	7	0	0
Sep 02, 2021	31955	12	0	0
Sep 03, 2021	31611	11	0	0
Sep 04, 2021	31493	10	0	0
Sep 05, 2021	31274	13	0	0
Sep 06, 2021	30971	12	0	0
Sep 07, 2021	30665	10	0	0
Sep 08, 2021	30286	13	0	0
Sep 09, 2021	29956	12	0	0
Sep 10, 2021	29846	11	0	0
Sep 11, 2021	29541	13	0	0
Sep 12, 2021	29360	11	0	0
Sep 13, 2021	29438	14	0	0
Sep 14, 2021	29606	10	0	0
Sep 15, 2021	29626	13	0	0
Sep 16, 2021	29705	13	0	0
Sep 17, 2021	29622	14	0	0
Sep 18, 2021	29532	16	0	0
Sep 19, 2021	29655	19	0	0
Sep 20, 2021	29924	22	0	0
Sep 21, 2021	29885	24	0	0
Sep 22, 2021	30043	27	0	0
Sep 23, 2021	30165	31	0	0
Sep 24, 2021	29897	36	0	0
Sep 25, 2021	29736	39	0	0
Sep 26, 2021	29967	38	0	0
Sep 27, 2021	30044	37	0	0
Sep 28, 2021	30124	39	0	0
Sep 29, 2021	30022	31	0	0
Sep 30, 2021	30307	37	0	0
Oct 01, 2021	30194	36	0	0
Oct 02, 2021	30379	32	0	0
Oct 03, 2021	30415	37	0	0
Oct 04, 2021	30453	33	0	0
Oct 05, 2021	30299	39	0	0
Oct 06, 2021	30400	37	0	0
Oct 07, 2021	30738	39	0	0
Oct 08, 2021	31083	35	0	0
Oct 09, 2021	31264	39	0	0
Oct 10, 2021	31161	37	0	0
Oct 11, 2021	31188	31	0	0
Oct 12, 2021	31587	39	0	0
Oct 13, 2021	31508	41	0	0
Oct 14, 2021	31552	40	0	0
Oct 15, 2021	31472	38	0	0
Oct 16, 2021	31449	42	0	0
Oct 17, 2021	31643	44	0	0
Oct 18, 2021	31842	45	0	0
Oct 19, 2021	31956	43	0	0
Oct 20, 2021	32006	47	0	0
Oct 21, 2021	32024	46	0	0
Oct 22, 2021	32152	44	0	0
Oct 23, 2021	32337	47	0	0
Oct 24, 2021	32327	43	0	0
Oct 25, 2021	32413	48	0	0
Oct 26, 2021	32367	42	0	0
Oct 27, 2021	32500	53	0	0
Oct 28, 2021	32925	55	0	0
Oct 29, 2021	33368	52	0	0
Oct 30, 2021	33869	57	0	0
Oct 31, 2021	34099	59	0	0
Nov 01, 2021	34078	60	0	0
Nov 02, 2021	34297	58	0	0
Nov 03, 2021	34446	63	0	0
Nov 04, 2021	34537	57	0	0
Nov 05, 2021	34860	60	0	0
Nov 06, 2021	35057	62	0	0
Nov 07, 2021	35184	65	0	0
Nov 08, 2021	35537	54	0	0
Nov 09, 2021	35783	56	0	0
Nov 10, 2021	36027	63	0	0
Nov 11, 2021	36264	60	0	0
Nov 12, 2021	36383	57	0	0
Nov 13, 2021	36700	69	0	0
Nov 14, 2021	36780	64	0	0
Nov 15, 2021	37226	68	0	0
Nov 16, 2021	37333	69	0	0
Nov 17, 2021	37568	71	0	0
Nov 18, 2021	37987	73	0	0
Nov 19, 2021	38129	31	0	0
Nov 20, 2021	38427	61	0	0
Nov 21, 2021	38484	61	0	0
Nov 22, 2021	38621	58	0	0
Nov 23, 2021	38697	61	0	0
Nov 24, 2021	39302	57	0	0
Nov 25, 2021	39397	63	0	0
Nov 26, 2021	39696	65	0	0
Nov 27, 2021	40028	68	0	0
Nov 28, 2021	40204	42	0	0
Nov 29, 2021	40320	65	0	0
Nov 30, 2021	40568	62	0	0
Dec 01, 2021	40895	63	0	0
Dec 02, 2021	40976	57	0	0
Dec 03, 2021	41291	49	0	0
Dec 04, 2021	41141	39	0	0
Dec 05, 2021	41127	45	0	0
Dec 06, 2021	41004	43	0	0
Dec 07, 2021	40733	51	0	0
Dec 08, 2021	40798	56	0	0
Dec 09, 2021	40968	42	0	0
Dec 10, 2021	40838	47	0	0
Dec 11, 2021	41214	49	0	0
Dec 12, 2021	41533	45	0	0
Dec 13, 2021	40967	44	0	0
Dec 14, 2021	40835	51	0	0
Dec 15, 2021	41141	48	0	0
Dec 16, 2021	41316	31	0	0
Dec 17, 2021	41483	43	0	0
Dec 18, 2021	41459	38	0	0
Dec 19, 2021	41678	46	0	0
Dec 20, 2021	41772	49	0	0
Dec 21, 2021	41842	47	0	0
Dec 22, 2021	42008	43	0	0
Dec 23, 2021	42339	10	0	0
Dec 24, 2021	42212	36	0	0
Dec 25, 2021	42293	25	0	0
Dec 26, 2021	42536	37	0	0
Dec 27, 2021	42810	31	0	0
Dec 28, 2021	42880	28	0	0
Dec 29, 2021	42937	28	0	0
Dec 30, 2021	42977	32	0	0
Dec 31, 2021	43260	25	0	0
Jan 01, 2022	43458	16	0	0
Jan 02, 2022	43794	29	0	0
Jan 03, 2022	43885	20	0	0
Jan 04, 2022	43814	19	0	0
Jan 05, 2022	43678	27	0	0
Jan 06, 2022	43987	19	0	0
Jan 07, 2022	43842	27	0	0
Jan 08, 2022	43742	29	0	0
Jan 09, 2022	43749	26	0	0
Jan 10, 2022	43762	31	0	0
Jan 11, 2022	43769	19	0	0
Jan 12, 2022	43844	28	0	0
Jan 13, 2022	43922	21	0	0
Jan 14, 2022	44074	34	0	0
Jan 15, 2022	44225	26	0	0
Jan 16, 2022	44399	25	0	0
Jan 17, 2022	44500	31	0	0
Jan 18, 2022	44378	26	0	0
Jan 19, 2022	44125	33	0	0
Jan 20, 2022	43874	22	0	0
Jan 21, 2022	43578	29	0	0
Jan 22, 2022	43403	41	0	0
Jan 23, 2022	43759	38	0	0
Jan 24, 2022	43579	28	0	0
Jan 25, 2022	43570	35	0	0
Jan 26, 2022	43581	29	0	0
Jan 27, 2022	43539	36	0	0
Jan 28, 2022	43529	26	0	0
Jan 29, 2022	44612	44	0	0
Jan 30, 2022	44810	38	0	0
Jan 31, 2022	45111	31	0	0
Feb 01, 2022	44995	48	0	0
Feb 02, 2022	45220	52	0	0
Feb 03, 2022	45453	45	0	0
Feb 04, 2022	45207	39	0	0
Feb 05, 2022	45462	58	0	0
Feb 06, 2022	44383	59	0	0
Feb 07, 2022	44451	57	0	0
Feb 08, 2022	43464	60	0	0
Feb 09, 2022	43170	57	0	0
Feb 10, 2022	43288	62	0	0
Feb 11, 2022	43285	61	0	0
Feb 12, 2022	44139	59	0	0
Feb 13, 2022	43903	57	0	0
Feb 14, 2022	44729	60	0	0
Feb 15, 2022	45244	56	0	0
Feb 16, 2022	44526	54	0	0
Feb 17, 2022	44555	61	0	0
Feb 18, 2022	44573	52	0	0
Feb 19, 2022	44993	62	0	0
Feb 20, 2022	44823	58	0	0
Feb 21, 2022	45533	54	0	0
Feb 22, 2022	45625	51	0	0
Feb 23, 2022	45345	32	0	0
Feb 24, 2022	45152	38	0	0
Feb 25, 2022	45279	30	0	0
Feb 26, 2022	45787	35	0	0
Feb 27, 2022	46047	48	0	0
Feb 28, 2022	46215	34	0	0
Mar 01, 2022	45493	36	0	0
Mar 02, 2022	45778	22	0	0
Mar 03, 2022	46014	17	0	0
Mar 04, 2022	46139	13	0	0
Mar 05, 2022	45810	10	0	0
Mar 06, 2022	45557	25	0	0
Mar 07, 2022	45447	25	0	0
Mar 08, 2022	45395	22	0	0
Mar 09, 2022	45944	13	0	0
Mar 10, 2022	46152	12	0	0
Mar 11, 2022	46265	8	0	0
Mar 12, 2022	46275	12	0	0
Mar 13, 2022	46285	12	0	0
Mar 14, 2022	46295	12	0	0
Mar 15, 2022	46305	12	0	0
Mar 16, 2022	46315	12	0	0
Mar 17, 2022	46325	12	0	0
Mar 18, 2022	46330	12	0	0
Mar 19, 2022	46332	8	0	0
Mar 20, 2022	46334	8	0	0
Mar 21, 2022	46336	8	0	0
Mar 22, 2022	46338	8	0	0
Mar 23, 2022	46340	8	0	0
Mar 24, 2022	46342	8	0	0
Mar 25, 2022	46344	8	0	0
Mar 26, 2022	46895	8	0	0
Mar 27, 2022	47446	8	0	0
Mar 28, 2022	47997	8	0	0
Mar 29, 2022	48548	8	0	0
Mar 30, 2022	49099	8	0	0
Mar 31, 2022	49650	8	0	0
Apr 01, 2022	50201	8	0	0
Apr 02, 2022	46107	7	0	0
Apr 03, 2022	45968	7	0	0
Apr 04, 2022	45829	7	0	0
Apr 05, 2022	45690	7	0	0
Apr 06, 2022	45551	7	0	0
Apr 07, 2022	45412	7	0	0
Apr 08, 2022	45273	7	0	0
Apr 09, 2022	45391	6	0	0
Apr 10, 2022	45509	6	0	0
Apr 11, 2022	45627	6	0	0
Apr 12, 2022	45745	6	0	0
Apr 13, 2022	45863	6	0	0
Apr 14, 2022	45981	6	0	0
Apr 15, 2022	48850	55	0	0
Apr 16, 2022	48850	0	0	0
Apr 17, 2022	48850	0	0	0
Apr 18, 2022	48850	0	0	0
Apr 19, 2022	48850	0	0	0
Apr 20, 2022	48850	0	0	0
Apr 21, 2022	48850	0	0	0
Apr 22, 2022	48850	0	0	0
Apr 23, 2022	48850	0	0	0
Apr 24, 2022	48850	0	0	0
Apr 25, 2022	48850	0	0	0
Apr 26, 2022	48850	0	0	0
Apr 27, 2022	48850	0	0	0
Apr 28, 2022	48850	0	0	0
Apr 29, 2022	48850	0	0	0
Apr 30, 2022	48850	0	0	0
May 01, 2022	48850	0	0	0
May 02, 2022	48850	0	0	0
May 03, 2022	48850	0	0	0
May 04, 2022	48850	0	0	0
May 05, 2022	48850	0	0	0
May 06, 2022	48850	0	0	0
May 07, 2022	48850	0	0	0
May 08, 2022	48850	0	0	0
May 09, 2022	48850	0	0	0
May 10, 2022	48850	0	0	0
May 11, 2022	48850	0	0	0
May 12, 2022	48850	0	0	0
May 13, 2022	48850	0	0	0
May 14, 2022	48850	0	0	0
May 15, 2022	48850	0	0	0
May 16, 2022	48850	0	0	0
May 17, 2022	48850	0	0	0
May 18, 2022	48850	0	0	0
May 19, 2022	48850	0	0	0
May 20, 2022	48850	0	0	0
May 21, 2022	48850	0	0	0
May 22, 2022	48850	0	0	0
May 23, 2022	48850	0	0	0
May 24, 2022	48850	0	0	0
May 25, 2022	48850	0	0	0
May 26, 2022	48850	0	0	0
May 27, 2022	48850	0	0	0
May 28, 2022	48850	0	0	0
May 29, 2022	48850	0	0	0
May 30, 2022	48850	0	0	0
May 31, 2022	48850	0	0	0
Jun 01, 2022	48850	0	0	0
Jun 02, 2022	48850	0	0	0
Jun 03, 2022	48850	0	0	0
Jun 04, 2022	48850	0	0	0
Jun 05, 2022	48850	0	0	0
Jun 06, 2022	48850	0	0	0
Jun 07, 2022	48850	0	0	0
Jun 08, 2022	48850	0	0	0
Jun 09, 2022	48850	0	0	0
Jun 10, 2022	48850	0	0	0
Jun 11, 2022	48850	0	0	0
Jun 12, 2022	48850	0	0	0
Jun 13, 2022	48850	0	0	0
Jun 14, 2022	48850	0	0	0
Jun 15, 2022	48850	0	0	0
Jun 16, 2022	48850	0	0	0
Jun 17, 2022	48850	0	0	0
Jun 18, 2022	48850	0	0	0
Jun 19, 2022	48850	0	0	0
Jun 20, 2022	48850	0	0	0
Jun 21, 2022	48850	0	0	0
Jun 22, 2022	48850	0	0	0
Jun 23, 2022	48850	0	0	0
Jun 24, 2022	48850	0	0	0
Jun 25, 2022	48850	0	0	0
Jun 26, 2022	48850	0	0	0
Jun 27, 2022	48850	0	0	0
Jun 28, 2022	48850	0	0	0
Jun 29, 2022	48850	0	0	0
Jun 30, 2022	48850	0	0	0
Jul 01, 2022	48850	0	0	0
Jul 02, 2022	48850	0	0	0
Jul 03, 2022	48850	0	0	0
Jul 04, 2022	48850	0	0	0
Jul 05, 2022	48850	0	0	0
Jul 06, 2022	48850	0	0	0
Jul 07, 2022	48850	0	0	0
Jul 08, 2022	48850	0	0	0
Jul 09, 2022	48850	0	0	0
Jul 10, 2022	48850	0	0	0
Jul 11, 2022	48850	0	0	0
Jul 12, 2022	48850	0	0	0
Jul 13, 2022	48850	0	0	0
Jul 14, 2022	48850	0	0	0
Jul 15, 2022	48850	0	0	0
Jul 16, 2022	48850	0	0	0
Jul 17, 2022	48850	0	0	0
Jul 18, 2022	48850	0	0	0
Jul 19, 2022	48850	0	0	0
Jul 20, 2022	48850	0	0	0
Jul 21, 2022	48850	0	0	0
Jul 22, 2022	48850	0	0	0
Jul 23, 2022	48850	0	0	0
Jul 24, 2022	48850	0	0	0
Jul 25, 2022	48850	0	0	0
Jul 26, 2022	48850	0	0	0
Jul 27, 2022	48850	0	0	0
Jul 28, 2022	48850	0	0	0
Jul 29, 2022	48850	0	0	0
Jul 30, 2022	48850	0	0	0
Jul 31, 2022	48850	0	0	0
Aug 01, 2022	48850	0	0	0
Aug 02, 2022	48850	0	0	0
Aug 03, 2022	48850	0	0	0
Aug 04, 2022	48850	0	0	0
Aug 05, 2022	48850	0	0	0
Aug 06, 2022	48850	0	0	0
Aug 07, 2022	48850	0	0	0
Aug 08, 2022	48850	0	0	0
Aug 09, 2022	48850	0	0	0
Aug 10, 2022	48850	0	0	0
Aug 11, 2022	48850	0	0	0
Aug 12, 2022	48850	0	0	0
Aug 13, 2022	48850	0	0	0
Aug 14, 2022	48850	0	0	0
Aug 15, 2022	48850	0	0	0
Aug 16, 2022	48850	0	0	0
Aug 17, 2022	48850	0	0	0
Aug 18, 2022	48850	0	0	0
Aug 19, 2022	48850	0	0	0
Aug 20, 2022	48850	0	0	0
Aug 21, 2022	48850	0	0	0
Aug 22, 2022	48850	0	0	0
Aug 23, 2022	48850	0	0	0
Aug 24, 2022	48850	0	0	0
Aug 25, 2022	48850	0	0	0
Aug 26, 2022	48850	0	0	0
Aug 27, 2022	48850	0	0	0
Aug 28, 2022	48850	0	0	0
Aug 29, 2022	48850	0	0	0
Aug 30, 2022	48850	0	0	0
Aug 31, 2022	48850	0	0	0
Sep 01, 2022	48850	0	0	0
Sep 02, 2022	48850	0	0	0
Sep 03, 2022	48850	0	0	0
Sep 04, 2022	48850	0	0	0
Sep 05, 2022	48850	0	0	0
Sep 06, 2022	48850	0	0	0
Sep 07, 2022	48850	0	0	0
Sep 08, 2022	48850	0	0	0
Sep 09, 2022	48850	0	0	0
Sep 10, 2022	48850	0	0	0
Sep 11, 2022	48850	0	0	0
Sep 12, 2022	48850	0	0	0
Sep 13, 2022	48850	0	0	0
Sep 14, 2022	48850	0	0	0
Sep 15, 2022	48850	0	0	0
Sep 16, 2022	48850	0	0	0
Sep 17, 2022	48850	0	0	0
Sep 18, 2022	48850	0	0	0
Sep 19, 2022	48850	0	0	0
Sep 20, 2022	48850	0	0	0
Sep 21, 2022	48850	0	0	0
Sep 22, 2022	48850	0	0	0
Sep 23, 2022	48850	0	0	0
Sep 24, 2022	48850	0	0	0
Sep 25, 2022	48850	0	0	0
Sep 26, 2022	48850	0	0	0
Sep 27, 2022	48850	0	0	0
Sep 28, 2022	48850	0	0	0
Sep 29, 2022	48850	0	0	0
Sep 30, 2022	48850	0	0	0
Oct 01, 2022	48850	0	0	0
Oct 02, 2022	48850	0	0	0
Oct 03, 2022	48850	0	0	0
Oct 04, 2022	48850	0	0	0
Oct 05, 2022	48850	0	0	0
Oct 06, 2022	48850	0	0	0
Oct 07, 2022	48850	0	0	0
Oct 08, 2022	48850	0	0	0
Oct 09, 2022	48850	0	0	0
Oct 10, 2022	48850	0	0	0
Oct 11, 2022	48850	0	0	0
Oct 12, 2022	48850	0	0	0
Oct 13, 2022	48850	0	0	0
Oct 14, 2022	48850	0	0	0
Oct 15, 2022	48850	0	0	0
Oct 16, 2022	48850	0	0	0
Oct 17, 2022	48850	0	0	0
Oct 18, 2022	48850	0	0	0
Oct 19, 2022	48850	0	0	0
Oct 20, 2022	48850	0	0	0
Oct 21, 2022	48850	0	0	0
Oct 22, 2022	48850	0	0	0
Oct 23, 2022	48850	0	0	0
Oct 24, 2022	48850	0	0	0
Oct 25, 2022	48850	0	0	0
Oct 26, 2022	48850	0	0	0
Oct 27, 2022	48850	0	0	0
Oct 28, 2022	48850	0	0	0
Oct 29, 2022	48850	0	0	0
Oct 30, 2022	48850	0	0	0
Oct 31, 2022	48850	0	0	0
Nov 01, 2022	48850	0	0	0
Nov 02, 2022	48850	0	0	0
Nov 03, 2022	48850	0	0	0
Nov 04, 2022	48850	0	0	0
Nov 05, 2022	48850	0	0	0
Nov 06, 2022	48850	0	0	0
Nov 07, 2022	48850	0	0	0
Nov 08, 2022	48850	0	0	0
Nov 09, 2022	48850	0	0	0
Nov 10, 2022	48850	0	0	0
Nov 11, 2022	48850	0	0	0
Nov 12, 2022	48850	0	0	0
Nov 13, 2022	48850	0	0	0
Nov 14, 2022	48850	0	0	0
Nov 15, 2022	48850	0	0	0
Nov 16, 2022	48850	0	0	0
Nov 17, 2022	48850	0	0	0
Nov 18, 2022	48850	0	0	0
Nov 19, 2022	48850	0	0	0
Nov 20, 2022	48850	0	0	0
Nov 21, 2022	48850	0	0	0
Nov 22, 2022	48850	0	0	0
Nov 23, 2022	48850	0	0	0
Nov 24, 2022	48850	0	0	0
Nov 25, 2022	48850	0	0	0
Nov 26, 2022	48850	0	0	0
Nov 27, 2022	48850	0	0	0
Nov 28, 2022	48850	0	0	0
Nov 29, 2022	48850	0	0	0
Nov 30, 2022	48850	0	0	0
Dec 01, 2022	48850	0	0	0
Dec 02, 2022	48850	0	0	0
Dec 03, 2022	48850	0	0	0
Dec 04, 2022	48850	0	0	0
Dec 05, 2022	48850	0	0	0
Dec 06, 2022	48850	0	0	0
Dec 07, 2022	48850	0	0	0
Dec 08, 2022	48850	0	0	0
Dec 09, 2022	48850	0	0	0
Dec 10, 2022	48850	0	0	0
Dec 11, 2022	48850	0	0	0
Dec 12, 2022	48850	0	0	0
Dec 13, 2022	48850	0	0	0
Dec 14, 2022	48850	0	0	0
Dec 15, 2022	48850	0	0	0
Dec 16, 2022	48850	0	0	0
Dec 17, 2022	48850	0	0	0
Dec 18, 2022	48850	0	0	0
Dec 19, 2022	48850	0	0	0
Dec 20, 2022	48850	0	0	0
Dec 21, 2022	48850	0	0	0
Dec 22, 2022	48850	0	0	0
Dec 23, 2022	48850	0	0	0
Dec 24, 2022	48850	0	0	0
Dec 25, 2022	48850	0	0	0
Dec 26, 2022	48850	0	0	0
Dec 27, 2022	48850	0	0	0
Dec 28, 2022	48850	0	0	0
Dec 29, 2022	48850	0	0	0
Dec 30, 2022	48850	0	0	0
Dec 31, 2022	48850	0	0	0
Jan 01, 2023	48850	0	0	0
Jan 02, 2023	48850	0	0	0
Jan 03, 2023	48850	0	0	0
Jan 04, 2023	48850	0	0	0
Jan 05, 2023	48850	0	0	0
Jan 06, 2023	48850	0	0	0
Jan 07, 2023	48850	0	0	0
Jan 08, 2023	48850	0	0	0
Jan 09, 2023	48850	0	0	0
Jan 10, 2023	48850	0	0	0
Jan 11, 2023	48850	0	0	0
Jan 12, 2023	48850	0	0	0
Jan 13, 2023	48850	0	0	0
Jan 14, 2023	48850	0	0	0
Jan 15, 2023	48850	0	0	0
Jan 16, 2023	48850	0	0	0
Jan 17, 2023	48850	0	0	0
Jan 18, 2023	48850	0	0	0
Jan 19, 2023	48850	0	0	0
Jan 20, 2023	48850	0	0	0
Jan 21, 2023	48850	0	0	0
Jan 22, 2023	48850	0	0	0
Jan 23, 2023	48850	0	0	0
Jan 24, 2023	48850	0	0	0
Jan 25, 2023	48850	0	0	0
Jan 26, 2023	48850	0	0	0
Jan 27, 2023	48850	0	0	0
Jan 28, 2023	48850	0	0	0
Jan 29, 2023	48850	0	0	0
Jan 30, 2023	48850	0	0	0
Jan 31, 2023	48850	0	0	0
Feb 01, 2023	48850	0	0	0
Feb 02, 2023	48850	0	0	0
Feb 03, 2023	48850	0	0	0
Feb 04, 2023	48850	0	0	0
Feb 05, 2023	48850	0	0	0
Feb 06, 2023	48850	0	0	0
Feb 07, 2023	48850	0	0	0
Feb 08, 2023	48871	0	0	0
Feb 09, 2023	48871	0	0	0
Feb 10, 2023	48871	0	0	0
Feb 11, 2023	48871	0	0	0
Feb 12, 2023	48871	0	0	0
Feb 13, 2023	48903	0	0	0
Feb 14, 2023	48903	0	0	0
Feb 15, 2023	48903	0	0	0
Feb 16, 2023	48903	0	0	0
Feb 17, 2023	48903	0	0	0
Feb 18, 2023	48903	0	0	0
Feb 19, 2023	48903	0	0	0
Feb 20, 2023	48903	0	0	0
Feb 21, 2023	48903	0	0	0
Feb 22, 2023	48903	0	0	0
Feb 23, 2023	48903	0	0	0
Feb 24, 2023	48903	0	0	0
Feb 25, 2023	48903	0	0	0
Feb 26, 2023	48903	0	0	0
Feb 27, 2023	48903	0	0	0
Feb 28, 2023	48903	0	0	0
Mar 01, 2023	48903	0	0	0
Mar 02, 2023	48903	0	0	0
Mar 03, 2023	48903	0	0	0
Mar 04, 2023	48903	0	0	0
Mar 05, 2023	48903	0	0	0
Mar 06, 2023	48903	0	0	0
Mar 07, 2023	48903	0	0	0
Mar 08, 2023	48964	0	0	0
Mar 09, 2023	48964	0	0	0
Mar 10, 2023	48964	0	0	0
Mar 11, 2023	48964	0	0	0
Mar 12, 2023	48964	0	0	0
Mar 13, 2023	48964	0	0	0
Mar 14, 2023	48997	0	0	0
Mar 15, 2023	48997	0	0	0
Mar 16, 2023	48997	0	0	0
Mar 17, 2023	48997	0	0	0
Mar 18, 2023	48997	0	0	0
Mar 19, 2023	48997	0	0	0
Mar 20, 2023	48997	0	0	0
Mar 21, 2023	48997	0	0	0
Mar 22, 2023	49057	0	0	0
Mar 23, 2023	49057	0	0	0
Mar 24, 2023	49057	0	0	0
Mar 25, 2023	49057	0	0	0
Mar 26, 2023	49057	0	0	0
Mar 27, 2023	49057	0	0	0
Mar 28, 2023	49057	0	0	0
Mar 29, 2023	49087	0	0	0
Mar 30, 2023	49087	0	0	0
Mar 31, 2023	49087	0	0	0
Apr 01, 2023	49087	0	0	0
Apr 02, 2023	49087	0	0	0
Apr 03, 2023	49087	0	0	0
Apr 04, 2023	49087	0	0	0
Apr 05, 2023	49087	0	0	0
Apr 06, 2023	49087	0	0	0
Apr 07, 2023	49087	0	0	0
Apr 08, 2023	49087	0	0	0
Apr 09, 2023	49087	0	0	0
Apr 10, 2023	49087	0	0	0
Apr 11, 2023	49087	0	0	0
Apr 12, 2023	49118	0	0	0
Apr 13, 2023	49118	0	0	0
Apr 14, 2023	49118	0	0	0
Apr 15, 2023	49118	0	0	0
Apr 16, 2023	49118	0	0	0
Apr 17, 2023	49118	0	0	0
Apr 18, 2023	49118	0	0	0
Apr 19, 2023	49175	0	0	0
Apr 20, 2023	49175	0	0	0
Apr 21, 2023	49175	0	0	0
Apr 22, 2023	49175	0	0	0
Apr 23, 2023	49175	0	0	0
Apr 24, 2023	49175	0	0	0
Apr 25, 2023	49175	0	0	0
Apr 26, 2023	49175	0	0	0
Apr 27, 2023	49175	0	0	0
Apr 28, 2023	49175	0	0	0
Apr 29, 2023	49175	0	0	0
Apr 30, 2023	49175	0	0	0
May 01, 2023	49175	0	0	0
May 02, 2023	49175	0	0	0
May 03, 2023	49175	0	0	0
May 04, 2023	49175	0	0	0
May 05, 2023	49175	0	0	0
May 06, 2023	49175	0	0	0
May 07, 2023	49175	0	0	0
May 08, 2023	49228	0	0	0
May 09, 2023	49228	0	0	0
May 10, 2023	49228	0	0	0
May 11, 2023	49228	0	0	0
May 12, 2023	49228	0	0	0
May 13, 2023	49228	0	0	0
May 14, 2023	49228	0	0	0
May 15, 2023	49228	0	0	0
May 16, 2023	49228	0	0	0
May 17, 2023	49228	0	0	0
May 18, 2023	49228	0	0	0
May 19, 2023	49228	0	0	0
May 20, 2023	49228	0	0	0
May 21, 2023	49228	0	0	0
May 22, 2023	49228	0	0	0
May 23, 2023	49228	0	0	0
May 24, 2023	49228	0	0	0
May 25, 2023	49228	0	0	0
May 26, 2023	49228	0	0	0
May 27, 2023	49228	0	0	0
May 28, 2023	49228	0	0	0
May 29, 2023	49228	0	0	0
May 30, 2023	49228	0	0	0
May 31, 2023	49228	0	0	0
Jun 01, 2023	49228	0	0	0
Jun 02, 2023	49228	0	0	0
Jun 03, 2023	49228	0	0	0
Jun 04, 2023	49228	0	0	0
Jun 05, 2023	49228	0	0	0
Jun 06, 2023	49228	0	0	0
Jun 07, 2023	49228	0	0	0
Jun 08, 2023	49228	0	0	0
Jun 09, 2023	49228	0	0	0
Jun 10, 2023	49228	0	0	0
Jun 11, 2023	49228	0	0	0
Jun 12, 2023	49228	0	0	0
Jun 13, 2023	49228	0	0	0
Jun 14, 2023	49228	0	0	0
Jun 15, 2023	49228	0	0	0
Jun 16, 2023	49228	0	0	0
Jun 17, 2023	49228	0	0	0
Jun 18, 2023	49228	0	0	0
Jun 19, 2023	49228	0	0	0
Jun 20, 2023	49228	0	0	0
Jun 21, 2023	49228	0	0	0
Jun 22, 2023	49228	0	0	0
Jun 23, 2023	49228	0	0	0
Jun 24, 2023	49228	0	0	0
Jun 25, 2023	49228	0	0	0
Jun 26, 2023	49228	0	0	0
Jun 27, 2023	49228	0	0	0
Jun 28, 2023	49228	0	0	0
Jun 29, 2023	49228	0	0	0
Jun 30, 2023	49228	0	0	0
Jul 01, 2023	49228	0	0	0
Jul 02, 2023	49228	0	0	0
Jul 03, 2023	49228	0	0	0
Jul 04, 2023	49228	0	0	0
Jul 05, 2023	49228	0	0	0
Jul 06, 2023	49228	0	0	0
Jul 07, 2023	49228	0	0	0
Jul 08, 2023	49228	0	0	0
Jul 09, 2023	49228	0	0	0
Jul 10, 2023	49228	0	0	0
Jul 11, 2023	49228	0	0	0
Jul 12, 2023	49228	0	0	0
Jul 13, 2023	49228	0	0	0
Jul 14, 2023	49228	0	0	0
Jul 15, 2023	49228	0	0	0
Jul 16, 2023	49228	0	0	0
Jul 17, 2023	49228	0	0	0
Jul 18, 2023	49228	0	0	0
Jul 19, 2023	49228	0	0	0
Jul 20, 2023	49228	0	0	0
Jul 21, 2023	49228	0	0	0
Jul 22, 2023	49228	0	0	0
Jul 23, 2023	49228	0	0	0
Jul 24, 2023	49228	0	0	0
Jul 25, 2023	49228	0	0	0
Jul 26, 2023	49228	0	0	0
Jul 27, 2023	49228	0	0	0
Jul 28, 2023	49228	0	0	0
Jul 29, 2023	49228	0	0	0
Jul 30, 2023	49228	0	0	0
Jul 31, 2023	49228	0	0	0
Aug 01, 2023	49228	0	0	0
Aug 02, 2023	49228	0	0	0
Aug 03, 2023	49228	0	0	0
Aug 04, 2023	49228	0	0	0
Aug 05, 2023	49228	0	0	0
Aug 06, 2023	49228	0	0	0
Aug 07, 2023	49228	0	0	0
Aug 08, 2023	49228	0	0	0
Aug 09, 2023	49228	0	0	0
Aug 10, 2023	49228	0	0	0
Aug 11, 2023	49228	0	0	0
Aug 12, 2023	49228	0	0	0
Aug 13, 2023	49228	0	0	0
Aug 14, 2023	49228	0	0	0
Aug 15, 2023	49228	0	0	0
Aug 16, 2023	49228	0	0	0
Aug 17, 2023	49228	0	0	0
Aug 18, 2023	49228	0	0	0
Aug 19, 2023	49228	0	0	0
Aug 20, 2023	49228	0	0	0
Aug 21, 2023	49228	0	0	0
Aug 22, 2023	49228	0	0	0
Aug 23, 2023	49228	0	0	0
Aug 24, 2023	49228	0	0	0
Aug 25, 2023	49228	0	0	0
Aug 26, 2023	49228	0	0	0
Aug 27, 2023	49228	0	0	0
Aug 28, 2023	49228	0	0	0
Aug 29, 2023	49228	0	0	0
Aug 30, 2023	49228	0	0	0
Aug 31, 2023	49228	0	0	0
Sep 01, 2023	49228	0	0	0
Sep 02, 2023	49228	0	0	0
Sep 03, 2023	49228	0	0	0
Sep 04, 2023	49228	0	0	0
Sep 05, 2023	49228	0	0	0
Sep 06, 2023	49228	0	0	0
Sep 07, 2023	49228	0	0	0
Sep 08, 2023	49228	0	0	0
Sep 09, 2023	49228	0	0	0
Sep 10, 2023	49228	0	0	0
Sep 11, 2023	49228	0	0	0
Sep 12, 2023	49228	0	0	0
Sep 13, 2023	49228	0	0	0
Sep 14, 2023	49228	0	0	0
Sep 15, 2023	49228	0	0	0
Sep 16, 2023	49228	0	0	0
Sep 17, 2023	49228	0	0	0
Sep 18, 2023	49228	0	0	0
Sep 19, 2023	49228	0	0	0
Sep 20, 2023	49228	0	0	0
Sep 21, 2023	49228	0	0	0
Sep 22, 2023	49228	0	0	0
Sep 23, 2023	49228	0	0	0
Sep 24, 2023	49228	0	0	0
Sep 25, 2023	49228	0	0	0
Sep 26, 2023	49228	0	0	0
Sep 27, 2023	49228	0	0	0
Sep 28, 2023	49228	0	0	0
Sep 29, 2023	49228	0	0	0
Sep 30, 2023	49228	0	0	0
Oct 01, 2023	49228	0	0	0
Oct 02, 2023	49228	0	0	0
Oct 03, 2023	49228	0	0	0
Oct 04, 2023	49228	0	0	0
Oct 05, 2023	49228	0	0	0
Oct 06, 2023	49228	0	0	0
Oct 07, 2023	49228	0	0	0
Oct 08, 2023	49228	0	0	0
Oct 09, 2023	49228	0	0	0
Oct 10, 2023	49228	0	0	0
Oct 11, 2023	49228	0	0	0
Oct 12, 2023	49228	0	0	0
Oct 13, 2023	49228	0	0	0
Oct 14, 2023	49228	0	0	0
Oct 15, 2023	49228	0	0	0
Oct 16, 2023	49228	0	0	0
Oct 17, 2023	49228	0	0	0
Oct 18, 2023	49228	0	0	0
Oct 19, 2023	49228	0	0	0
Oct 20, 2023	49228	0	0	0
Oct 21, 2023	49228	0	0	0
Oct 22, 2023	49228	0	0	0
Oct 23, 2023	49228	0	0	0
Oct 24, 2023	49228	0	0	0
Oct 25, 2023	49228	0	0	0
Oct 26, 2023	49228	0	0	0
Oct 27, 2023	49228	0	0	0
Oct 28, 2023	49228	0	0	0
Oct 29, 2023	49228	0	0	0
Oct 30, 2023	49228	0	0	0
Oct 31, 2023	49228	0	0	0
Nov 01, 2023	49228	0	0	0
Nov 02, 2023	49228	0	0	0
Nov 03, 2023	49228	0	0	0
Nov 04, 2023	49228	0	0	0
Nov 05, 2023	49228	0	0	0
Nov 06, 2023	49228	0	0	0
Nov 07, 2023	49228	0	0	0
Nov 08, 2023	49228	0	0	0
Nov 09, 2023	49228	0	0	0
Nov 10, 2023	49228	0	0	0
Nov 11, 2023	49228	0	0	0
Nov 12, 2023	49228	0	0	0
Nov 13, 2023	49228	0	0	0
Nov 14, 2023	49228	0	0	0
Nov 15, 2023	49228	0	0	0
Nov 16, 2023	49228	0	0	0
Nov 17, 2023	49228	0	0	0
Nov 18, 2023	49228	0	0	0
Nov 19, 2023	49228	0	0	0
Nov 20, 2023	49228	0	0	0
Nov 21, 2023	49228	0	0	0
Nov 22, 2023	49228	0	0	0
Nov 23, 2023	49228	0	0	0
Nov 24, 2023	49228	0	0	0
Nov 25, 2023	49228	0	0	0
Nov 26, 2023	49228	0	0	0
Nov 27, 2023	49228	0	0	0
Nov 28, 2023	49228	0	0	0
Nov 29, 2023	49228	0	0	0
Nov 30, 2023	49228	0	0	0
Dec 01, 2023	49228	0	0	0
Dec 02, 2023	49228	0	0	0
Dec 03, 2023	49228	0	0	0
Dec 04, 2023	49228	0	0	0
Dec 05, 2023	49228	0	0	0
Dec 06, 2023	49228	0	0	0
Dec 07, 2023	49228	0	0	0
Dec 08, 2023	49228	0	0	0
Dec 09, 2023	49228	0	0	0
Dec 10, 2023	49228	0	0	0
Dec 11, 2023	49228	0	0	0
Dec 12, 2023	49228	0	0	0
Dec 13, 2023	49228	0	0	0
Dec 14, 2023	49228	0	0	0
Dec 15, 2023	49228	0	0	0
Dec 16, 2023	49228	0	0	0
Dec 17, 2023	49228	0	0	0
Dec 18, 2023	49228	0	0	0
Dec 19, 2023	49228	0	0	0
Dec 20, 2023	49228	0	0	0
Dec 21, 2023	49228	0	0	0
Dec 22, 2023	49228	0	0	0
Dec 23, 2023	49228	0	0	0
Dec 24, 2023	49228	0	0	0
Dec 25, 2023	49228	0	0	0
Dec 26, 2023	49228	0	0	0
Dec 27, 2023	49228	0	0	0
Dec 28, 2023	49228	0	0	0
Dec 29, 2023	49228	0	0	0
Dec 30, 2023	49228	0	0	0
Dec 31, 2023	49228	0	0	0
Jan 01, 2024	49228	0	0	0
Jan 02, 2024	49228	0	0	0
Jan 03, 2024	49228	0	0	0
Jan 04, 2024	49228	0	0	0
Jan 05, 2024	49228	0	0	0
Jan 06, 2024	49228	0	0	0
Jan 07, 2024	49228	0	0	0
Jan 08, 2024	49228	0	0	0
Jan 09, 2024	49228	0	0	0
Jan 10, 2024	49228	0	0	0
Jan 11, 2024	49228	0	0	0
Jan 12, 2024	49228	0	0	0
Jan 13, 2024	49228	0	0	0
Jan 14, 2024	49228	0	0	0
Jan 15, 2024	49228	0	0	0
Jan 16, 2024	49228	0	0	0
Jan 17, 2024	49228	0	0	0
Jan 18, 2024	49228	0	0	0
Jan 19, 2024	49228	0	0	0
Jan 20, 2024	49228	0	0	0
Jan 21, 2024	49228	0	0	0
Jan 22, 2024	49228	0	0	0
Jan 23, 2024	49228	0	0	0
Jan 24, 2024	49228	0	0	0
Jan 25, 2024	49228	0	0	0
Jan 26, 2024	49228	0	0	0
Jan 27, 2024	49228	0	0	0
Jan 28, 2024	49228	0	0	0
Jan 29, 2024	49228	0	0	0
Jan 30, 2024	49228	0	0	0
Jan 31, 2024	49228	0	0	0
Feb 01, 2024	49228	0	0	0
Feb 02, 2024	49228	0	0	0
Feb 03, 2024	49228	0	0	0
Feb 04, 2024	49228	0	0	0
Feb 05, 2024	49228	0	0	0
Feb 06, 2024	49228	0	0	0
Feb 07, 2024	49228	0	0	0
Feb 08, 2024	49228	0	0	0
Feb 09, 2024	49228	0	0	0
Feb 10, 2024	49228	0	0	0
Feb 11, 2024	49228	0	0	0
Feb 12, 2024	49228	0	0	0
Feb 13, 2024	49228	0	0	0
Feb 14, 2024	49228	0	0	0
Feb 15, 2024	49228	0	0	0
Feb 16, 2024	49228	0	0	0
Feb 17, 2024	49228	0	0	0
Feb 18, 2024	49228	0	0	0
Feb 19, 2024	49228	0	0	0
Feb 20, 2024	49228	0	0	0
Feb 21, 2024	49228	0	0	0
Feb 22, 2024	49228	0	0	0
Feb 23, 2024	49228	0	0	0
Feb 24, 2024	49228	0	0	0
Feb 25, 2024	49228	0	0	0
Feb 26, 2024	49228	0	0	0
Feb 27, 2024	49228	0	0	0
Feb 28, 2024	49228	0	0	0
Feb 29, 2024	49228	0	0	0
Mar 01, 2024	49228	0	0	0
Mar 02, 2024	49228	0	0	0
Mar 03, 2024	49228	0	0	0
Mar 04, 2024	49228	0	0	0
Mar 05, 2024	49228	0	0	0
Mar 06, 2024	49228	0	0	0
Mar 07, 2024	49228	0	0	0
Mar 08, 2024	49228	0	0	0
Mar 09, 2024	49228	0	0	0
Mar 10, 2024	49228	0	0	0
Mar 11, 2024	49228	0	0	0
Mar 12, 2024	49228	0	0	0
Mar 13, 2024	49228	0	0	0
Mar 14, 2024	49228	0	0	0
Mar 15, 2024	49228	0	0	0
Mar 16, 2024	49228	0	0	0
Mar 17, 2024	49228	0	0	0
Mar 18, 2024	49228	0	0	0
Mar 19, 2024	49228	0	0	0
Mar 20, 2024	49228	0	0	0
Mar 21, 2024	49228	0	0	0
Mar 22, 2024	49228	0	0	0
Mar 23, 2024	49228	0	0	0
