Feb 15, 2020	0	null	0	0
Feb 16, 2020	0	null	0	0
Feb 17, 2020	0	null	0	0
Feb 18, 2020	0	null	0	0
Feb 19, 2020	0	null	0	0
Feb 20, 2020	0	null	0	0
Feb 21, 2020	0	null	0	0
Feb 22, 2020	0	null	0	0
Feb 23, 2020	0	null	0	0
Feb 24, 2020	0	null	0	0
Feb 25, 2020	0	null	0	0
Feb 26, 2020	0	null	0	0
Feb 27, 2020	0	null	0	0
Feb 28, 2020	0	null	0	0
Feb 29, 2020	0	null	0	0
Mar 01, 2020	0	null	0	0
Mar 02, 2020	0	null	0	0
Mar 03, 2020	0	null	0	0
Mar 04, 2020	0	null	0	0
Mar 05, 2020	0	null	0	0
Mar 06, 2020	0	null	0	0
Mar 07, 2020	0	null	0	0
Mar 08, 2020	0	null	0	0
Mar 09, 2020	0	null	0	0
Mar 10, 2020	0	null	0	0
Mar 11, 2020	0	null	0	0
Mar 12, 2020	0	null	0	0
Mar 13, 2020	1	null	0	0
Mar 14, 2020	1	null	0	0
Mar 15, 2020	4	null	0	0
Mar 16, 2020	5	null	0	0
Mar 17, 2020	6	null	0	0
Mar 18, 2020	6	null	0	0
Mar 19, 2020	7	null	0	0
Mar 20, 2020	9	null	0	0
Mar 21, 2020	9	null	0	0
Mar 22, 2020	11	null	0	0
Mar 23, 2020	11	null	0	0
Mar 24, 2020	12	null	0	0
Mar 25, 2020	12	null	0	0
Mar 26, 2020	12	null	0	0
Mar 27, 2020	16	null	0	0
Mar 28, 2020	15	null	0	0
Mar 29, 2020	20	null	0	0
Mar 30, 2020	19	null	0	0
Mar 31, 2020	24	null	0	0
Apr 01, 2020	27	null	0	0
Apr 02, 2020	26	null	0	0
Apr 03, 2020	32	null	0	0
Apr 04, 2020	34	null	0	0
Apr 05, 2020	37	null	0	0
Apr 06, 2020	38	0	0	0
Apr 07, 2020	46	0	0	0
Apr 08, 2020	49	0	0	0
Apr 09, 2020	50	0	0	0
Apr 10, 2020	58	1	0	0
Apr 11, 2020	56	0	0	0
Apr 12, 2020	58	0	0	0
Apr 13, 2020	57	0	0	0
Apr 14, 2020	65	0	0	0
Apr 15, 2020	67	0	0	0
Apr 16, 2020	74	0	0	0
Apr 17, 2020	78	0	0	0
Apr 18, 2020	86	0	0	0
Apr 19, 2020	89	0	0	0
Apr 20, 2020	92	0	0	0
Apr 21, 2020	95	0	0	0
Apr 22, 2020	92	0	0	0
Apr 23, 2020	92	0	0	0
Apr 24, 2020	89	0	0	0
Apr 25, 2020	90	0	0	0
Apr 26, 2020	79	0	0	0
Apr 27, 2020	71	0	0	0
Apr 28, 2020	73	0	0	0
Apr 29, 2020	69	0	0	0
Apr 30, 2020	69	0	0	0
May 01, 2020	64	0	0	0
May 02, 2020	61	0	0	0
May 03, 2020	57	0	0	0
May 04, 2020	62	0	0	0
May 05, 2020	50	1	0	0
May 06, 2020	65	0	0	0
May 07, 2020	94	0	0	0
May 08, 2020	95	0	0	0
May 09, 2020	108	1	0	0
May 10, 2020	135	0	0	0
May 11, 2020	140	0	0	0
May 12, 2020	150	0	0	0
May 13, 2020	150	0	0	0
May 14, 2020	159	0	0	0
May 15, 2020	170	0	0	0
May 16, 2020	188	0	0	0
May 17, 2020	199	0	0	0
May 18, 2020	231	0	0	0
May 19, 2020	240	0	0	0
May 20, 2020	262	0	0	0
May 21, 2020	271	0	0	0
May 22, 2020	300	0	0	0
May 23, 2020	338	0	0	0
May 24, 2020	425	0	0	0
May 25, 2020	491	0	0	0
May 26, 2020	528	1	0	0
May 27, 2020	544	0	0	0
May 28, 2020	633	1	0	0
May 29, 2020	763	1	0	0
May 30, 2020	847	0	0	0
May 31, 2020	952	3	0	0
Jun 01, 2020	1028	1	0	0
Jun 02, 2020	1099	2	0	0
Jun 03, 2020	1223	3	0	0
Jun 04, 2020	1368	1	0	0
Jun 05, 2020	1524	1	0	0
Jun 06, 2020	1633	1	0	0
Jun 07, 2020	1649	7	0	0
Jun 08, 2020	1768	0	0	0
Jun 09, 2020	1925	5	0	0
Jun 10, 2020	2070	3	0	0
Jun 11, 2020	2196	5	0	0
Jun 12, 2020	2417	7	0	0
Jun 13, 2020	2616	8	0	0
Jun 14, 2020	2743	2	0	0
Jun 15, 2020	2841	3	0	0
Jun 16, 2020	2831	1	0	0
Jun 17, 2020	2847	2	0	0
Jun 18, 2020	2955	2	0	0
Jun 19, 2020	2969	7	0	0
Jun 20, 2020	3275	0	0	0
Jun 21, 2020	3245	2	0	0
Jun 22, 2020	3291	1	0	0
Jun 23, 2020	3361	0	0	0
Jun 24, 2020	3470	3	0	0
Jun 25, 2020	3550	3	0	0
Jun 26, 2020	3648	8	0	0
Jun 27, 2020	3461	5	0	0
Jun 28, 2020	3459	4	0	0
Jun 29, 2020	3313	5	0	0
Jun 30, 2020	3313	0	0	0
Jul 01, 2020	3313	0	0	0
Jul 02, 2020	3313	0	0	0
Jul 03, 2020	3313	0	0	0
Jul 04, 2020	3313	0	0	0
Jul 05, 2020	3313	0	0	0
Jul 06, 2020	3313	0	0	0
Jul 07, 2020	3313	0	0	0
Jul 08, 2020	4224	17	0	0
Jul 09, 2020	4423	0	0	0
Jul 10, 2020	4566	4	0	0
Jul 11, 2020	4848	0	0	0
Jul 12, 2020	5003	3	0	0
Jul 13, 2020	5208	1	0	0
Jul 14, 2020	5400	11	0	0
Jul 15, 2020	5605	7	0	0
Jul 16, 2020	5897	2	0	0
Jul 17, 2020	6223	2	0	0
Jul 18, 2020	6554	13	0	0
Jul 19, 2020	6906	4	0	0
Jul 20, 2020	7607	3	0	0
Jul 21, 2020	5444	10	0	0
Jul 22, 2020	5830	8	0	0
Jul 23, 2020	6091	9	0	0
Jul 24, 2020	6708	3	0	0
Jul 25, 2020	7073	9	0	0
Jul 26, 2020	7529	14	0	0
Jul 27, 2020	7933	5	0	0
Jul 28, 2020	8435	11	0	0
Jul 29, 2020	8872	14	0	0
Jul 30, 2020	9589	10	0	0
Jul 31, 2020	10306	11	0	0
Aug 01, 2020	10522	8	0	0
Aug 02, 2020	10795	28	0	0
Aug 03, 2020	11022	26	0	0
Aug 04, 2020	11294	7	0	0
Aug 05, 2020	11382	13	0	0
Aug 06, 2020	11508	9	0	0
Aug 07, 2020	11657	15	0	0
Aug 08, 2020	12156	10	0	0
Aug 09, 2020	12205	17	0	0
Aug 10, 2020	12760	13	0	0
Aug 11, 2020	13039	20	0	0
Aug 12, 2020	13621	23	0	0
Aug 13, 2020	14297	16	0	0
Aug 14, 2020	15090	13	0	0
Aug 15, 2020	16348	17	0	0
Aug 16, 2020	16989	19	0	0
Aug 17, 2020	18268	16	0	0
Aug 18, 2020	19212	28	0	0
Aug 19, 2020	20150	28	0	0
Aug 20, 2020	21680	20	0	0
Aug 21, 2020	23115	17	0	0
Aug 22, 2020	23891	25	0	0
Aug 23, 2020	24998	16	0	0
Aug 24, 2020	26189	14	0	0
Aug 25, 2020	27183	17	0	0
Aug 26, 2020	28185	16	0	0
Aug 27, 2020	28833	20	0	0
Aug 28, 2020	29967	13	0	0
Aug 29, 2020	30768	12	0	0
Aug 30, 2020	31947	23	0	0
Aug 31, 2020	32328	16	0	0
Sep 01, 2020	32989	19	0	0
Sep 02, 2020	33660	18	0	0
Sep 03, 2020	34074	10	0	0
Sep 04, 2020	35024	24	0	0
Sep 05, 2020	35793	17	0	0
Sep 06, 2020	36447	21	0	0
Sep 07, 2020	36926	15	0	0
Sep 08, 2020	37158	16	0	0
Sep 09, 2020	37680	17	0	0
Sep 10, 2020	37964	8	0	0
Sep 11, 2020	38357	12	0	0
Sep 12, 2020	38399	10	0	0
Sep 13, 2020	38305	17	0	0
Sep 14, 2020	38431	9	0	0
Sep 15, 2020	38463	13	0	0
Sep 16, 2020	38514	10	0	0
Sep 17, 2020	38768	15	0	0
Sep 18, 2020	38805	12	0	0
Sep 19, 2020	39103	17	0	0
Sep 20, 2020	39410	7	0	0
Sep 21, 2020	39967	12	0	0
Sep 22, 2020	40304	19	0	0
Sep 23, 2020	40689	14	0	0
Sep 24, 2020	41078	7	0	0
Sep 25, 2020	41155	7	0	0
Sep 26, 2020	41506	10	0	0
Sep 27, 2020	41799	5	0	0
Sep 28, 2020	42014	7	0	0
Sep 29, 2020	42441	14	0	0
Sep 30, 2020	42966	7	0	0
Oct 01, 2020	43463	7	0	0
Oct 02, 2020	44103	3	0	0
Oct 03, 2020	44321	6	0	0
Oct 04, 2020	44537	8	0	0
Oct 05, 2020	44191	8	0	0
Oct 06, 2020	43805	8	0	0
Oct 07, 2020	43970	17	0	0
Oct 08, 2020	44101	7	0	0
Oct 09, 2020	44289	9	0	0
Oct 10, 2020	44469	6	0	0
Oct 11, 2020	44692	10	0	0
Oct 12, 2020	44931	14	0	0
Oct 13, 2020	45106	4	0	0
Oct 14, 2020	44953	7	0	0
Oct 15, 2020	44856	13	0	0
Oct 16, 2020	44869	12	0	0
Oct 17, 2020	44989	9	0	0
Oct 18, 2020	45136	6	0	0
Oct 19, 2020	45346	13	0	0
Oct 20, 2020	45481	6	0	0
Oct 21, 2020	45228	13	0	0
Oct 22, 2020	45037	12	0	0
Oct 23, 2020	44711	4	0	0
Oct 24, 2020	44597	19	0	0
Oct 25, 2020	44374	7	0	0
Oct 26, 2020	44120	11	0	0
Oct 27, 2020	43805	8	0	0
Oct 28, 2020	43483	6	0	0
Oct 29, 2020	43091	6	0	0
Oct 30, 2020	42612	7	0	0
Oct 31, 2020	42183	5	0	0
Nov 01, 2020	41653	9	0	0
Nov 02, 2020	41048	11	0	0
Nov 03, 2020	40754	5	0	0
Nov 04, 2020	40222	9	0	0
Nov 05, 2020	39769	5	0	0
Nov 06, 2020	39131	4	0	0
Nov 07, 2020	38735	6	0	0
Nov 08, 2020	38386	5	0	0
Nov 09, 2020	37742	7	0	0
Nov 10, 2020	37274	7	0	0
Nov 11, 2020	36685	8	0	0
Nov 12, 2020	36426	9	0	0
Nov 13, 2020	36628	4	0	0
Nov 14, 2020	37081	7	0	0
Nov 15, 2020	37285	4	0	0
Nov 16, 2020	37345	12	0	0
Nov 17, 2020	37514	7	0	0
Nov 18, 2020	37734	13	0	0
Nov 19, 2020	37837	6	0	0
Nov 20, 2020	37934	13	0	0
Nov 21, 2020	38182	16	0	0
Nov 22, 2020	38447	11	0	0
Nov 23, 2020	38713	4	0	0
Nov 24, 2020	38912	10	0	0
Nov 25, 2020	38871	3	0	0
Nov 26, 2020	38996	8	0	0
Nov 27, 2020	39246	14	0	0
Nov 28, 2020	38985	9	0	0
Nov 29, 2020	38519	5	0	0
Nov 30, 2020	34560	6	0	0
Dec 01, 2020	33928	3	0	0
Dec 02, 2020	33202	6	0	0
Dec 03, 2020	32470	9	0	0
Dec 04, 2020	31738	10	0	0
Dec 05, 2020	31416	11	0	0
Dec 06, 2020	30717	2	0	0
Dec 07, 2020	29177	8	0	0
Dec 08, 2020	27552	11	0	0
Dec 09, 2020	25821	3	0	0
Dec 10, 2020	24606	10	0	0
Dec 11, 2020	22782	12	0	0
Dec 12, 2020	22045	12	0	0
Dec 13, 2020	21073	3	0	0
Dec 14, 2020	20208	3	0	0
Dec 15, 2020	19422	4	0	0
Dec 16, 2020	18219	5	0	0
Dec 17, 2020	16899	13	0	0
Dec 18, 2020	16323	12	0	0
Dec 19, 2020	15495	3	0	0
Dec 20, 2020	15118	7	0	0
Dec 21, 2020	14806	8	0	0
Dec 22, 2020	13956	3	0	0
Dec 23, 2020	13295	6	0	0
Dec 24, 2020	12672	12	0	0
Dec 25, 2020	12384	15	0	0
Dec 26, 2020	12243	4	0	0
Dec 27, 2020	11662	8	0	0
Dec 28, 2020	11387	3	0	0
Dec 29, 2020	10736	1	0	0
Dec 30, 2020	10068	5	0	0
Dec 31, 2020	10245	5	0	0
Jan 01, 2021	10464	14	0	0
Jan 02, 2021	10780	7	0	0
Jan 03, 2021	11307	4	0	0
Jan 04, 2021	11359	2	0	0
Jan 05, 2021	11465	13	0	0
Jan 06, 2021	11847	2	0	0
Jan 07, 2021	12240	1	0	0
Jan 08, 2021	12416	8	0	0
Jan 09, 2021	12512	11	0	0
Jan 10, 2021	12948	9	0	0
Jan 11, 2021	13050	9	0	0
Jan 12, 2021	12726	1	0	0
Jan 13, 2021	12882	2	0	0
Jan 14, 2021	13165	2	0	0
Jan 15, 2021	12875	15	0	0
Jan 16, 2021	12698	6	0	0
Jan 17, 2021	13018	1	0	0
Jan 18, 2021	13178	3	0	0
Jan 19, 2021	13298	4	0	0
Jan 20, 2021	12637	7	0	0
Jan 21, 2021	12263	13	0	0
Jan 22, 2021	12308	3	0	0
Jan 23, 2021	12505	3	0	0
Jan 24, 2021	12285	3	0	0
Jan 25, 2021	11862	5	0	0
Jan 26, 2021	11746	4	0	0
Jan 27, 2021	11368	8	0	0
Jan 28, 2021	11649	2	0	0
Jan 29, 2021	12291	2	0	0
Jan 30, 2021	12342	4	0	0
Jan 31, 2021	12695	2	0	0
Feb 01, 2021	13313	10	0	0
Feb 02, 2021	12939	13	0	0
Feb 03, 2021	13298	6	0	0
Feb 04, 2021	13789	4	0	0
Feb 05, 2021	13506	10	0	0
Feb 06, 2021	13777	9	0	0
Feb 07, 2021	14571	3	0	0
Feb 08, 2021	15082	8	0	0
Feb 09, 2021	15404	2	0	0
Feb 10, 2021	15285	9	0	0
Feb 11, 2021	15069	4	0	0
Feb 12, 2021	15507	6	0	0
Feb 13, 2021	16104	4	0	0
Feb 14, 2021	16156	13	0	0
Feb 15, 2021	16670	15	0	0
Feb 16, 2021	17122	14	0	0
Feb 17, 2021	16947	14	0	0
Feb 18, 2021	17531	12	0	0
Feb 19, 2021	18191	10	0	0
Feb 20, 2021	18345	12	0	0
Feb 21, 2021	19161	8	0	0
Feb 22, 2021	19535	14	0	0
Feb 23, 2021	18901	12	0	0
Feb 24, 2021	19480	11	0	0
Feb 25, 2021	20184	5	0	0
Feb 26, 2021	20146	19	0	0
Feb 27, 2021	20963	14	0	0
Feb 28, 2021	21849	11	0	0
Mar 01, 2021	22422	8	0	0
Mar 02, 2021	22348	13	0	0
Mar 03, 2021	23140	5	0	0
Mar 04, 2021	23357	3	0	0
Mar 05, 2021	24238	10	0	0
Mar 06, 2021	24824	16	0	0
Mar 07, 2021	25209	9	0	0
Mar 08, 2021	26052	13	0	0
Mar 09, 2021	26352	9	0	0
Mar 10, 2021	27377	15	0	0
Mar 11, 2021	27887	17	0	0
Mar 12, 2021	28866	27	0	0
Mar 13, 2021	29473	30	0	0
Mar 14, 2021	29207	10	0	0
Mar 15, 2021	30235	5	0	0
Mar 16, 2021	31047	18	0	0
Mar 17, 2021	32201	19	0	0
Mar 18, 2021	33918	10	0	0
Mar 19, 2021	35558	16	0	0
Mar 20, 2021	36721	29	0	0
Mar 21, 2021	37254	12	0	0
Mar 22, 2021	37657	15	0	0
Mar 23, 2021	38311	19	0	0
Mar 24, 2021	39215	25	0	0
Mar 25, 2021	40611	23	0	0
Mar 26, 2021	41344	28	0	0
Mar 27, 2021	42774	15	0	0
Mar 28, 2021	43439	17	0	0
Mar 29, 2021	44530	24	0	0
Mar 30, 2021	45055	16	0	0
Mar 31, 2021	45612	27	0	0
Apr 01, 2021	46635	22	0	0
Apr 02, 2021	48470	25	0	0
Apr 03, 2021	49149	21	0	0
Apr 04, 2021	50258	27	0	0
Apr 05, 2021	51305	37	0	0
Apr 06, 2021	52400	25	0	0
Apr 07, 2021	52351	33	0	0
Apr 08, 2021	53835	20	0	0
Apr 09, 2021	54460	33	0	0
Apr 10, 2021	55071	35	0	0
Apr 11, 2021	55189	28	0	0
Apr 12, 2021	55756	34	0	0
Apr 13, 2021	55464	22	0	0
Apr 14, 2021	56562	22	0	0
Apr 15, 2021	57390	33	0	0
Apr 16, 2021	57598	15	0	0
Apr 17, 2021	58203	28	0	0
Apr 18, 2021	59343	42	0	0
Apr 19, 2021	59594	22	0	0
Apr 20, 2021	59781	47	0	0
Apr 21, 2021	59078	35	0	0
Apr 22, 2021	59386	22	0	0
Apr 23, 2021	57701	15	0	0
Apr 24, 2021	57411	20	0	0
Apr 25, 2021	55981	20	0	0
Apr 26, 2021	56053	19	0	0
Apr 27, 2021	54892	35	0	0
Apr 28, 2021	55225	34	0	0
Apr 29, 2021	54844	19	0	0
Apr 30, 2021	54892	30	0	0
May 01, 2021	54205	21	0	0
May 02, 2021	54150	17	0	0
May 03, 2021	53900	31	0	0
May 04, 2021	52903	15	0	0
May 05, 2021	52936	23	0	0
May 06, 2021	51522	27	0	0
May 07, 2021	50870	18	0	0
May 08, 2021	50032	31	0	0
May 09, 2021	48784	17	0	0
May 10, 2021	47730	9	0	0
May 11, 2021	47194	14	0	0
May 12, 2021	45621	27	0	0
May 13, 2021	45275	13	0	0
May 14, 2021	44079	13	0	0
May 15, 2021	42990	12	0	0
May 16, 2021	42702	20	0	0
May 17, 2021	41996	12	0	0
May 18, 2021	41628	13	0	0
May 19, 2021	40999	17	0	0
May 20, 2021	39994	10	0	0
May 21, 2021	38980	12	0	0
May 22, 2021	37753	8	0	0
May 23, 2021	36361	8	0	0
May 24, 2021	34632	8	0	0
May 25, 2021	34054	9	0	0
May 26, 2021	32856	15	0	0
May 27, 2021	31974	19	0	0
May 28, 2021	30955	12	0	0
May 29, 2021	30283	4	0	0
May 30, 2021	29646	12	0	0
May 31, 2021	28642	10	0	0
Jun 01, 2021	28144	6	0	0
Jun 02, 2021	25416	7	0	0
Jun 03, 2021	24722	7	0	0
Jun 04, 2021	23789	8	0	0
Jun 05, 2021	22956	8	0	0
Jun 06, 2021	22458	8	0	0
Jun 07, 2021	21928	4	0	0
Jun 08, 2021	21453	7	0	0
Jun 09, 2021	20887	6	0	0
Jun 10, 2021	20419	5	0	0
Jun 11, 2021	20186	4	0	0
Jun 12, 2021	19702	2	0	0
Jun 13, 2021	19281	5	0	0
Jun 14, 2021	18989	8	0	0
Jun 15, 2021	18343	7	0	0
Jun 16, 2021	17890	3	0	0
Jun 17, 2021	17318	2	0	0
Jun 18, 2021	16989	14	0	0
Jun 19, 2021	16460	4	0	0
Jun 20, 2021	15963	3	0	0
Jun 21, 2021	15530	3	0	0
Jun 22, 2021	15139	4	0	0
Jun 23, 2021	14423	2	0	0
Jun 24, 2021	13876	4	0	0
Jun 25, 2021	13264	6	0	0
Jun 26, 2021	13081	7	0	0
Jun 27, 2021	12577	5	0	0
Jun 28, 2021	12042	1	0	0
Jun 29, 2021	11415	5	0	0
Jun 30, 2021	11482	0	0	0
Jul 01, 2021	11188	5	0	0
Jul 02, 2021	11259	2	0	0
Jul 03, 2021	11089	3	0	0
Jul 04, 2021	11079	1	0	0
Jul 05, 2021	11015	1	0	0
Jul 06, 2021	10607	3	0	0
Jul 07, 2021	10596	3	0	0
Jul 08, 2021	10641	3	0	0
Jul 09, 2021	10596	1	0	0
Jul 10, 2021	10662	1	0	0
Jul 11, 2021	10739	0	0	0
Jul 12, 2021	10772	0	0	0
Jul 13, 2021	10763	4	0	0
Jul 14, 2021	10802	2	0	0
Jul 15, 2021	10887	1	0	0
Jul 16, 2021	10947	2	0	0
Jul 17, 2021	10996	2	0	0
Jul 18, 2021	11025	3	0	0
Jul 19, 2021	10966	0	0	0
Jul 20, 2021	10968	2	0	0
Jul 21, 2021	11011	1	0	0
Jul 22, 2021	11050	3	0	0
Jul 23, 2021	11118	2	0	0
Jul 24, 2021	11231	2	0	0
Jul 25, 2021	11312	2	0	0
Jul 26, 2021	11421	2	0	0
Jul 27, 2021	11578	3	0	0
Jul 28, 2021	11711	2	0	0
Jul 29, 2021	11856	5	0	0
Jul 30, 2021	12216	2	0	0
Jul 31, 2021	12480	2	0	0
Aug 01, 2021	12588	5	0	0
Aug 02, 2021	12748	1	0	0
Aug 03, 2021	13020	4	0	0
Aug 04, 2021	13400	8	0	0
Aug 05, 2021	13927	3	0	0
Aug 06, 2021	14442	9	0	0
Aug 07, 2021	14934	6	0	0
Aug 08, 2021	15048	5	0	0
Aug 09, 2021	15428	4	0	0
Aug 10, 2021	16175	10	0	0
Aug 11, 2021	16964	10	0	0
Aug 12, 2021	17797	2	0	0
Aug 13, 2021	18502	8	0	0
Aug 14, 2021	19011	11	0	0
Aug 15, 2021	19425	7	0	0
Aug 16, 2021	19884	11	0	0
Aug 17, 2021	20660	6	0	0
Aug 18, 2021	21218	10	0	0
Aug 19, 2021	21421	13	0	0
Aug 20, 2021	21791	21	0	0
Aug 21, 2021	22214	14	0	0
Aug 22, 2021	22111	8	0	0
Aug 23, 2021	21989	10	0	0
Aug 24, 2021	22587	9	0	0
Aug 25, 2021	24387	13	0	0
Aug 26, 2021	25288	13	0	0
Aug 27, 2021	25894	12	0	0
Aug 28, 2021	26931	13	0	0
Aug 29, 2021	26896	13	0	0
Aug 30, 2021	26072	16	0	0
Aug 31, 2021	26617	15	0	0
Sep 01, 2021	26597	17	0	0
Sep 02, 2021	26835	19	0	0
Sep 03, 2021	27196	20	0	0
Sep 04, 2021	25568	18	0	0
Sep 05, 2021	26230	14	0	0
Sep 06, 2021	26494	22	0	0
Sep 07, 2021	27267	19	0	0
Sep 08, 2021	27887	26	0	0
Sep 09, 2021	28449	27	0	0
Sep 10, 2021	28059	27	0	0
Sep 11, 2021	27739	23	0	0
Sep 12, 2021	27427	22	0	0
Sep 13, 2021	26802	38	0	0
Sep 14, 2021	27286	34	0	0
Sep 15, 2021	27476	34	0	0
Sep 16, 2021	28072	24	0	0
Sep 17, 2021	29052	31	0	0
Sep 18, 2021	28776	25	0	0
Sep 19, 2021	27147	15	0	0
Sep 20, 2021	26749	34	0	0
Sep 21, 2021	26477	43	0	0
Sep 22, 2021	26740	47	0	0
Sep 23, 2021	27792	37	0	0
Sep 24, 2021	28039	40	0	0
Sep 25, 2021	27620	38	0	0
Sep 26, 2021	27918	32	0	0
Sep 27, 2021	27928	38	0	0
Sep 28, 2021	27377	49	0	0
Sep 29, 2021	28081	46	0	0
Sep 30, 2021	27286	48	0	0
Oct 01, 2021	27439	48	0	0
Oct 02, 2021	27839	45	0	0
Oct 03, 2021	27776	47	0	0
Oct 04, 2021	26392	43	0	0
Oct 05, 2021	26386	46	0	0
Oct 06, 2021	26599	32	0	0
Oct 07, 2021	26627	45	0	0
Oct 08, 2021	25809	33	0	0
Oct 09, 2021	26070	29	0	0
Oct 10, 2021	24981	40	0	0
Oct 11, 2021	24525	36	0	0
Oct 12, 2021	24789	40	0	0
Oct 13, 2021	24804	37	0	0
Oct 14, 2021	24674	38	0	0
Oct 15, 2021	24055	28	0	0
Oct 16, 2021	24021	28	0	0
Oct 17, 2021	24068	20	0	0
Oct 18, 2021	24000	21	0	0
Oct 19, 2021	23289	20	0	0
Oct 20, 2021	23395	29	0	0
Oct 21, 2021	23444	29	0	0
Oct 22, 2021	22832	17	0	0
Oct 23, 2021	22796	14	0	0
Oct 24, 2021	20561	11	0	0
Oct 25, 2021	20133	19	0	0
Oct 26, 2021	19933	16	0	0
Oct 27, 2021	18889	19	0	0
Oct 28, 2021	18894	16	0	0
Oct 29, 2021	19047	9	0	0
Oct 30, 2021	19189	14	0	0
Oct 31, 2021	18966	8	0	0
Nov 01, 2021	18654	8	0	0
Nov 02, 2021	18102	19	0	0
Nov 03, 2021	18191	8	0	0
Nov 04, 2021	17677	15	0	0
Nov 05, 2021	17704	8	0	0
Nov 06, 2021	17700	14	0	0
Nov 07, 2021	17561	11	0	0
Nov 08, 2021	17387	9	0	0
Nov 09, 2021	17540	10	0	0
Nov 10, 2021	17522	11	0	0
Nov 11, 2021	17625	11	0	0
Nov 12, 2021	17632	18	0	0
Nov 13, 2021	17705	12	0	0
Nov 14, 2021	17492	10	0	0
Nov 15, 2021	16446	7	0	0
Nov 16, 2021	16513	8	0	0
Nov 17, 2021	16525	9	0	0
Nov 18, 2021	16579	8	0	0
Nov 19, 2021	16658	7	0	0
Nov 20, 2021	16701	10	0	0
Nov 21, 2021	16641	10	0	0
Nov 22, 2021	16697	11	0	0
Nov 23, 2021	16249	11	0	0
Nov 24, 2021	16318	4	0	0
Nov 25, 2021	16299	6	0	0
Nov 26, 2021	16243	13	0	0
Nov 27, 2021	16142	9	0	0
Nov 28, 2021	15723	4	0	0
Nov 29, 2021	15710	10	0	0
Nov 30, 2021	15744	5	0	0
Dec 01, 2021	15777	16	0	0
Dec 02, 2021	15713	13	0	0
Dec 03, 2021	15695	3	0	0
Dec 04, 2021	15739	7	0	0
Dec 05, 2021	15789	6	0	0
Dec 06, 2021	15795	4	0	0
Dec 07, 2021	15808	4	0	0
Dec 08, 2021	15794	8	0	0
Dec 09, 2021	15820	3	0	0
Dec 10, 2021	15855	3	0	0
Dec 11, 2021	15879	7	0	0
Dec 12, 2021	15918	0	0	0
Dec 13, 2021	15995	4	0	0
Dec 14, 2021	16205	9	0	0
Dec 15, 2021	16423	4	0	0
Dec 16, 2021	16850	9	0	0
Dec 17, 2021	17383	4	0	0
Dec 18, 2021	18125	2	0	0
Dec 19, 2021	18636	5	0	0
Dec 20, 2021	19125	6	0	0
Dec 21, 2021	21334	5	0	0
Dec 22, 2021	24187	3	0	0
Dec 23, 2021	27886	5	0	0
Dec 24, 2021	31824	3	0	0
Dec 25, 2021	36725	6	0	0
Dec 26, 2021	38811	4	0	0
Dec 27, 2021	40265	6	0	0
Dec 28, 2021	45047	7	0	0
Dec 29, 2021	49355	5	0	0
Dec 30, 2021	54022	10	0	0
Dec 31, 2021	58359	11	0	0
Jan 01, 2022	61937	10	0	0
Jan 02, 2022	64191	11	0	0
Jan 03, 2022	64830	11	0	0
Jan 04, 2022	67985	12	0	0
Jan 05, 2022	70677	7	0	0
Jan 06, 2022	73411	17	0	0
Jan 07, 2022	74456	7	0	0
Jan 08, 2022	74752	8	0	0
Jan 09, 2022	73641	10	0	0
Jan 10, 2022	74699	12	0	0
Jan 11, 2022	75078	24	0	0
Jan 12, 2022	75907	24	0	0
Jan 13, 2022	77184	19	0	0
Jan 14, 2022	76973	8	0	0
Jan 15, 2022	77369	14	0	0
Jan 16, 2022	76553	16	0	0
Jan 17, 2022	75688	15	0	0
Jan 18, 2022	76150	22	0	0
Jan 19, 2022	72855	6	0	0
Jan 20, 2022	72716	22	0	0
Jan 21, 2022	71445	14	0	0
Jan 22, 2022	69170	10	0	0
Jan 23, 2022	68711	8	0	0
Jan 24, 2022	67231	21	0	0
Jan 25, 2022	66692	15	0	0
Jan 26, 2022	62143	12	0	0
Jan 27, 2022	61254	11	0	0
Jan 28, 2022	60977	8	0	0
Jan 29, 2022	60782	16	0	0
Jan 30, 2022	59813	4	0	0
Jan 31, 2022	59376	6	0	0
Feb 01, 2022	59113	6	0	0
Feb 02, 2022	58927	3	0	0
Feb 03, 2022	58760	7	0	0
Feb 04, 2022	58560	2	0	0
Feb 05, 2022	58365	1	0	0
Feb 06, 2022	58228	7	0	0
Feb 07, 2022	54985	10	0	0
Feb 08, 2022	54685	12	0	0
Feb 09, 2022	54397	12	0	0
Feb 10, 2022	51133	10	0	0
Feb 11, 2022	51136	10	0	0
Feb 12, 2022	51070	4	0	0
Feb 13, 2022	51124	3	0	0
Feb 14, 2022	51083	2	0	0
Feb 15, 2022	51023	2	0	0
Feb 16, 2022	51123	1	0	0
Feb 17, 2022	51139	1	0	0
Feb 18, 2022	51276	5	0	0
Feb 19, 2022	51221	3	0	0
Feb 20, 2022	51232	0	0	0
Feb 21, 2022	51135	2	0	0
Feb 22, 2022	51078	1	0	0
Feb 23, 2022	49458	5	0	0
Feb 24, 2022	47848	4	0	0
Feb 25, 2022	46229	4	0	0
Feb 26, 2022	44524	4	0	0
Feb 27, 2022	44510	2	0	0
Feb 28, 2022	44104	2	0	0
Mar 01, 2022	42744	1	0	0
Mar 02, 2022	41810	4	0	0
Mar 03, 2022	41384	6	0	0
Mar 04, 2022	41226	3	0	0
Mar 05, 2022	41156	0	0	0
Mar 06, 2022	41176	0	0	0
Mar 07, 2022	41100	0	0	0
Mar 08, 2022	41133	1	0	0
Mar 09, 2022	41153	5	0	0
Mar 10, 2022	40239	2	0	0
Mar 11, 2022	40236	0	0	0
Mar 12, 2022	40246	1	0	0
Mar 13, 2022	40226	1	0	0
Mar 14, 2022	40251	0	0	0
Mar 15, 2022	40305	0	0	0
Mar 16, 2022	40301	2	0	0
Mar 17, 2022	40343	0	0	0
Mar 18, 2022	40327	0	0	0
Mar 19, 2022	40319	1	0	0
Mar 20, 2022	40328	0	0	0
Mar 21, 2022	38536	0	0	0
Mar 22, 2022	36668	0	0	0
Mar 23, 2022	34708	2	0	0
Mar 24, 2022	32784	0	0	0
Mar 25, 2022	30869	0	0	0
Mar 26, 2022	28922	1	0	0
Mar 27, 2022	26970	0	0	0
Mar 28, 2022	25044	0	0	0
Mar 29, 2022	23074	0	0	0
Mar 30, 2022	21129	0	0	0
Mar 31, 2022	19435	5	0	0
Apr 01, 2022	17805	3	0	0
Apr 02, 2022	16726	4	0	0
Apr 03, 2022	14773	0	0	0
Apr 04, 2022	12920	4	0	0
Apr 05, 2022	12946	0	0	0
Apr 06, 2022	11962	0	0	0
Apr 07, 2022	9929	0	0	0
Apr 08, 2022	8974	0	0	0
Apr 09, 2022	8951	1	0	0
Apr 10, 2022	8971	0	0	0
Apr 11, 2022	9004	0	0	0
Apr 12, 2022	9013	0	0	0
Apr 13, 2022	9045	0	0	0
Apr 14, 2022	9047	0	0	0
Apr 15, 2022	9107	0	0	0
Apr 16, 2022	9122	0	0	0
Apr 17, 2022	9128	0	0	0
Apr 18, 2022	9133	0	0	0
Apr 19, 2022	9138	0	0	0
Apr 20, 2022	9171	1	0	0
Apr 21, 2022	8716	0	0	0
Apr 22, 2022	8232	0	0	0
Apr 23, 2022	7940	0	0	0
Apr 24, 2022	7957	0	0	0
Apr 25, 2022	7957	0	0	0
Apr 26, 2022	7919	0	0	0
Apr 27, 2022	7823	0	0	0
Apr 28, 2022	7713	0	0	0
Apr 29, 2022	7660	0	0	0
Apr 30, 2022	7675	0	0	0
May 01, 2022	7688	0	0	0
May 02, 2022	7686	0	0	0
May 03, 2022	7388	0	0	0
May 04, 2022	7421	0	0	0
May 05, 2022	7456	0	0	0
May 06, 2022	7470	0	0	0
May 07, 2022	7496	0	0	0
May 08, 2022	7501	0	0	0
May 09, 2022	7513	0	0	0
May 10, 2022	7545	0	0	0
May 11, 2022	7577	0	0	0
May 12, 2022	7589	0	0	0
May 13, 2022	7634	0	0	0
May 14, 2022	7670	0	0	0
May 15, 2022	7682	0	0	0
May 16, 2022	7721	2	0	0
May 17, 2022	7722	0	0	0
May 18, 2022	7769	0	0	0
May 19, 2022	7824	0	0	0
May 20, 2022	7905	0	0	0
May 21, 2022	8021	0	0	0
May 22, 2022	8051	0	0	0
May 23, 2022	8096	0	0	0
May 24, 2022	8196	0	0	0
May 25, 2022	8333	1	0	0
May 26, 2022	8521	0	0	0
May 27, 2022	8680	0	0	0
May 28, 2022	8784	0	0	0
May 29, 2022	8898	0	0	0
May 30, 2022	8968	0	0	0
May 31, 2022	9240	0	0	0
Jun 01, 2022	9681	0	0	0
Jun 02, 2022	10062	1	0	0
Jun 03, 2022	10369	0	0	0
Jun 04, 2022	11051	1	0	0
Jun 05, 2022	11316	0	0	0
Jun 06, 2022	11474	0	0	0
Jun 07, 2022	11875	0	0	0
Jun 08, 2022	12468	1	0	0
Jun 09, 2022	12998	0	0	0
Jun 10, 2022	13639	0	0	0
Jun 11, 2022	14391	0	0	0
Jun 12, 2022	14728	0	0	0
Jun 13, 2022	15101	1	0	0
Jun 14, 2022	15873	0	0	0
Jun 15, 2022	16506	1	0	0
Jun 16, 2022	17169	0	0	0
Jun 17, 2022	17883	4	0	0
Jun 18, 2022	18336	0	0	0
Jun 19, 2022	18335	1	0	0
Jun 20, 2022	18638	1	0	0
Jun 21, 2022	18890	1	0	0
Jun 22, 2022	19350	1	0	0
Jun 23, 2022	19835	0	0	0
Jun 24, 2022	20035	1	0	0
Jun 25, 2022	20335	3	0	0
Jun 26, 2022	20287	0	0	0
Jun 27, 2022	20437	2	0	0
Jun 28, 2022	20757	3	0	0
Jun 29, 2022	20585	1	0	0
Jun 30, 2022	19483	0	0	0
Jul 01, 2022	18923	1	0	0
Jul 02, 2022	18403	1	0	0
Jul 03, 2022	17598	3	0	0
Jul 04, 2022	17362	1	0	0
Jul 05, 2022	17309	2	0	0
Jul 06, 2022	16190	4	0	0
Jul 07, 2022	16161	1	0	0
Jul 08, 2022	16243	1	0	0
Jul 09, 2022	16061	1	0	0
Jul 10, 2022	15927	1	0	0
Jul 11, 2022	16039	0	0	0
Jul 12, 2022	15230	0	0	0
Jul 13, 2022	15195	7	0	0
Jul 14, 2022	15305	0	0	0
Jul 15, 2022	15374	2	0	0
Jul 16, 2022	15396	0	0	0
Jul 17, 2022	15418	0	0	0
Jul 18, 2022	15314	1	0	0
Jul 19, 2022	15383	1	0	0
Jul 20, 2022	15454	0	0	0
Jul 21, 2022	15523	1	0	0
Jul 22, 2022	15447	2	0	0
Jul 23, 2022	15511	0	0	0
Jul 24, 2022	15505	0	0	0
Jul 25, 2022	15500	1	0	0
Jul 26, 2022	15491	1	0	0
Jul 27, 2022	15488	0	0	0
Jul 28, 2022	15512	0	0	0
Jul 29, 2022	15037	0	0	0
Jul 30, 2022	15065	0	0	0
Jul 31, 2022	14973	0	0	0
Aug 01, 2022	14995	0	0	0
Aug 02, 2022	14960	0	0	0
Aug 03, 2022	14380	0	0	0
Aug 04, 2022	14403	1	0	0
Aug 05, 2022	14308	0	0	0
Aug 06, 2022	14298	0	0	0
Aug 07, 2022	14289	0	0	0
Aug 08, 2022	14316	0	0	0
Aug 09, 2022	14172	0	0	0
Aug 10, 2022	14193	0	0	0
Aug 11, 2022	14203	0	0	0
Aug 12, 2022	14227	0	0	0
Aug 13, 2022	14171	0	0	0
Aug 14, 2022	14166	2	0	0
Aug 15, 2022	14210	0	0	0
Aug 16, 2022	14198	0	0	0
Aug 17, 2022	14202	0	0	0
Aug 18, 2022	14086	0	0	0
Aug 19, 2022	14096	0	0	0
Aug 20, 2022	14104	0	0	0
Aug 21, 2022	14104	0	0	0
Aug 22, 2022	14135	0	0	0
Aug 23, 2022	14040	0	0	0
Aug 24, 2022	14017	0	0	0
Aug 25, 2022	14020	0	0	0
Aug 26, 2022	14051	0	0	0
Aug 27, 2022	14051	0	0	0
Aug 28, 2022	14041	0	0	0
Aug 29, 2022	14049	0	0	0
Aug 30, 2022	13988	1	0	0
Aug 31, 2022	13977	0	0	0
Sep 01, 2022	13967	0	0	0
Sep 02, 2022	13994	0	0	0
Sep 03, 2022	14004	0	0	0
Sep 04, 2022	14001	0	0	0
Sep 05, 2022	14034	0	0	0
Sep 06, 2022	14031	0	0	0
Sep 07, 2022	14050	0	0	0
Sep 08, 2022	14050	0	0	0
Sep 09, 2022	14046	0	0	0
Sep 10, 2022	14052	0	0	0
Sep 11, 2022	14052	0	0	0
Sep 12, 2022	14052	0	0	0
Sep 13, 2022	14021	0	0	0
Sep 14, 2022	14030	0	0	0
Sep 15, 2022	14042	0	0	0
Sep 16, 2022	14044	0	0	0
Sep 17, 2022	14050	0	0	0
Sep 18, 2022	14045	0	0	0
Sep 19, 2022	14051	0	0	0
Sep 20, 2022	14038	0	0	0
Sep 21, 2022	14043	0	0	0
Sep 22, 2022	14051	0	0	0
Sep 23, 2022	14059	0	0	0
Sep 24, 2022	14054	0	0	0
Sep 25, 2022	14054	0	0	0
Sep 26, 2022	14054	0	0	0
Sep 27, 2022	14053	0	0	0
Sep 28, 2022	14073	0	0	0
Sep 29, 2022	14073	0	0	0
Sep 30, 2022	14085	0	0	0
Oct 01, 2022	14085	0	0	0
Oct 02, 2022	14077	0	0	0
Oct 03, 2022	14096	0	0	0
Oct 04, 2022	14091	0	0	0
Oct 05, 2022	14092	0	0	0
Oct 06, 2022	14102	0	0	0
Oct 07, 2022	14107	0	0	0
Oct 08, 2022	14116	0	0	0
Oct 09, 2022	14115	0	0	0
Oct 10, 2022	14121	0	0	0
Oct 11, 2022	14131	0	0	0
Oct 12, 2022	14146	0	0	0
Oct 13, 2022	14154	0	0	0
Oct 14, 2022	14175	0	0	0
Oct 15, 2022	14187	0	0	0
Oct 16, 2022	14186	0	0	0
Oct 17, 2022	14200	0	0	0
Oct 18, 2022	14201	0	0	0
Oct 19, 2022	14207	0	0	0
Oct 20, 2022	14226	0	0	0
Oct 21, 2022	14226	0	0	0
Oct 22, 2022	14249	0	0	0
Oct 23, 2022	14246	0	0	0
Oct 24, 2022	14252	0	0	0
Oct 25, 2022	14260	0	0	0
Oct 26, 2022	14256	0	0	0
Oct 27, 2022	14263	0	0	0
Oct 28, 2022	14284	0	0	0
Oct 29, 2022	14281	0	0	0
Oct 30, 2022	14280	0	0	0
Oct 31, 2022	14290	0	0	0
Nov 01, 2022	14301	0	0	0
Nov 02, 2022	14310	0	0	0
Nov 03, 2022	14314	0	0	0
Nov 04, 2022	14335	0	0	0
Nov 05, 2022	14325	0	0	0
Nov 06, 2022	14324	0	0	0
Nov 07, 2022	14359	0	0	0
Nov 08, 2022	14377	0	0	0
Nov 09, 2022	14390	0	0	0
Nov 10, 2022	14390	0	0	0
Nov 11, 2022	14424	0	0	0
Nov 12, 2022	14437	0	0	0
Nov 13, 2022	14423	0	0	0
Nov 14, 2022	14438	0	0	0
Nov 15, 2022	14452	0	0	0
Nov 16, 2022	14470	0	0	0
Nov 17, 2022	14492	0	0	0
Nov 18, 2022	14506	0	0	0
Nov 19, 2022	14519	0	0	0
Nov 20, 2022	14529	0	0	0
Nov 21, 2022	14536	0	0	0
Nov 22, 2022	14553	0	0	0
Nov 23, 2022	14563	0	0	0
Nov 24, 2022	14614	0	0	0
Nov 25, 2022	14625	0	0	0
Nov 26, 2022	14613	0	0	0
Nov 27, 2022	14604	0	0	0
Nov 28, 2022	14578	0	0	0
Nov 29, 2022	14518	0	0	0
Nov 30, 2022	14563	0	0	0
Dec 01, 2022	14621	0	0	0
Dec 02, 2022	14648	0	0	0
Dec 03, 2022	14669	0	0	0
Dec 04, 2022	14672	0	0	0
Dec 05, 2022	14692	0	0	0
Dec 06, 2022	14738	0	0	0
Dec 07, 2022	14805	0	0	0
Dec 08, 2022	14861	0	0	0
Dec 09, 2022	14894	0	0	0
Dec 10, 2022	14980	0	0	0
Dec 11, 2022	15021	0	0	0
Dec 12, 2022	13928	0	0	0
Dec 13, 2022	13741	0	0	0
Dec 14, 2022	13741	0	0	0
Dec 15, 2022	13701	0	0	0
Dec 16, 2022	13670	0	0	0
Dec 17, 2022	13462	0	0	0
Dec 18, 2022	13539	0	0	0
Dec 19, 2022	12931	0	0	0
Dec 20, 2022	12744	0	0	0
Dec 21, 2022	12547	0	0	0
Dec 22, 2022	12479	0	0	0
Dec 23, 2022	12322	0	0	0
Dec 24, 2022	12211	0	0	0
Dec 25, 2022	11951	0	0	0
Dec 26, 2022	11654	0	0	0
Dec 27, 2022	11509	0	0	0
Dec 28, 2022	11258	0	0	0
Dec 29, 2022	11097	0	0	0
Dec 30, 2022	10870	0	0	0
Dec 31, 2022	10436	0	0	0
Jan 01, 2023	10174	0	0	0
Jan 02, 2023	9951	0	0	0
Jan 03, 2023	9697	0	0	0
Jan 04, 2023	9445	0	0	0
Jan 05, 2023	9544	0	0	0
Jan 06, 2023	8797	0	0	0
Jan 07, 2023	8482	0	0	0
Jan 08, 2023	8175	0	0	0
Jan 09, 2023	7915	0	0	0
Jan 10, 2023	7606	0	0	0
Jan 11, 2023	7229	0	0	0
Jan 12, 2023	6945	0	0	0
Jan 13, 2023	6635	0	0	0
Jan 14, 2023	6423	0	0	0
Jan 15, 2023	6226	0	0	0
Jan 16, 2023	6240	0	0	0
Jan 17, 2023	6064	0	0	0
Jan 18, 2023	5953	0	0	0
Jan 19, 2023	5958	0	0	0
Jan 20, 2023	5933	0	0	0
Jan 21, 2023	5786	0	0	0
Jan 22, 2023	5758	0	0	0
Jan 23, 2023	5644	0	0	0
Jan 24, 2023	5619	0	0	0
Jan 25, 2023	5529	0	0	0
Jan 26, 2023	5533	0	0	0
Jan 27, 2023	5408	0	0	0
Jan 28, 2023	5422	0	0	0
Jan 29, 2023	5422	0	0	0
Jan 30, 2023	5390	0	0	0
Jan 31, 2023	5428	0	0	0
Feb 01, 2023	5265	0	0	0
Feb 02, 2023	5294	0	0	0
Feb 03, 2023	5294	0	0	0
Feb 04, 2023	5256	0	0	0
Feb 05, 2023	5258	0	0	0
Feb 06, 2023	5212	0	0	0
Feb 07, 2023	5205	0	0	0
Feb 08, 2023	5215	0	0	0
Feb 09, 2023	5223	0	0	0
Feb 10, 2023	5229	0	0	0
Feb 11, 2023	5232	0	0	0
Feb 12, 2023	5230	0	0	0
Feb 13, 2023	5228	0	0	0
Feb 14, 2023	5206	0	0	0
Feb 15, 2023	5172	0	0	0
Feb 16, 2023	5177	0	0	0
Feb 17, 2023	5193	0	0	0
Feb 18, 2023	5187	0	0	0
Feb 19, 2023	5190	0	0	0
Feb 20, 2023	5164	0	0	0
Feb 21, 2023	5148	0	0	0
Feb 22, 2023	5146	0	0	0
Feb 23, 2023	5146	0	0	0
Feb 24, 2023	5163	0	0	0
Feb 25, 2023	5166	0	0	0
Feb 26, 2023	5166	0	0	0
Feb 27, 2023	5166	0	0	0
Feb 28, 2023	5168	0	0	0
Mar 01, 2023	5168	0	0	0
Mar 02, 2023	5169	0	0	0
Mar 03, 2023	5172	0	0	0
Mar 04, 2023	5174	0	0	0
Mar 05, 2023	5177	0	0	0
Mar 06, 2023	5172	0	0	0
Mar 07, 2023	5170	0	0	0
Mar 08, 2023	5183	0	0	0
Mar 09, 2023	5193	0	0	0
Mar 10, 2023	5198	0	0	0
Mar 11, 2023	5206	0	0	0
Mar 12, 2023	5215	0	0	0
Mar 13, 2023	5218	0	0	0
Mar 14, 2023	5230	0	0	0
Mar 15, 2023	5229	0	0	0
Mar 16, 2023	5236	0	0	0
Mar 17, 2023	5264	0	0	0
Mar 18, 2023	5263	0	0	0
Mar 19, 2023	5271	0	0	0
Mar 20, 2023	5290	0	0	0
Mar 21, 2023	5319	0	0	0
Mar 22, 2023	5337	0	0	0
Mar 23, 2023	5346	1	0	0
Mar 24, 2023	5385	0	0	0
Mar 25, 2023	5390	0	0	0
Mar 26, 2023	5361	0	0	0
Mar 27, 2023	5341	0	0	0
Mar 28, 2023	5345	0	0	0
Mar 29, 2023	5355	0	0	0
Mar 30, 2023	5346	0	0	0
Mar 31, 2023	5352	0	0	0
Apr 01, 2023	5352	0	0	0
Apr 02, 2023	5370	0	0	0
Apr 03, 2023	5386	0	0	0
Apr 04, 2023	5382	0	0	0
Apr 05, 2023	5396	0	0	0
Apr 06, 2023	5401	0	0	0
Apr 07, 2023	5399	0	0	0
Apr 08, 2023	5415	0	0	0
Apr 09, 2023	5421	0	0	0
Apr 10, 2023	5438	0	0	0
Apr 11, 2023	5418	0	0	0
Apr 12, 2023	5396	1	0	0
Apr 13, 2023	5396	0	0	0
Apr 14, 2023	5368	0	0	0
Apr 15, 2023	5362	0	0	0
Apr 16, 2023	5362	0	0	0
Apr 17, 2023	5359	0	0	0
Apr 18, 2023	5351	0	0	0
Apr 19, 2023	5364	0	0	0
Apr 20, 2023	5364	0	0	0
Apr 21, 2023	5364	0	0	0
Apr 22, 2023	5342	0	0	0
Apr 23, 2023	5335	0	0	0
Apr 24, 2023	5334	0	0	0
Apr 25, 2023	5307	0	0	0
Apr 26, 2023	5307	0	0	0
Apr 27, 2023	5307	0	0	0
Apr 28, 2023	5307	0	0	0
Apr 29, 2023	5290	0	0	0
Apr 30, 2023	5293	0	0	0
May 01, 2023	5290	0	0	0
May 02, 2023	5291	0	0	0
May 03, 2023	5294	0	0	0
May 04, 2023	5296	0	0	0
May 05, 2023	5293	0	0	0
May 06, 2023	5294	0	0	0
May 07, 2023	5294	0	0	0
May 08, 2023	5293	0	0	0
May 09, 2023	5261	0	0	0
May 10, 2023	5265	0	0	0
May 11, 2023	5270	0	0	0
May 12, 2023	5270	0	0	0
May 13, 2023	5271	0	0	0
May 14, 2023	5270	0	0	0
May 15, 2023	5271	0	0	0
May 16, 2023	5235	0	0	0
May 17, 2023	5236	0	0	0
May 18, 2023	5236	0	0	0
May 19, 2023	5228	0	0	0
May 20, 2023	5230	0	0	0
May 21, 2023	5229	0	0	0
May 22, 2023	5229	0	0	0
May 23, 2023	5228	0	0	0
May 24, 2023	5208	0	0	0
May 25, 2023	5208	0	0	0
May 26, 2023	5194	0	0	0
May 27, 2023	5196	0	0	0
May 28, 2023	5196	0	0	0
May 29, 2023	5189	0	0	0
May 30, 2023	5192	0	0	0
May 31, 2023	5195	0	0	0
Jun 01, 2023	5197	0	0	0
Jun 02, 2023	5200	0	0	0
Jun 03, 2023	5202	0	0	0
Jun 04, 2023	5204	0	0	0
Jun 05, 2023	5204	0	0	0
Jun 06, 2023	5205	0	0	0
Jun 07, 2023	5205	0	0	0
Jun 08, 2023	5206	0	0	0
Jun 09, 2023	5206	0	0	0
Jun 10, 2023	5208	0	0	0
Jun 11, 2023	5210	0	0	0
Jun 12, 2023	5210	0	0	0
Jun 13, 2023	5211	0	0	0
Jun 14, 2023	5194	0	0	0
Jun 15, 2023	5194	0	0	0
Jun 16, 2023	5194	0	0	0
Jun 17, 2023	5193	0	0	0
Jun 18, 2023	5193	0	0	0
Jun 19, 2023	5193	0	0	0
Jun 20, 2023	5193	0	0	0
Jun 21, 2023	5193	0	0	0
Jun 22, 2023	5193	0	0	0
Jun 23, 2023	5193	0	0	0
Jun 24, 2023	5193	0	0	0
Jun 25, 2023	5193	0	0	0
Jun 26, 2023	5193	0	0	0
Jun 27, 2023	5193	0	0	0
Jun 28, 2023	5193	0	0	0
Jun 29, 2023	5193	0	0	0
Jun 30, 2023	5193	0	0	0
Jul 01, 2023	5193	0	0	0
Jul 02, 2023	5193	0	0	0
Jul 03, 2023	5193	0	0	0
Jul 04, 2023	5193	0	0	0
Jul 05, 2023	5193	0	0	0
Jul 06, 2023	5193	0	0	0
Jul 07, 2023	5193	0	0	0
Jul 08, 2023	5193	0	0	0
Jul 09, 2023	5193	0	0	0
Jul 10, 2023	5213	0	0	0
Jul 11, 2023	5213	0	0	0
Jul 12, 2023	5213	0	0	0
Jul 13, 2023	5213	0	0	0
Jul 14, 2023	5213	0	0	0
Jul 15, 2023	5213	0	0	0
Jul 16, 2023	5213	0	0	0
Jul 17, 2023	5213	0	0	0
Jul 18, 2023	5213	0	0	0
Jul 19, 2023	5213	0	0	0
Jul 20, 2023	5213	0	0	0
Jul 21, 2023	5213	0	0	0
Jul 22, 2023	5213	0	0	0
Jul 23, 2023	5213	0	0	0
Jul 24, 2023	5213	0	0	0
Jul 25, 2023	5213	0	0	0
Jul 26, 2023	5213	0	0	0
Jul 27, 2023	5213	0	0	0
Jul 28, 2023	5213	0	0	0
Jul 29, 2023	5213	0	0	0
Jul 30, 2023	5213	0	0	0
Jul 31, 2023	5213	0	0	0
Aug 01, 2023	5213	0	0	0
Aug 02, 2023	5252	0	0	0
Aug 03, 2023	5252	0	0	0
Aug 04, 2023	5252	0	0	0
Aug 05, 2023	5252	0	0	0
Aug 06, 2023	5252	0	0	0
Aug 07, 2023	5252	0	0	0
Aug 08, 2023	5252	0	0	0
Aug 09, 2023	5252	0	0	0
Aug 10, 2023	5252	0	0	0
Aug 11, 2023	5252	0	0	0
Aug 12, 2023	5252	0	0	0
Aug 13, 2023	5252	0	0	0
Aug 14, 2023	5252	0	0	0
Aug 15, 2023	5252	0	0	0
Aug 16, 2023	5252	0	0	0
Aug 17, 2023	5252	0	0	0
Aug 18, 2023	5252	0	0	0
Aug 19, 2023	5252	0	0	0
Aug 20, 2023	5252	0	0	0
Aug 21, 2023	5252	0	0	0
Aug 22, 2023	5252	0	0	0
Aug 23, 2023	5252	0	0	0
Aug 24, 2023	5252	0	0	0
Aug 25, 2023	5252	0	0	0
Aug 26, 2023	5252	0	0	0
Aug 27, 2023	5252	0	0	0
Aug 28, 2023	5252	0	0	0
Aug 29, 2023	5287	0	0	0
Aug 30, 2023	5287	0	0	0
Aug 31, 2023	5287	0	0	0
Sep 01, 2023	5287	0	0	0
Sep 02, 2023	5287	0	0	0
Sep 03, 2023	5287	0	0	0
Sep 04, 2023	5287	0	0	0
Sep 05, 2023	5287	0	0	0
Sep 06, 2023	5287	0	0	0
Sep 07, 2023	5287	0	0	0
Sep 08, 2023	5287	0	0	0
Sep 09, 2023	5287	0	0	0
Sep 10, 2023	5287	0	0	0
Sep 11, 2023	5287	0	0	0
Sep 12, 2023	5287	0	0	0
Sep 13, 2023	5287	0	0	0
Sep 14, 2023	5287	0	0	0
Sep 15, 2023	5287	0	0	0
Sep 16, 2023	5287	0	0	0
Sep 17, 2023	5287	0	0	0
Sep 18, 2023	5287	0	0	0
Sep 19, 2023	5287	0	0	0
Sep 20, 2023	5287	0	0	0
Sep 21, 2023	5287	0	0	0
Sep 22, 2023	5287	0	0	0
Sep 23, 2023	5287	0	0	0
Sep 24, 2023	5287	0	0	0
Sep 25, 2023	5287	0	0	0
Sep 26, 2023	5287	0	0	0
Sep 27, 2023	5287	0	0	0
Sep 28, 2023	5287	0	0	0
Sep 29, 2023	5287	0	0	0
Sep 30, 2023	5287	0	0	0
Oct 01, 2023	5287	0	0	0
Oct 02, 2023	5287	0	0	0
Oct 03, 2023	5287	0	0	0
Oct 04, 2023	5287	0	0	0
Oct 05, 2023	5287	0	0	0
Oct 06, 2023	5287	0	0	0
Oct 07, 2023	5287	0	0	0
Oct 08, 2023	5287	0	0	0
Oct 09, 2023	5287	0	0	0
Oct 10, 2023	5287	0	0	0
Oct 11, 2023	5287	0	0	0
Oct 12, 2023	5287	0	0	0
Oct 13, 2023	5287	0	0	0
Oct 14, 2023	5287	0	0	0
Oct 15, 2023	5287	0	0	0
Oct 16, 2023	5315	0	0	0
Oct 17, 2023	5315	0	0	0
Oct 18, 2023	5315	0	0	0
Oct 19, 2023	5315	0	0	0
Oct 20, 2023	5315	0	0	0
Oct 21, 2023	5315	0	0	0
Oct 22, 2023	5315	0	0	0
Oct 23, 2023	5315	0	0	0
Oct 24, 2023	5315	0	0	0
Oct 25, 2023	5315	0	0	0
Oct 26, 2023	5315	0	0	0
Oct 27, 2023	5315	0	0	0
Oct 28, 2023	5315	0	0	0
Oct 29, 2023	5315	0	0	0
Oct 30, 2023	5315	0	0	0
Oct 31, 2023	5315	0	0	0
Nov 01, 2023	5315	0	0	0
Nov 02, 2023	5315	0	0	0
Nov 03, 2023	5315	0	0	0
Nov 04, 2023	5315	0	0	0
Nov 05, 2023	5315	0	0	0
Nov 06, 2023	5347	0	0	0
Nov 07, 2023	5347	0	0	0
Nov 08, 2023	5347	0	0	0
Nov 09, 2023	5347	0	0	0
Nov 10, 2023	5347	0	0	0
Nov 11, 2023	5347	0	0	0
Nov 12, 2023	5347	0	0	0
Nov 13, 2023	5348	0	0	0
Nov 14, 2023	5348	0	0	0
Nov 15, 2023	5348	0	0	0
Nov 16, 2023	5348	0	0	0
Nov 17, 2023	5348	0	0	0
Nov 18, 2023	5348	0	0	0
Nov 19, 2023	5348	0	0	0
Nov 20, 2023	5359	0	0	0
Nov 21, 2023	5359	0	0	0
Nov 22, 2023	5359	0	0	0
Nov 23, 2023	5359	0	0	0
Nov 24, 2023	5359	0	0	0
Nov 25, 2023	5359	0	0	0
Nov 26, 2023	5359	0	0	0
Nov 27, 2023	5372	0	0	0
Nov 28, 2023	5372	0	0	0
Nov 29, 2023	5372	0	0	0
Nov 30, 2023	5372	0	0	0
Dec 01, 2023	5372	0	0	0
Dec 02, 2023	5372	0	0	0
Dec 03, 2023	5372	0	0	0
Dec 04, 2023	5372	0	0	0
Dec 05, 2023	5372	0	0	0
Dec 06, 2023	5372	0	0	0
Dec 07, 2023	5372	0	0	0
Dec 08, 2023	5372	0	0	0
Dec 09, 2023	5372	0	0	0
Dec 10, 2023	5372	0	0	0
Dec 11, 2023	5372	0	0	0
Dec 12, 2023	5372	0	0	0
Dec 13, 2023	5372	0	0	0
Dec 14, 2023	5372	0	0	0
Dec 15, 2023	5372	0	0	0
Dec 16, 2023	5372	0	0	0
Dec 17, 2023	5372	0	0	0
Dec 18, 2023	5372	0	0	0
Dec 19, 2023	5372	0	0	0
Dec 20, 2023	5372	0	0	0
Dec 21, 2023	5372	0	0	0
Dec 22, 2023	5372	0	0	0
Dec 23, 2023	5372	0	0	0
Dec 24, 2023	5372	0	0	0
Dec 25, 2023	5372	0	0	0
Dec 26, 2023	5372	0	0	0
Dec 27, 2023	5372	0	0	0
Dec 28, 2023	5372	0	0	0
Dec 29, 2023	5372	0	0	0
Dec 30, 2023	5372	0	0	0
Dec 31, 2023	5372	0	0	0
Jan 01, 2024	5372	0	0	0
Jan 02, 2024	5372	0	0	0
Jan 03, 2024	5372	0	0	0
Jan 04, 2024	5372	0	0	0
Jan 05, 2024	5372	0	0	0
Jan 06, 2024	5372	0	0	0
Jan 07, 2024	5372	0	0	0
Jan 08, 2024	5372	0	0	0
Jan 09, 2024	5372	0	0	0
Jan 10, 2024	5372	0	0	0
Jan 11, 2024	5372	0	0	0
Jan 12, 2024	5372	0	0	0
Jan 13, 2024	5372	0	0	0
Jan 14, 2024	5372	0	0	0
Jan 15, 2024	5372	0	0	0
Jan 16, 2024	5372	0	0	0
Jan 17, 2024	5372	0	0	0
Jan 18, 2024	5372	0	0	0
Jan 19, 2024	5372	0	0	0
Jan 20, 2024	5372	0	0	0
Jan 21, 2024	5372	0	0	0
Jan 22, 2024	5372	0	0	0
Jan 23, 2024	5372	0	0	0
Jan 24, 2024	5372	0	0	0
Jan 25, 2024	5372	0	0	0
Jan 26, 2024	5372	0	0	0
Jan 27, 2024	5372	0	0	0
Jan 28, 2024	5372	0	0	0
Jan 29, 2024	5372	0	0	0
Jan 30, 2024	5372	0	0	0
Jan 31, 2024	5372	0	0	0
Feb 01, 2024	5372	0	0	0
Feb 02, 2024	5372	0	0	0
Feb 03, 2024	5372	0	0	0
Feb 04, 2024	5372	0	0	0
Feb 05, 2024	5372	0	0	0
Feb 06, 2024	5372	0	0	0
Feb 07, 2024	5372	0	0	0
Feb 08, 2024	5372	0	0	0
Feb 09, 2024	5372	0	0	0
Feb 10, 2024	5372	0	0	0
Feb 11, 2024	5412	0	0	0
Feb 12, 2024	5412	0	0	0
Feb 13, 2024	5412	0	0	0
Feb 14, 2024	5412	0	0	0
Feb 15, 2024	5412	0	0	0
Feb 16, 2024	5412	0	0	0
Feb 17, 2024	5412	0	0	0
Feb 18, 2024	5412	0	0	0
Feb 19, 2024	5412	0	0	0
Feb 20, 2024	5412	0	0	0
Feb 21, 2024	5412	0	0	0
Feb 22, 2024	5412	0	0	0
Feb 23, 2024	5412	0	0	0
Feb 24, 2024	5412	0	0	0
Feb 25, 2024	5412	0	0	0
Feb 26, 2024	5412	0	0	0
Feb 27, 2024	5412	0	0	0
Feb 28, 2024	5412	0	0	0
Feb 29, 2024	5412	0	0	0
Mar 01, 2024	5412	0	0	0
Mar 02, 2024	5412	0	0	0
Mar 03, 2024	5412	0	0	0
Mar 04, 2024	5412	0	0	0
Mar 05, 2024	5412	0	0	0
Mar 06, 2024	5412	0	0	0
Mar 07, 2024	5412	0	0	0
Mar 08, 2024	5412	0	0	0
Mar 09, 2024	5412	0	0	0
Mar 10, 2024	5412	0	0	0
Mar 11, 2024	5412	0	0	0
Mar 12, 2024	5412	0	0	0
Mar 13, 2024	5412	0	0	0
Mar 14, 2024	5412	0	0	0
Mar 15, 2024	5412	0	0	0
Mar 16, 2024	5412	0	0	0
Mar 17, 2024	5412	0	0	0
Mar 18, 2024	5412	0	0	0
Mar 19, 2024	5412	0	0	0
Mar 20, 2024	5412	0	0	0
Mar 21, 2024	5412	0	0	0
Mar 22, 2024	5412	0	0	0
Mar 23, 2024	5412	0	0	0
