Feb 15, 2020	0	null	0	0
Feb 16, 2020	0	null	0	0
Feb 17, 2020	0	null	0	0
Feb 18, 2020	0	null	0	0
Feb 19, 2020	0	null	0	0
Feb 20, 2020	0	null	0	0
Feb 21, 2020	0	null	0	0
Feb 22, 2020	0	null	0	0
Feb 23, 2020	0	null	0	0
Feb 24, 2020	0	null	0	0
Feb 25, 2020	0	null	0	0
Feb 26, 2020	0	null	0	0
Feb 27, 2020	0	null	0	0
Feb 28, 2020	0	null	0	0
Feb 29, 2020	0	null	0	0
Mar 01, 2020	0	null	0	0
Mar 02, 2020	0	null	0	0
Mar 03, 2020	0	null	0	0
Mar 04, 2020	0	null	0	0
Mar 05, 2020	0	null	0	0
Mar 06, 2020	0	null	0	0
Mar 07, 2020	0	null	0	0
Mar 08, 2020	0	null	0	0
Mar 09, 2020	0	null	0	0
Mar 10, 2020	0	null	0	0
Mar 11, 2020	0	null	0	0
Mar 12, 2020	0	null	0	0
Mar 13, 2020	0	null	0	0
Mar 14, 2020	0	null	0	0
Mar 15, 2020	0	null	0	0
Mar 16, 2020	0	null	0	0
Mar 17, 2020	0	null	0	0
Mar 18, 2020	0	null	0	0
Mar 19, 2020	1	null	0	0
Mar 20, 2020	1	null	0	0
Mar 21, 2020	2	null	0	0
Mar 22, 2020	2	null	0	0
Mar 23, 2020	3	null	0	0
Mar 24, 2020	4	null	0	0
Mar 25, 2020	5	null	0	0
Mar 26, 2020	5	null	0	0
Mar 27, 2020	5	null	0	0
Mar 28, 2020	5	null	0	0
Mar 29, 2020	5	null	0	0
Mar 30, 2020	5	null	0	0
Mar 31, 2020	5	null	0	0
Apr 01, 2020	5	null	0	0
Apr 02, 2020	7	null	0	0
Apr 03, 2020	7	null	0	0
Apr 04, 2020	12	null	0	0
Apr 05, 2020	12	null	0	0
Apr 06, 2020	14	null	0	0
Apr 07, 2020	15	null	0	0
Apr 08, 2020	15	null	0	0
Apr 09, 2020	15	null	0	0
Apr 10, 2020	16	null	0	0
Apr 11, 2020	16	null	0	0
Apr 12, 2020	16	null	0	0
Apr 13, 2020	16	null	0	0
Apr 14, 2020	16	null	0	0
Apr 15, 2020	16	null	0	0
Apr 16, 2020	17	null	0	0
Apr 17, 2020	17	null	0	0
Apr 18, 2020	17	null	0	0
Apr 19, 2020	17	null	0	0
Apr 20, 2020	15	null	0	0
Apr 21, 2020	10	null	0	0
Apr 22, 2020	10	null	0	0
Apr 23, 2020	10	null	0	0
Apr 24, 2020	8	null	0	0
Apr 25, 2020	8	null	0	0
Apr 26, 2020	6	null	0	0
Apr 27, 2020	6	null	0	0
Apr 28, 2020	6	null	0	0
Apr 29, 2020	6	null	0	0
Apr 30, 2020	6	null	0	0
May 01, 2020	6	null	0	0
May 02, 2020	4	null	0	0
May 03, 2020	4	null	0	0
May 04, 2020	4	null	0	0
May 05, 2020	4	null	0	0
May 06, 2020	4	null	0	0
May 07, 2020	4	null	0	0
May 08, 2020	4	null	0	0
May 09, 2020	4	null	0	0
May 10, 2020	4	null	0	0
May 11, 2020	4	null	0	0
May 12, 2020	4	null	0	0
May 13, 2020	4	null	0	0
May 14, 2020	4	null	0	0
May 15, 2020	3	null	0	0
May 16, 2020	3	null	0	0
May 17, 2020	3	null	0	0
May 18, 2020	3	null	0	0
May 19, 2020	3	null	0	0
May 20, 2020	3	null	0	0
May 21, 2020	3	null	0	0
May 22, 2020	3	null	0	0
May 23, 2020	3	null	0	0
May 24, 2020	3	null	0	0
May 25, 2020	3	null	0	0
May 26, 2020	3	null	0	0
May 27, 2020	3	null	0	0
May 28, 2020	3	null	0	0
May 29, 2020	3	null	0	0
May 30, 2020	3	null	0	0
May 31, 2020	3	null	0	0
Jun 01, 2020	3	null	0	0
Jun 02, 2020	3	null	0	0
Jun 03, 2020	3	null	0	0
Jun 04, 2020	0	null	0	0
Jun 05, 2020	0	null	0	0
Jun 06, 2020	0	null	0	0
Jun 07, 2020	0	null	0	0
Jun 08, 2020	0	null	0	0
Jun 09, 2020	0	null	0	0
Jun 10, 2020	0	null	0	0
Jun 11, 2020	0	null	0	0
Jun 12, 2020	0	null	0	0
Jun 13, 2020	0	null	0	0
Jun 14, 2020	0	null	0	0
Jun 15, 2020	0	null	0	0
Jun 16, 2020	0	null	0	0
Jun 17, 2020	0	null	0	0
Jun 18, 2020	0	null	0	0
Jun 19, 2020	0	null	0	0
Jun 20, 2020	0	null	0	0
Jun 21, 2020	0	null	0	0
Jun 22, 2020	0	null	0	0
Jun 23, 2020	0	null	0	0
Jun 24, 2020	0	null	0	0
Jun 25, 2020	0	null	0	0
Jun 26, 2020	0	null	0	0
Jun 27, 2020	0	null	0	0
Jun 28, 2020	0	null	0	0
Jun 29, 2020	0	null	0	0
Jun 30, 2020	0	null	0	0
Jul 01, 2020	0	null	0	0
Jul 02, 2020	0	null	0	0
Jul 03, 2020	0	null	0	0
Jul 04, 2020	0	null	0	0
Jul 05, 2020	0	null	0	0
Jul 06, 2020	1	null	0	0
Jul 07, 2020	3	null	0	0
Jul 08, 2020	3	null	0	0
Jul 09, 2020	3	null	0	0
Jul 10, 2020	8	null	0	0
Jul 11, 2020	8	null	0	0
Jul 12, 2020	8	null	0	0
Jul 13, 2020	8	null	0	0
Jul 14, 2020	8	null	0	0
Jul 15, 2020	8	null	0	0
Jul 16, 2020	8	null	0	0
Jul 17, 2020	8	null	0	0
Jul 18, 2020	8	null	0	0
Jul 19, 2020	8	null	0	0
Jul 20, 2020	9	null	0	0
Jul 21, 2020	9	null	0	0
Jul 22, 2020	9	null	0	0
Jul 23, 2020	9	null	0	0
Jul 24, 2020	9	null	0	0
Jul 25, 2020	9	null	0	0
Jul 26, 2020	9	null	0	0
Jul 27, 2020	9	null	0	0
Jul 28, 2020	9	null	0	0
Jul 29, 2020	9	null	0	0
Jul 30, 2020	9	null	0	0
Jul 31, 2020	8	null	0	0
Aug 01, 2020	8	0	0	0
Aug 02, 2020	8	0	0	0
Aug 03, 2020	8	0	0	0
Aug 04, 2020	8	0	0	0
Aug 05, 2020	8	0	0	0
Aug 06, 2020	8	0	0	0
Aug 07, 2020	8	0	0	0
Aug 08, 2020	8	0	0	0
Aug 09, 2020	8	0	0	0
Aug 10, 2020	8	0	0	0
Aug 11, 2020	8	0	0	0
Aug 12, 2020	8	0	0	0
Aug 13, 2020	7	0	0	0
Aug 14, 2020	7	0	0	0
Aug 15, 2020	7	0	0	0
Aug 16, 2020	7	0	0	0
Aug 17, 2020	7	0	0	0
Aug 18, 2020	7	0	0	0
Aug 19, 2020	7	0	0	0
Aug 20, 2020	7	0	0	0
Aug 21, 2020	7	0	0	0
Aug 22, 2020	7	0	0	0
Aug 23, 2020	4	0	0	0
Aug 24, 2020	4	0	0	0
Aug 25, 2020	4	0	0	0
Aug 26, 2020	4	0	0	0
Aug 27, 2020	3	1	0	0
Aug 28, 2020	3	0	0	0
Aug 29, 2020	3	0	0	0
Aug 30, 2020	3	0	0	0
Aug 31, 2020	3	0	0	0
Sep 01, 2020	4	0	0	0
Sep 02, 2020	4	0	0	0
Sep 03, 2020	4	0	0	0
Sep 04, 2020	4	0	0	0
Sep 05, 2020	5	0	0	0
Sep 06, 2020	5	0	0	0
Sep 07, 2020	5	0	0	0
Sep 08, 2020	5	0	0	0
Sep 09, 2020	6	0	0	0
Sep 10, 2020	6	0	0	0
Sep 11, 2020	6	0	0	0
Sep 12, 2020	6	0	0	0
Sep 13, 2020	6	0	0	0
Sep 14, 2020	6	0	0	0
Sep 15, 2020	6	0	0	0
Sep 16, 2020	6	0	0	0
Sep 17, 2020	4	0	0	0
Sep 18, 2020	4	0	0	0
Sep 19, 2020	4	0	0	0
Sep 20, 2020	4	0	0	0
Sep 21, 2020	4	0	0	0
Sep 22, 2020	2	0	0	0
Sep 23, 2020	2	0	0	0
Sep 24, 2020	2	0	0	0
Sep 25, 2020	2	0	0	0
Sep 26, 2020	2	0	0	0
Sep 27, 2020	2	0	0	0
Sep 28, 2020	2	0	0	0
Sep 29, 2020	2	0	0	0
Sep 30, 2020	2	0	0	0
Oct 01, 2020	2	0	0	0
Oct 02, 2020	2	0	0	0
Oct 03, 2020	2	0	0	0
Oct 04, 2020	2	0	0	0
Oct 05, 2020	2	0	0	0
Oct 06, 2020	2	0	0	0
Oct 07, 2020	2	0	0	0
Oct 08, 2020	2	0	0	0
Oct 09, 2020	2	0	0	0
Oct 10, 2020	2	0	0	0
Oct 11, 2020	2	0	0	0
Oct 12, 2020	2	0	0	0
Oct 13, 2020	0	0	0	0
Oct 14, 2020	0	0	0	0
Oct 15, 2020	0	0	0	0
Oct 16, 2020	0	0	0	0
Oct 17, 2020	0	0	0	0
Oct 18, 2020	0	0	0	0
Oct 19, 2020	0	0	0	0
Oct 20, 2020	0	0	0	0
Oct 21, 2020	1	0	0	0
Oct 22, 2020	1	0	0	0
Oct 23, 2020	1	0	0	0
Oct 24, 2020	1	0	0	0
Oct 25, 2020	1	0	0	0
Oct 26, 2020	1	0	0	0
Oct 27, 2020	1	0	0	0
Oct 28, 2020	0	0	0	0
Oct 29, 2020	0	0	0	0
Oct 30, 2020	1	0	0	0
Oct 31, 2020	1	0	0	0
Nov 01, 2020	1	0	0	0
Nov 02, 2020	1	0	0	0
Nov 03, 2020	1	0	0	0
Nov 04, 2020	1	0	0	0
Nov 05, 2020	1	0	0	0
Nov 06, 2020	1	0	0	0
Nov 07, 2020	1	0	0	0
Nov 08, 2020	1	0	0	0
Nov 09, 2020	1	0	0	0
Nov 10, 2020	1	0	0	0
Nov 11, 2020	1	0	0	0
Nov 12, 2020	1	0	0	0
Nov 13, 2020	1	0	0	0
Nov 14, 2020	1	0	0	0
Nov 15, 2020	1	0	0	0
Nov 16, 2020	1	0	0	0
Nov 17, 2020	1	0	0	0
Nov 18, 2020	1	0	0	0
Nov 19, 2020	1	0	0	0
Nov 20, 2020	1	0	0	0
Nov 21, 2020	0	0	0	0
Nov 22, 2020	0	0	0	0
Nov 23, 2020	0	0	0	0
Nov 24, 2020	0	0	0	0
Nov 25, 2020	3	0	0	0
Nov 26, 2020	3	0	0	0
Nov 27, 2020	3	0	0	0
Nov 28, 2020	3	0	0	0
Nov 29, 2020	3	0	0	0
Nov 30, 2020	7	0	0	0
Dec 01, 2020	7	0	0	0
Dec 02, 2020	7	0	0	0
Dec 03, 2020	7	0	0	0
Dec 04, 2020	9	0	0	0
Dec 05, 2020	9	0	0	0
Dec 06, 2020	9	0	0	0
Dec 07, 2020	9	0	0	0
Dec 08, 2020	7	0	0	0
Dec 09, 2020	7	0	0	0
Dec 10, 2020	7	0	0	0
Dec 11, 2020	6	0	0	0
Dec 12, 2020	6	0	0	0
Dec 13, 2020	6	0	0	0
Dec 14, 2020	6	0	0	0
Dec 15, 2020	6	0	0	0
Dec 16, 2020	6	0	0	0
Dec 17, 2020	4	0	0	0
Dec 18, 2020	2	0	0	0
Dec 19, 2020	2	0	0	0
Dec 20, 2020	2	0	0	0
Dec 21, 2020	2	0	0	0
Dec 22, 2020	0	0	0	0
Dec 23, 2020	0	0	0	0
Dec 24, 2020	0	0	0	0
Dec 25, 2020	0	0	0	0
Dec 26, 2020	0	0	0	0
Dec 27, 2020	0	0	0	0
Dec 28, 2020	0	0	0	0
Dec 29, 2020	0	0	0	0
Dec 30, 2020	3	0	0	0
Dec 31, 2020	3	0	0	0
Jan 01, 2021	3	0	0	0
Jan 02, 2021	3	0	0	0
Jan 03, 2021	3	0	0	0
Jan 04, 2021	3	0	0	0
Jan 05, 2021	3	0	0	0
Jan 06, 2021	7	0	0	0
Jan 07, 2021	7	0	0	0
Jan 08, 2021	7	0	0	0
Jan 09, 2021	7	0	0	0
Jan 10, 2021	4	0	0	0
Jan 11, 2021	4	0	0	0
Jan 12, 2021	4	0	0	0
Jan 13, 2021	4	0	0	0
Jan 14, 2021	4	0	0	0
Jan 15, 2021	4	0	0	0
Jan 16, 2021	4	0	0	0
Jan 17, 2021	0	0	0	0
Jan 18, 2021	0	0	0	0
Jan 19, 2021	0	0	0	0
Jan 20, 2021	0	0	0	0
Jan 21, 2021	0	0	0	0
Jan 22, 2021	0	0	0	0
Jan 23, 2021	0	0	0	0
Jan 24, 2021	0	0	0	0
Jan 25, 2021	0	0	0	0
Jan 26, 2021	0	0	0	0
Jan 27, 2021	0	0	0	0
Jan 28, 2021	0	0	0	0
Jan 29, 2021	0	0	0	0
Jan 30, 2021	0	0	0	0
Jan 31, 2021	0	0	0	0
Feb 01, 2021	0	0	0	0
Feb 02, 2021	0	0	0	0
Feb 03, 2021	1	0	0	0
Feb 04, 2021	1	0	0	0
Feb 05, 2021	1	0	0	0
Feb 06, 2021	1	0	0	0
Feb 07, 2021	1	0	0	0
Feb 08, 2021	1	0	0	0
Feb 09, 2021	1	0	0	0
Feb 10, 2021	0	0	0	0
Feb 11, 2021	0	0	0	0
Feb 12, 2021	0	0	0	0
Feb 13, 2021	0	0	0	0
Feb 14, 2021	0	0	0	0
Feb 15, 2021	0	0	0	0
Feb 16, 2021	0	0	0	0
Feb 17, 2021	0	0	0	0
Feb 18, 2021	0	0	0	0
Feb 19, 2021	0	0	0	0
Feb 20, 2021	0	0	0	0
Feb 21, 2021	0	0	0	0
Feb 22, 2021	0	0	0	0
Feb 23, 2021	0	0	0	0
Feb 24, 2021	1	0	0	0
Feb 25, 2021	1	0	0	0
Feb 26, 2021	3	0	0	0
Feb 27, 2021	3	0	0	0
Feb 28, 2021	3	0	0	0
Mar 01, 2021	3	0	0	0
Mar 02, 2021	3	0	0	0
Mar 03, 2021	7	0	0	0
Mar 04, 2021	7	0	0	0
Mar 05, 2021	7	0	0	0
Mar 06, 2021	6	0	0	0
Mar 07, 2021	6	0	0	0
Mar 08, 2021	7	0	0	0
Mar 09, 2021	7	0	0	0
Mar 10, 2021	7	0	0	0
Mar 11, 2021	7	0	0	0
Mar 12, 2021	4	0	0	0
Mar 13, 2021	4	0	0	0
Mar 14, 2021	4	0	0	0
Mar 15, 2021	4	0	0	0
Mar 16, 2021	4	0	0	0
Mar 17, 2021	4	0	0	0
Mar 18, 2021	1	0	0	0
Mar 19, 2021	1	0	0	0
Mar 20, 2021	1	0	0	0
Mar 21, 2021	1	0	0	0
Mar 22, 2021	1	0	0	0
Mar 23, 2021	1	0	0	0
Mar 24, 2021	1	0	0	0
Mar 25, 2021	1	0	0	0
Mar 26, 2021	1	0	0	0
Mar 27, 2021	1	0	0	0
Mar 28, 2021	1	0	0	0
Mar 29, 2021	1	0	0	0
Mar 30, 2021	1	0	0	0
Mar 31, 2021	1	0	0	0
Apr 01, 2021	1	0	0	0
Apr 02, 2021	1	0	0	0
Apr 03, 2021	1	0	0	0
Apr 04, 2021	1	0	0	0
Apr 05, 2021	1	0	0	0
Apr 06, 2021	1	0	0	0
Apr 07, 2021	1	0	0	0
Apr 08, 2021	1	0	0	0
Apr 09, 2021	2	0	0	0
Apr 10, 2021	2	0	0	0
Apr 11, 2021	2	0	0	0
Apr 12, 2021	2	0	0	0
Apr 13, 2021	2	0	0	0
Apr 14, 2021	2	0	0	0
Apr 15, 2021	2	0	0	0
Apr 16, 2021	2	0	0	0
Apr 17, 2021	5	0	0	0
Apr 18, 2021	5	0	0	0
Apr 19, 2021	7	0	0	0
Apr 20, 2021	10	0	0	0
Apr 21, 2021	11	0	0	0
Apr 22, 2021	19	0	0	0
Apr 23, 2021	19	0	0	0
Apr 24, 2021	20	0	0	0
Apr 25, 2021	24	0	0	0
Apr 26, 2021	36	0	0	0
Apr 27, 2021	42	0	0	0
Apr 28, 2021	44	0	0	0
Apr 29, 2021	49	0	0	0
Apr 30, 2021	50	0	0	0
May 01, 2021	49	0	0	0
May 02, 2021	49	0	0	0
May 03, 2021	51	0	0	0
May 04, 2021	44	0	0	0
May 05, 2021	39	0	0	0
May 06, 2021	42	1	0	0
May 07, 2021	49	0	0	0
May 08, 2021	37	0	0	0
May 09, 2021	38	0	0	0
May 10, 2021	36	0	0	0
May 11, 2021	48	0	0	0
May 12, 2021	52	0	0	0
May 13, 2021	52	1	0	0
May 14, 2021	53	0	0	0
May 15, 2021	55	0	0	0
May 16, 2021	49	0	0	0
May 17, 2021	51	0	0	0
May 18, 2021	55	0	0	0
May 19, 2021	49	0	0	0
May 20, 2021	57	0	0	0
May 21, 2021	62	0	0	0
May 22, 2021	69	0	0	0
May 23, 2021	92	0	0	0
May 24, 2021	99	0	0	0
May 25, 2021	108	0	0	0
May 26, 2021	127	0	0	0
May 27, 2021	151	0	0	0
May 28, 2021	195	0	0	0
May 29, 2021	213	0	0	0
May 30, 2021	238	0	0	0
May 31, 2021	267	0	0	0
Jun 01, 2021	302	0	0	0
Jun 02, 2021	323	0	0	0
Jun 03, 2021	349	0	0	0
Jun 04, 2021	378	0	0	0
Jun 05, 2021	407	0	0	0
Jun 06, 2021	490	0	0	0
Jun 07, 2021	517	0	0	0
Jun 08, 2021	607	0	0	0
Jun 09, 2021	627	0	0	0
Jun 10, 2021	659	0	0	0
Jun 11, 2021	685	0	0	0
Jun 12, 2021	705	0	0	0
Jun 13, 2021	802	0	0	0
Jun 14, 2021	867	0	0	0
Jun 15, 2021	950	1	0	0
Jun 16, 2021	1050	0	0	0
Jun 17, 2021	1075	1	0	0
Jun 18, 2021	1190	0	0	0
Jun 19, 2021	1319	0	0	0
Jun 20, 2021	1484	1	0	0
Jun 21, 2021	1551	0	0	0
Jun 22, 2021	1643	2	0	0
Jun 23, 2021	1891	4	0	0
Jun 24, 2021	2182	0	0	0
Jun 25, 2021	2374	1	0	0
Jun 26, 2021	2578	1	0	0
Jun 27, 2021	2823	0	0	0
Jun 28, 2021	3036	2	0	0
Jun 29, 2021	3315	4	0	0
Jun 30, 2021	3515	0	0	0
Jul 01, 2021	3907	3	0	0
Jul 02, 2021	4258	1	0	0
Jul 03, 2021	4511	2	0	0
Jul 04, 2021	4922	3	0	0
Jul 05, 2021	5193	3	0	0
Jul 06, 2021	5792	6	0	0
Jul 07, 2021	6543	3	0	0
Jul 08, 2021	7157	6	0	0
Jul 09, 2021	7952	3	0	0
Jul 10, 2021	8278	1	0	0
Jul 11, 2021	8598	3	0	0
Jul 12, 2021	9335	4	0	0
Jul 13, 2021	9750	2	0	0
Jul 14, 2021	10060	10	0	0
Jul 15, 2021	11062	5	0	0
Jul 16, 2021	11990	7	0	0
Jul 17, 2021	13006	5	0	0
Jul 18, 2021	13648	13	0	0
Jul 19, 2021	14291	16	0	0
Jul 20, 2021	14990	12	0	0
Jul 21, 2021	15743	21	0	0
Jul 22, 2021	16466	16	0	0
Jul 23, 2021	16131	11	0	0
Jul 24, 2021	16645	5	0	0
Jul 25, 2021	17020	9	0	0
Jul 26, 2021	18032	10	0	0
Jul 27, 2021	18608	11	0	0
Jul 28, 2021	19266	12	0	0
Jul 29, 2021	20312	10	0	0
Jul 30, 2021	21226	5	0	0
Jul 31, 2021	21830	7	0	0
Aug 01, 2021	22223	2	0	0
Aug 02, 2021	22720	14	0	0
Aug 03, 2021	22820	7	0	0
Aug 04, 2021	22792	11	0	0
Aug 05, 2021	23364	11	0	0
Aug 06, 2021	23840	8	0	0
Aug 07, 2021	24219	6	0	0
Aug 08, 2021	24287	3	0	0
Aug 09, 2021	24579	18	0	0
Aug 10, 2021	24576	10	0	0
Aug 11, 2021	24467	13	0	0
Aug 12, 2021	24155	7	0	0
Aug 13, 2021	24462	15	0	0
Aug 14, 2021	23781	8	0	0
Aug 15, 2021	24014	3	0	0
Aug 16, 2021	22691	23	0	0
Aug 17, 2021	21965	12	0	0
Aug 18, 2021	21521	9	0	0
Aug 19, 2021	21500	8	0	0
Aug 20, 2021	20826	11	0	0
Aug 21, 2021	20506	2	0	0
Aug 22, 2021	19336	5	0	0
Aug 23, 2021	19305	6	0	0
Aug 24, 2021	19168	9	0	0
Aug 25, 2021	19364	6	0	0
Aug 26, 2021	19548	9	0	0
Aug 27, 2021	19591	11	0	0
Aug 28, 2021	19413	0	0	0
Aug 29, 2021	19583	0	0	0
Aug 30, 2021	19757	10	0	0
Aug 31, 2021	19445	7	0	0
Sep 01, 2021	17421	8	0	0
Sep 02, 2021	16568	1	0	0
Sep 03, 2021	16655	3	0	0
Sep 04, 2021	16842	0	0	0
Sep 05, 2021	16302	0	0	0
Sep 06, 2021	14731	12	0	0
Sep 07, 2021	14446	5	0	0
Sep 08, 2021	13936	3	0	0
Sep 09, 2021	13707	5	0	0
Sep 10, 2021	13756	1	0	0
Sep 11, 2021	13210	1	0	0
Sep 12, 2021	13165	0	0	0
Sep 13, 2021	13277	3	0	0
Sep 14, 2021	13303	1	0	0
Sep 15, 2021	13231	1	0	0
Sep 16, 2021	13343	4	0	0
Sep 17, 2021	13220	22	0	0
Sep 18, 2021	13371	0	0	0
Sep 19, 2021	13368	0	0	0
Sep 20, 2021	13355	0	0	0
Sep 21, 2021	13356	4	0	0
Sep 22, 2021	13396	0	0	0
Sep 23, 2021	13399	4	0	0
Sep 24, 2021	13427	1	0	0
Sep 25, 2021	13498	6	0	0
Sep 26, 2021	13453	0	0	0
Sep 27, 2021	13486	2	0	0
Sep 28, 2021	13326	29	0	0
Sep 29, 2021	13347	3	0	0
Sep 30, 2021	13314	0	0	0
Oct 01, 2021	13346	7	0	0
Oct 02, 2021	13363	1	0	0
Oct 03, 2021	13316	1	0	0
Oct 04, 2021	9396	1	0	0
Oct 05, 2021	9379	4	0	0
Oct 06, 2021	3385	9	0	0
Oct 07, 2021	3417	2	0	0
Oct 08, 2021	3201	4	0	0
Oct 09, 2021	3210	0	0	0
Oct 10, 2021	3164	0	0	0
Oct 11, 2021	2965	0	0	0
Oct 12, 2021	2965	0	0	0
Oct 13, 2021	2815	10	0	0
Oct 14, 2021	2825	0	0	0
Oct 15, 2021	2811	0	0	0
Oct 16, 2021	2896	0	0	0
Oct 17, 2021	2836	0	0	0
Oct 18, 2021	2831	0	0	0
Oct 19, 2021	2828	0	0	0
Oct 20, 2021	2821	0	0	0
Oct 21, 2021	2826	0	0	0
Oct 22, 2021	2408	10	0	0
Oct 23, 2021	2430	0	0	0
Oct 24, 2021	2445	0	0	0
Oct 25, 2021	2395	0	0	0
Oct 26, 2021	2304	0	0	0
Oct 27, 2021	2258	0	0	0
Oct 28, 2021	2132	0	0	0
Oct 29, 2021	1953	1	0	0
Oct 30, 2021	1975	0	0	0
Oct 31, 2021	1932	0	0	0
Nov 01, 2021	1641	0	0	0
Nov 02, 2021	1570	0	0	0
Nov 03, 2021	1557	0	0	0
Nov 04, 2021	1555	0	0	0
Nov 05, 2021	1523	0	0	0
Nov 06, 2021	1523	0	0	0
Nov 07, 2021	1523	0	0	0
Nov 08, 2021	1507	1	0	0
Nov 09, 2021	1519	0	0	0
Nov 10, 2021	1389	4	0	0
Nov 11, 2021	1390	0	0	0
Nov 12, 2021	1397	0	0	0
Nov 13, 2021	1397	0	0	0
Nov 14, 2021	1397	0	0	0
Nov 15, 2021	1280	15	0	0
Nov 16, 2021	1141	0	0	0
Nov 17, 2021	1116	0	0	0
Nov 18, 2021	953	0	0	0
Nov 19, 2021	928	1	0	0
Nov 20, 2021	928	0	0	0
Nov 21, 2021	915	0	0	0
Nov 22, 2021	913	0	0	0
Nov 23, 2021	887	0	0	0
Nov 24, 2021	877	0	0	0
Nov 25, 2021	863	0	0	0
Nov 26, 2021	802	1	0	0
Nov 27, 2021	806	0	0	0
Nov 28, 2021	792	0	0	0
Nov 29, 2021	768	0	0	0
Nov 30, 2021	753	0	0	0
Dec 01, 2021	753	1	0	0
Dec 02, 2021	733	0	0	0
Dec 03, 2021	725	0	0	0
Dec 04, 2021	728	0	0	0
Dec 05, 2021	729	0	0	0
Dec 06, 2021	735	0	0	0
Dec 07, 2021	728	0	0	0
Dec 08, 2021	724	0	0	0
Dec 09, 2021	718	0	0	0
Dec 10, 2021	718	0	0	0
Dec 11, 2021	725	0	0	0
Dec 12, 2021	730	0	0	0
Dec 13, 2021	734	0	0	0
Dec 14, 2021	734	0	0	0
Dec 15, 2021	740	0	0	0
Dec 16, 2021	722	0	0	0
Dec 17, 2021	725	0	0	0
Dec 18, 2021	745	0	0	0
Dec 19, 2021	739	0	0	0
Dec 20, 2021	744	0	0	0
Dec 21, 2021	743	0	0	0
Dec 22, 2021	787	0	0	0
Dec 23, 2021	823	0	0	0
Dec 24, 2021	892	0	0	0
Dec 25, 2021	912	0	0	0
Dec 26, 2021	1019	0	0	0
Dec 27, 2021	1098	0	0	0
Dec 28, 2021	1213	0	0	0
Dec 29, 2021	1406	1	0	0
Dec 30, 2021	1732	0	0	0
Dec 31, 2021	1937	0	0	0
Jan 01, 2022	2183	2	0	0
Jan 02, 2022	2869	1	0	0
Jan 03, 2022	3033	3	0	0
Jan 04, 2022	3279	0	0	0
Jan 05, 2022	3631	2	0	0
Jan 06, 2022	4307	0	0	0
Jan 07, 2022	4466	1	0	0
Jan 08, 2022	5059	5	0	0
Jan 09, 2022	5513	0	0	0
Jan 10, 2022	5498	5	0	0
Jan 11, 2022	5580	0	0	0
Jan 12, 2022	5552	7	0	0
Jan 13, 2022	5995	0	0	0
Jan 14, 2022	5847	2	0	0
Jan 15, 2022	5781	10	0	0
Jan 16, 2022	5160	1	0	0
Jan 17, 2022	3791	16	0	0
Jan 18, 2022	3988	0	0	0
Jan 19, 2022	4068	7	0	0
Jan 20, 2022	3995	1	0	0
Jan 21, 2022	3867	17	0	0
Jan 22, 2022	4503	0	0	0
Jan 23, 2022	3142	2	0	0
Jan 24, 2022	3245	12	0	0
Jan 25, 2022	3057	0	0	0
Jan 26, 2022	2737	13	0	0
Jan 27, 2022	1751	0	0	0
Jan 28, 2022	1617	9	0	0
Jan 29, 2022	1710	0	0	0
Jan 30, 2022	1764	0	0	0
Jan 31, 2022	2376	5	0	0
Feb 01, 2022	2175	1	0	0
Feb 02, 2022	2223	8	0	0
Feb 03, 2022	1885	0	0	0
Feb 04, 2022	1824	2	0	0
Feb 05, 2022	1853	0	0	0
Feb 06, 2022	1733	0	0	0
Feb 07, 2022	1582	2	0	0
Feb 08, 2022	1102	1	0	0
Feb 09, 2022	1087	3	0	0
Feb 10, 2022	1025	0	0	0
Feb 11, 2022	1039	3	0	0
Feb 12, 2022	1038	1	0	0
Feb 13, 2022	1038	0	0	0
Feb 14, 2022	978	1	0	0
Feb 15, 2022	976	0	0	0
Feb 16, 2022	936	3	0	0
Feb 17, 2022	974	0	0	0
Feb 18, 2022	986	1	0	0
Feb 19, 2022	996	1	0	0
Feb 20, 2022	989	0	0	0
Feb 21, 2022	932	2	0	0
Feb 22, 2022	958	0	0	0
Feb 23, 2022	964	0	0	0
Feb 24, 2022	988	0	0	0
Feb 25, 2022	1077	7	0	0
Feb 26, 2022	1174	0	0	0
Feb 27, 2022	1178	0	0	0
Feb 28, 2022	1168	1	0	0
Mar 01, 2022	1223	0	0	0
Mar 02, 2022	1130	0	0	0
Mar 03, 2022	1096	0	0	0
Mar 04, 2022	1027	1	0	0
Mar 05, 2022	1033	0	0	0
Mar 06, 2022	1038	0	0	0
Mar 07, 2022	993	0	0	0
Mar 08, 2022	997	0	0	0
Mar 09, 2022	990	0	0	0
Mar 10, 2022	992	0	0	0
Mar 11, 2022	987	0	0	0
Mar 12, 2022	993	0	0	0
Mar 13, 2022	994	0	0	0
Mar 14, 2022	982	0	0	0
Mar 15, 2022	1050	0	0	0
Mar 16, 2022	1044	0	0	0
Mar 17, 2022	1044	0	0	0
Mar 18, 2022	1022	0	0	0
Mar 19, 2022	1026	0	0	0
Mar 20, 2022	1027	0	0	0
Mar 21, 2022	925	0	0	0
Mar 22, 2022	925	0	0	0
Mar 23, 2022	930	0	0	0
Mar 24, 2022	966	0	0	0
Mar 25, 2022	957	0	0	0
Mar 26, 2022	962	0	0	0
Mar 27, 2022	970	0	0	0
Mar 28, 2022	943	0	0	0
Mar 29, 2022	943	0	0	0
Mar 30, 2022	942	0	0	0
Mar 31, 2022	950	0	0	0
Apr 01, 2022	950	0	0	0
Apr 02, 2022	953	0	0	0
Apr 03, 2022	955	0	0	0
Apr 04, 2022	976	0	0	0
Apr 05, 2022	981	0	0	0
Apr 06, 2022	983	0	0	0
Apr 07, 2022	1003	0	0	0
Apr 08, 2022	997	0	0	0
Apr 09, 2022	1003	0	0	0
Apr 10, 2022	1004	0	0	0
Apr 11, 2022	993	0	0	0
Apr 12, 2022	993	0	0	0
Apr 13, 2022	978	0	0	0
Apr 14, 2022	979	0	0	0
Apr 15, 2022	985	0	0	0
Apr 16, 2022	986	0	0	0
Apr 17, 2022	989	0	0	0
Apr 18, 2022	979	0	0	0
Apr 19, 2022	988	0	0	0
Apr 20, 2022	985	0	0	0
Apr 21, 2022	989	0	0	0
Apr 22, 2022	991	0	0	0
Apr 23, 2022	993	0	0	0
Apr 24, 2022	987	0	0	0
Apr 25, 2022	983	0	0	0
Apr 26, 2022	1061	0	0	0
Apr 27, 2022	1073	0	0	0
Apr 28, 2022	1009	0	0	0
Apr 29, 2022	1015	0	0	0
Apr 30, 2022	1019	0	0	0
May 01, 2022	1019	0	0	0
May 02, 2022	1012	0	0	0
May 03, 2022	1016	0	0	0
May 04, 2022	1037	0	0	0
May 05, 2022	1022	0	0	0
May 06, 2022	1032	0	0	0
May 07, 2022	1041	0	0	0
May 08, 2022	1046	0	0	0
May 09, 2022	1010	0	0	0
May 10, 2022	1021	0	0	0
May 11, 2022	1039	0	0	0
May 12, 2022	1027	0	0	0
May 13, 2022	1036	0	0	0
May 14, 2022	1036	0	0	0
May 15, 2022	1036	0	0	0
May 16, 2022	1075	0	0	0
May 17, 2022	1079	0	0	0
May 18, 2022	1087	0	0	0
May 19, 2022	1048	0	0	0
May 20, 2022	1080	0	0	0
May 21, 2022	1087	0	0	0
May 22, 2022	1102	0	0	0
May 23, 2022	1026	0	0	0
May 24, 2022	1037	0	0	0
May 25, 2022	1049	0	0	0
May 26, 2022	1044	1	0	0
May 27, 2022	1064	0	0	0
May 28, 2022	1078	0	0	0
May 29, 2022	1082	0	0	0
May 30, 2022	1059	1	0	0
May 31, 2022	1083	0	0	0
Jun 01, 2022	1099	0	0	0
Jun 02, 2022	1101	0	0	0
Jun 03, 2022	1108	0	0	0
Jun 04, 2022	1118	0	0	0
Jun 05, 2022	1129	0	0	0
Jun 06, 2022	1039	0	0	0
Jun 07, 2022	1050	0	0	0
Jun 08, 2022	1062	0	0	0
Jun 09, 2022	1070	0	0	0
Jun 10, 2022	1070	0	0	0
Jun 11, 2022	1070	0	0	0
Jun 12, 2022	1070	0	0	0
Jun 13, 2022	1104	1	0	0
Jun 14, 2022	1114	0	0	0
Jun 15, 2022	1140	0	0	0
Jun 16, 2022	1050	0	0	0
Jun 17, 2022	1070	0	0	0
Jun 18, 2022	1116	0	0	0
Jun 19, 2022	1130	0	0	0
Jun 20, 2022	1121	0	0	0
Jun 21, 2022	1166	0	0	0
Jun 22, 2022	1193	0	0	0
Jun 23, 2022	1127	0	0	0
Jun 24, 2022	1175	0	0	0
Jun 25, 2022	1183	0	0	0
Jun 26, 2022	1190	0	0	0
Jun 27, 2022	1106	0	0	0
Jun 28, 2022	1106	0	0	0
Jun 29, 2022	1106	0	0	0
Jun 30, 2022	1152	1	0	0
Jul 01, 2022	1225	0	0	0
Jul 02, 2022	1246	0	0	0
Jul 03, 2022	1290	0	0	0
Jul 04, 2022	1168	0	0	0
Jul 05, 2022	1219	0	0	0
Jul 06, 2022	1304	0	0	0
Jul 07, 2022	1304	0	0	0
Jul 08, 2022	1407	0	0	0
Jul 09, 2022	1493	0	0	0
Jul 10, 2022	1585	0	0	0
Jul 11, 2022	1534	3	0	0
Jul 12, 2022	1617	0	0	0
Jul 13, 2022	1781	0	0	0
Jul 14, 2022	1518	0	0	0
Jul 15, 2022	1615	0	0	0
Jul 16, 2022	1686	0	0	0
Jul 17, 2022	1727	0	0	0
Jul 18, 2022	1737	1	0	0
Jul 19, 2022	1737	0	0	0
Jul 20, 2022	1737	0	0	0
Jul 21, 2022	1376	0	0	0
Jul 22, 2022	1451	0	0	0
Jul 23, 2022	1489	0	0	0
Jul 24, 2022	1532	0	0	0
Jul 25, 2022	1467	0	0	0
Jul 26, 2022	1561	0	0	0
Jul 27, 2022	1624	0	0	0
Jul 28, 2022	1375	0	0	0
Jul 29, 2022	1428	0	0	0
Jul 30, 2022	1442	0	0	0
Jul 31, 2022	1443	0	0	0
Aug 01, 2022	1248	3	0	0
Aug 02, 2022	1308	0	0	0
Aug 03, 2022	1367	0	0	0
Aug 04, 2022	1197	1	0	0
Aug 05, 2022	1211	0	0	0
Aug 06, 2022	1247	0	0	0
Aug 07, 2022	1257	0	0	0
Aug 08, 2022	1208	0	0	0
Aug 09, 2022	1243	0	0	0
Aug 10, 2022	1245	0	0	0
Aug 11, 2022	1110	1	0	0
Aug 12, 2022	1137	0	0	0
Aug 13, 2022	1150	0	0	0
Aug 14, 2022	1154	0	0	0
Aug 15, 2022	1117	0	0	0
Aug 16, 2022	1149	0	0	0
Aug 17, 2022	1169	0	0	0
Aug 18, 2022	1111	0	0	0
Aug 19, 2022	1120	0	0	0
Aug 20, 2022	1147	0	0	0
Aug 21, 2022	1147	0	0	0
Aug 22, 2022	1129	2	0	0
Aug 23, 2022	1142	0	0	0
Aug 24, 2022	1153	0	0	0
Aug 25, 2022	1104	0	0	0
Aug 26, 2022	1116	0	0	0
Aug 27, 2022	1120	0	0	0
Aug 28, 2022	1121	0	0	0
Aug 29, 2022	1117	1	0	0
Aug 30, 2022	1117	0	0	0
Aug 31, 2022	1117	0	0	0
Sep 01, 2022	1107	0	0	0
Sep 02, 2022	1118	0	0	0
Sep 03, 2022	1121	0	0	0
Sep 04, 2022	1121	0	0	0
Sep 05, 2022	1114	0	0	0
Sep 06, 2022	1114	0	0	0
Sep 07, 2022	1120	0	0	0
Sep 08, 2022	1072	0	0	0
Sep 09, 2022	1072	0	0	0
Sep 10, 2022	1072	0	0	0
Sep 11, 2022	1072	0	0	0
Sep 12, 2022	1072	0	0	0
Sep 13, 2022	1072	0	0	0
Sep 14, 2022	1072	0	0	0
Sep 15, 2022	1071	0	0	0
Sep 16, 2022	1071	0	0	0
Sep 17, 2022	1071	0	0	0
Sep 18, 2022	1071	0	0	0
Sep 19, 2022	1071	0	0	0
Sep 20, 2022	1071	0	0	0
Sep 21, 2022	1071	0	0	0
Sep 22, 2022	1066	0	0	0
Sep 23, 2022	1066	0	0	0
Sep 24, 2022	1066	0	0	0
Sep 25, 2022	1066	0	0	0
Sep 26, 2022	1066	0	0	0
Sep 27, 2022	1066	0	0	0
Sep 28, 2022	1066	0	0	0
Sep 29, 2022	1062	0	0	0
Sep 30, 2022	1062	0	0	0
Oct 01, 2022	1062	0	0	0
Oct 02, 2022	1062	0	0	0
Oct 03, 2022	1062	0	0	0
Oct 04, 2022	1062	0	0	0
Oct 05, 2022	1062	0	0	0
Oct 06, 2022	1061	0	0	0
Oct 07, 2022	1061	0	0	0
Oct 08, 2022	1061	0	0	0
Oct 09, 2022	1061	0	0	0
Oct 10, 2022	1061	0	0	0
Oct 11, 2022	1061	0	0	0
Oct 12, 2022	1061	0	0	0
Oct 13, 2022	1063	0	0	0
Oct 14, 2022	1063	0	0	0
Oct 15, 2022	1063	0	0	0
Oct 16, 2022	1063	0	0	0
Oct 17, 2022	1063	0	0	0
Oct 18, 2022	1063	0	0	0
Oct 19, 2022	1063	0	0	0
Oct 20, 2022	1068	0	0	0
Oct 21, 2022	1068	0	0	0
Oct 22, 2022	1068	0	0	0
Oct 23, 2022	1068	0	0	0
Oct 24, 2022	1068	0	0	0
Oct 25, 2022	1068	0	0	0
Oct 26, 2022	1075	0	0	0
Oct 27, 2022	1063	0	0	0
Oct 28, 2022	1063	0	0	0
Oct 29, 2022	1063	0	0	0
Oct 30, 2022	1063	0	0	0
Oct 31, 2022	1063	0	0	0
Nov 01, 2022	1063	0	0	0
Nov 02, 2022	1063	0	0	0
Nov 03, 2022	1065	0	0	0
Nov 04, 2022	1065	0	0	0
Nov 05, 2022	1065	0	0	0
Nov 06, 2022	1065	0	0	0
Nov 07, 2022	1065	0	0	0
Nov 08, 2022	1065	0	0	0
Nov 09, 2022	1065	0	0	0
Nov 10, 2022	1074	0	0	0
Nov 11, 2022	1074	0	0	0
Nov 12, 2022	1074	0	0	0
Nov 13, 2022	1074	0	0	0
Nov 14, 2022	1074	0	0	0
Nov 15, 2022	1074	0	0	0
Nov 16, 2022	1074	0	0	0
Nov 17, 2022	1078	0	0	0
Nov 18, 2022	1078	0	0	0
Nov 19, 2022	1078	0	0	0
Nov 20, 2022	1078	0	0	0
Nov 21, 2022	1078	0	0	0
Nov 22, 2022	1078	0	0	0
Nov 23, 2022	1078	0	0	0
Nov 24, 2022	1057	0	0	0
Nov 25, 2022	1057	0	0	0
Nov 26, 2022	1057	0	0	0
Nov 27, 2022	1057	0	0	0
Nov 28, 2022	1057	0	0	0
Nov 29, 2022	1057	0	0	0
Nov 30, 2022	1057	0	0	0
Dec 01, 2022	1049	0	0	0
Dec 02, 2022	1049	0	0	0
Dec 03, 2022	1049	0	0	0
Dec 04, 2022	1049	0	0	0
Dec 05, 2022	1049	0	0	0
Dec 06, 2022	1049	0	0	0
Dec 07, 2022	1049	0	0	0
Dec 08, 2022	1049	0	0	0
Dec 09, 2022	1049	0	0	0
Dec 10, 2022	1049	0	0	0
Dec 11, 2022	1049	0	0	0
Dec 12, 2022	1049	0	0	0
Dec 13, 2022	1049	0	0	0
Dec 14, 2022	1049	0	0	0
Dec 15, 2022	1049	0	0	0
Dec 16, 2022	1049	0	0	0
Dec 17, 2022	1166	0	0	0
Dec 18, 2022	1166	0	0	0
Dec 19, 2022	1166	0	0	0
Dec 20, 2022	1166	0	0	0
Dec 21, 2022	1166	0	0	0
Dec 22, 2022	1166	0	0	0
Dec 23, 2022	1181	3	0	0
Dec 24, 2022	1181	0	0	0
Dec 25, 2022	1181	0	0	0
Dec 26, 2022	1181	0	0	0
Dec 27, 2022	1181	0	0	0
Dec 28, 2022	1181	0	0	0
Dec 29, 2022	1174	0	0	0
Dec 30, 2022	1174	0	0	0
Dec 31, 2022	1174	0	0	0
Jan 01, 2023	1174	0	0	0
Jan 02, 2023	1174	0	0	0
Jan 03, 2023	1174	0	0	0
Jan 04, 2023	1174	0	0	0
Jan 05, 2023	1158	2	0	0
Jan 06, 2023	1158	0	0	0
Jan 07, 2023	1158	0	0	0
Jan 08, 2023	1158	0	0	0
Jan 09, 2023	1158	0	0	0
Jan 10, 2023	1158	0	0	0
Jan 11, 2023	1158	0	0	0
Jan 12, 2023	1158	0	0	0
Jan 13, 2023	1158	0	0	0
Jan 14, 2023	1158	0	0	0
Jan 15, 2023	1158	0	0	0
Jan 16, 2023	1158	0	0	0
Jan 17, 2023	1158	0	0	0
Jan 18, 2023	1158	0	0	0
Jan 19, 2023	1155	0	0	0
Jan 20, 2023	1155	0	0	0
Jan 21, 2023	1155	0	0	0
Jan 22, 2023	1155	0	0	0
Jan 23, 2023	1155	0	0	0
Jan 24, 2023	1155	0	0	0
Jan 25, 2023	1155	0	0	0
Jan 26, 2023	1157	0	0	0
Jan 27, 2023	1157	0	0	0
Jan 28, 2023	1157	0	0	0
Jan 29, 2023	1157	0	0	0
Jan 30, 2023	1157	0	0	0
Jan 31, 2023	1157	0	0	0
Feb 01, 2023	1157	0	0	0
Feb 02, 2023	1171	0	0	0
Feb 03, 2023	1171	0	0	0
Feb 04, 2023	1171	0	0	0
Feb 05, 2023	1171	0	0	0
Feb 06, 2023	1171	0	0	0
Feb 07, 2023	1171	0	0	0
Feb 08, 2023	1171	0	0	0
Feb 09, 2023	1155	0	0	0
Feb 10, 2023	1155	0	0	0
Feb 11, 2023	1155	0	0	0
Feb 12, 2023	1155	0	0	0
Feb 13, 2023	1155	0	0	0
Feb 14, 2023	1155	0	0	0
Feb 15, 2023	1155	0	0	0
Feb 16, 2023	1162	0	0	0
Feb 17, 2023	1162	0	0	0
Feb 18, 2023	1162	0	0	0
Feb 19, 2023	1162	0	0	0
Feb 20, 2023	1162	0	0	0
Feb 21, 2023	1162	0	0	0
Feb 22, 2023	1162	0	0	0
Feb 23, 2023	1162	0	0	0
Feb 24, 2023	1162	0	0	0
Feb 25, 2023	1156	0	0	0
Feb 26, 2023	1156	0	0	0
Feb 27, 2023	1156	0	0	0
Feb 28, 2023	1156	0	0	0
Mar 01, 2023	1156	0	0	0
Mar 02, 2023	1154	0	0	0
Mar 03, 2023	1154	0	0	0
Mar 04, 2023	1154	0	0	0
Mar 05, 2023	1154	0	0	0
Mar 06, 2023	1154	0	0	0
Mar 07, 2023	1154	0	0	0
Mar 08, 2023	1154	0	0	0
Mar 09, 2023	1009	0	0	0
Mar 10, 2023	1009	0	0	0
Mar 11, 2023	1009	0	0	0
Mar 12, 2023	1009	0	0	0
Mar 13, 2023	1009	0	0	0
Mar 14, 2023	1009	0	0	0
Mar 15, 2023	1009	0	0	0
Mar 16, 2023	1009	0	0	0
Mar 17, 2023	1009	0	0	0
Mar 18, 2023	1009	0	0	0
Mar 19, 2023	1009	0	0	0
Mar 20, 2023	1009	0	0	0
Mar 21, 2023	1009	0	0	0
Mar 22, 2023	1009	0	0	0
Mar 23, 2023	1014	0	0	0
Mar 24, 2023	1014	0	0	0
Mar 25, 2023	1014	0	0	0
Mar 26, 2023	1014	0	0	0
Mar 27, 2023	1014	0	0	0
Mar 28, 2023	1014	0	0	0
Mar 29, 2023	1014	0	0	0
Mar 30, 2023	1014	0	0	0
Mar 31, 2023	1017	0	0	0
Apr 01, 2023	1017	0	0	0
Apr 02, 2023	1017	0	0	0
Apr 03, 2023	1017	0	0	0
Apr 04, 2023	1017	0	0	0
Apr 05, 2023	1017	0	0	0
Apr 06, 2023	1012	0	0	0
Apr 07, 2023	1012	0	0	0
Apr 08, 2023	1012	0	0	0
Apr 09, 2023	1012	0	0	0
Apr 10, 2023	1012	0	0	0
Apr 11, 2023	1012	0	0	0
Apr 12, 2023	1012	0	0	0
Apr 13, 2023	1009	0	0	0
Apr 14, 2023	1009	0	0	0
Apr 15, 2023	1009	0	0	0
Apr 16, 2023	1009	0	0	0
Apr 17, 2023	1009	0	0	0
Apr 18, 2023	1009	0	0	0
Apr 19, 2023	1009	0	0	0
Apr 20, 2023	1009	0	0	0
Apr 21, 2023	1009	0	0	0
Apr 22, 2023	1009	0	0	0
Apr 23, 2023	1009	0	0	0
Apr 24, 2023	1009	0	0	0
Apr 25, 2023	1009	0	0	0
Apr 26, 2023	1009	0	0	0
Apr 27, 2023	1009	0	0	0
Apr 28, 2023	1009	0	0	0
Apr 29, 2023	1009	0	0	0
Apr 30, 2023	1009	0	0	0
May 01, 2023	1009	0	0	0
May 02, 2023	1009	0	0	0
May 03, 2023	1009	0	0	0
May 04, 2023	1009	0	0	0
May 05, 2023	1009	0	0	0
May 06, 2023	1009	0	0	0
May 07, 2023	1009	0	0	0
May 08, 2023	1009	0	0	0
May 09, 2023	1009	0	0	0
May 10, 2023	1009	0	0	0
May 11, 2023	1009	0	0	0
May 12, 2023	1009	0	0	0
May 13, 2023	1009	0	0	0
May 14, 2023	1009	0	0	0
May 15, 2023	1009	0	0	0
May 16, 2023	1009	0	0	0
May 17, 2023	1009	0	0	0
May 18, 2023	1009	0	0	0
May 19, 2023	1009	0	0	0
May 20, 2023	1009	0	0	0
May 21, 2023	1009	0	0	0
May 22, 2023	1009	0	0	0
May 23, 2023	1009	0	0	0
May 24, 2023	1009	0	0	0
May 25, 2023	1009	0	0	0
May 26, 2023	1009	0	0	0
May 27, 2023	1009	0	0	0
May 28, 2023	1009	0	0	0
May 29, 2023	1009	0	0	0
May 30, 2023	1009	0	0	0
May 31, 2023	1009	0	0	0
Jun 01, 2023	1009	0	0	0
Jun 02, 2023	1009	0	0	0
Jun 03, 2023	1009	0	0	0
Jun 04, 2023	1009	0	0	0
Jun 05, 2023	1009	0	0	0
Jun 06, 2023	1009	0	0	0
Jun 07, 2023	1009	0	0	0
Jun 08, 2023	1009	0	0	0
Jun 09, 2023	1046	1	0	0
Jun 10, 2023	1046	0	0	0
Jun 11, 2023	1046	0	0	0
Jun 12, 2023	1046	0	0	0
Jun 13, 2023	1046	0	0	0
Jun 14, 2023	1046	0	0	0
Jun 15, 2023	1046	0	0	0
Jun 16, 2023	1033	1	0	0
Jun 17, 2023	1033	0	0	0
Jun 18, 2023	1033	0	0	0
Jun 19, 2023	1033	0	0	0
Jun 20, 2023	1033	0	0	0
Jun 21, 2023	1033	0	0	0
Jun 22, 2023	1033	0	0	0
Jun 23, 2023	1033	0	0	0
Jun 24, 2023	1033	0	0	0
Jun 25, 2023	1033	0	0	0
Jun 26, 2023	1033	0	0	0
Jun 27, 2023	1033	0	0	0
Jun 28, 2023	1033	0	0	0
Jun 29, 2023	1006	0	0	0
Jun 30, 2023	1006	0	0	0
Jul 01, 2023	1006	0	0	0
Jul 02, 2023	1006	0	0	0
Jul 03, 2023	1006	0	0	0
Jul 04, 2023	1006	0	0	0
Jul 05, 2023	1006	0	0	0
Jul 06, 2023	1006	0	0	0
Jul 07, 2023	1006	0	0	0
Jul 08, 2023	1006	0	0	0
Jul 09, 2023	1006	0	0	0
Jul 10, 2023	1006	0	0	0
Jul 11, 2023	1006	0	0	0
Jul 12, 2023	1006	0	0	0
Jul 13, 2023	1006	0	0	0
Jul 14, 2023	1006	0	0	0
Jul 15, 2023	1006	0	0	0
Jul 16, 2023	1006	0	0	0
Jul 17, 2023	1006	0	0	0
Jul 18, 2023	1006	0	0	0
Jul 19, 2023	1006	0	0	0
Jul 20, 2023	1006	0	0	0
Jul 21, 2023	1006	0	0	0
Jul 22, 2023	1006	0	0	0
Jul 23, 2023	1006	0	0	0
Jul 24, 2023	1006	0	0	0
Jul 25, 2023	1006	0	0	0
Jul 26, 2023	1006	0	0	0
Jul 27, 2023	1006	0	0	0
Jul 28, 2023	1006	0	0	0
Jul 29, 2023	1006	0	0	0
Jul 30, 2023	1006	0	0	0
Jul 31, 2023	1006	0	0	0
Aug 01, 2023	1006	0	0	0
Aug 02, 2023	1006	0	0	0
Aug 03, 2023	1006	0	0	0
Aug 04, 2023	1006	0	0	0
Aug 05, 2023	1006	0	0	0
Aug 06, 2023	1006	0	0	0
Aug 07, 2023	1006	0	0	0
Aug 08, 2023	1006	0	0	0
Aug 09, 2023	1006	0	0	0
Aug 10, 2023	1006	0	0	0
Aug 11, 2023	1006	0	0	0
Aug 12, 2023	1006	0	0	0
Aug 13, 2023	1006	0	0	0
Aug 14, 2023	1006	0	0	0
Aug 15, 2023	1006	0	0	0
Aug 16, 2023	1006	0	0	0
Aug 17, 2023	1006	0	0	0
Aug 18, 2023	1006	0	0	0
Aug 19, 2023	1006	0	0	0
Aug 20, 2023	1006	0	0	0
Aug 21, 2023	1006	0	0	0
Aug 22, 2023	1006	0	0	0
Aug 23, 2023	1006	0	0	0
Aug 24, 2023	1006	0	0	0
Aug 25, 2023	1006	0	0	0
Aug 26, 2023	1006	0	0	0
Aug 27, 2023	1006	0	0	0
Aug 28, 2023	1006	0	0	0
Aug 29, 2023	1006	0	0	0
Aug 30, 2023	1006	0	0	0
Aug 31, 2023	1006	0	0	0
Sep 01, 2023	1006	0	0	0
Sep 02, 2023	1006	0	0	0
Sep 03, 2023	1006	0	0	0
Sep 04, 2023	1006	0	0	0
Sep 05, 2023	1006	0	0	0
Sep 06, 2023	1006	0	0	0
Sep 07, 2023	1006	0	0	0
Sep 08, 2023	1006	0	0	0
Sep 09, 2023	1006	0	0	0
Sep 10, 2023	1006	0	0	0
Sep 11, 2023	1006	0	0	0
Sep 12, 2023	1006	0	0	0
Sep 13, 2023	1006	0	0	0
Sep 14, 2023	1006	0	0	0
Sep 15, 2023	1006	0	0	0
Sep 16, 2023	1006	0	0	0
Sep 17, 2023	1006	0	0	0
Sep 18, 2023	1006	0	0	0
Sep 19, 2023	1006	0	0	0
Sep 20, 2023	1006	0	0	0
Sep 21, 2023	1006	0	0	0
Sep 22, 2023	1006	0	0	0
Sep 23, 2023	1006	0	0	0
Sep 24, 2023	1006	0	0	0
Sep 25, 2023	1006	0	0	0
Sep 26, 2023	1006	0	0	0
Sep 27, 2023	1006	0	0	0
Sep 28, 2023	1006	0	0	0
Sep 29, 2023	1006	0	0	0
Sep 30, 2023	1006	0	0	0
Oct 01, 2023	1006	0	0	0
Oct 02, 2023	1006	0	0	0
Oct 03, 2023	1006	0	0	0
Oct 04, 2023	1006	0	0	0
Oct 05, 2023	1006	0	0	0
Oct 06, 2023	1006	0	0	0
Oct 07, 2023	1006	0	0	0
Oct 08, 2023	1006	0	0	0
Oct 09, 2023	1006	0	0	0
Oct 10, 2023	1006	0	0	0
Oct 11, 2023	1006	0	0	0
Oct 12, 2023	1006	0	0	0
Oct 13, 2023	1006	0	0	0
Oct 14, 2023	1006	0	0	0
Oct 15, 2023	1006	0	0	0
Oct 16, 2023	1006	0	0	0
Oct 17, 2023	1006	0	0	0
Oct 18, 2023	1006	0	0	0
Oct 19, 2023	1006	0	0	0
Oct 20, 2023	1006	0	0	0
Oct 21, 2023	1006	0	0	0
Oct 22, 2023	1006	0	0	0
Oct 23, 2023	1006	0	0	0
Oct 24, 2023	1006	0	0	0
Oct 25, 2023	1006	0	0	0
Oct 26, 2023	1006	0	0	0
Oct 27, 2023	1006	0	0	0
Oct 28, 2023	1006	0	0	0
Oct 29, 2023	1006	0	0	0
Oct 30, 2023	1006	0	0	0
Oct 31, 2023	1006	0	0	0
Nov 01, 2023	1006	0	0	0
Nov 02, 2023	1006	0	0	0
Nov 03, 2023	1006	0	0	0
Nov 04, 2023	1006	0	0	0
Nov 05, 2023	1006	0	0	0
Nov 06, 2023	1006	0	0	0
Nov 07, 2023	1006	0	0	0
Nov 08, 2023	1006	0	0	0
Nov 09, 2023	1006	0	0	0
Nov 10, 2023	1006	0	0	0
Nov 11, 2023	1006	0	0	0
Nov 12, 2023	1006	0	0	0
Nov 13, 2023	1006	0	0	0
Nov 14, 2023	1006	0	0	0
Nov 15, 2023	1006	0	0	0
Nov 16, 2023	1006	0	0	0
Nov 17, 2023	1006	0	0	0
Nov 18, 2023	1006	0	0	0
Nov 19, 2023	1006	0	0	0
Nov 20, 2023	1006	0	0	0
Nov 21, 2023	1006	0	0	0
Nov 22, 2023	1006	0	0	0
Nov 23, 2023	1006	0	0	0
Nov 24, 2023	1006	0	0	0
Nov 25, 2023	1006	0	0	0
Nov 26, 2023	1006	0	0	0
Nov 27, 2023	1006	0	0	0
Nov 28, 2023	1006	0	0	0
Nov 29, 2023	1006	0	0	0
Nov 30, 2023	1006	0	0	0
Dec 01, 2023	1006	0	0	0
Dec 02, 2023	1006	0	0	0
Dec 03, 2023	1006	0	0	0
Dec 04, 2023	1006	0	0	0
Dec 05, 2023	1006	0	0	0
Dec 06, 2023	1006	0	0	0
Dec 07, 2023	1006	0	0	0
Dec 08, 2023	1006	0	0	0
Dec 09, 2023	1006	0	0	0
Dec 10, 2023	1006	0	0	0
Dec 11, 2023	1006	0	0	0
Dec 12, 2023	1006	0	0	0
Dec 13, 2023	1006	0	0	0
Dec 14, 2023	1006	0	0	0
Dec 15, 2023	1006	0	0	0
Dec 16, 2023	1006	0	0	0
Dec 17, 2023	1006	0	0	0
Dec 18, 2023	1006	0	0	0
Dec 19, 2023	1006	0	0	0
Dec 20, 2023	1006	0	0	0
Dec 21, 2023	1006	0	0	0
Dec 22, 2023	1006	0	0	0
Dec 23, 2023	1006	0	0	0
Dec 24, 2023	1006	0	0	0
Dec 25, 2023	1006	0	0	0
Dec 26, 2023	1006	0	0	0
Dec 27, 2023	1006	0	0	0
Dec 28, 2023	1006	0	0	0
Dec 29, 2023	1006	0	0	0
Dec 30, 2023	1006	0	0	0
Dec 31, 2023	1006	0	0	0
Jan 01, 2024	1006	0	0	0
Jan 02, 2024	1006	0	0	0
Jan 03, 2024	1006	0	0	0
Jan 04, 2024	1006	0	0	0
Jan 05, 2024	1006	0	0	0
Jan 06, 2024	1006	0	0	0
Jan 07, 2024	1006	0	0	0
Jan 08, 2024	1006	0	0	0
Jan 09, 2024	1006	0	0	0
Jan 10, 2024	1006	0	0	0
Jan 11, 2024	1006	0	0	0
Jan 12, 2024	1006	0	0	0
Jan 13, 2024	1006	0	0	0
Jan 14, 2024	1006	0	0	0
Jan 15, 2024	1006	0	0	0
Jan 16, 2024	1006	0	0	0
Jan 17, 2024	1006	0	0	0
Jan 18, 2024	1006	0	0	0
Jan 19, 2024	1006	0	0	0
Jan 20, 2024	1006	0	0	0
Jan 21, 2024	1006	0	0	0
Jan 22, 2024	1006	0	0	0
Jan 23, 2024	1006	0	0	0
Jan 24, 2024	1006	0	0	0
Jan 25, 2024	1006	0	0	0
Jan 26, 2024	1006	0	0	0
Jan 27, 2024	1006	0	0	0
Jan 28, 2024	1006	0	0	0
Jan 29, 2024	1006	0	0	0
Jan 30, 2024	1006	0	0	0
Jan 31, 2024	1006	0	0	0
Feb 01, 2024	1006	0	0	0
Feb 02, 2024	1006	0	0	0
Feb 03, 2024	1006	0	0	0
Feb 04, 2024	1006	0	0	0
Feb 05, 2024	1006	0	0	0
Feb 06, 2024	1006	0	0	0
Feb 07, 2024	1006	0	0	0
Feb 08, 2024	1006	0	0	0
Feb 09, 2024	1006	0	0	0
Feb 10, 2024	1006	0	0	0
Feb 11, 2024	1006	0	0	0
Feb 12, 2024	1006	0	0	0
Feb 13, 2024	1006	0	0	0
Feb 14, 2024	1006	0	0	0
Feb 15, 2024	1006	0	0	0
Feb 16, 2024	1006	0	0	0
Feb 17, 2024	1006	0	0	0
Feb 18, 2024	1006	0	0	0
Feb 19, 2024	1006	0	0	0
Feb 20, 2024	1006	0	0	0
Feb 21, 2024	1006	0	0	0
Feb 22, 2024	1006	0	0	0
Feb 23, 2024	1006	0	0	0
Feb 24, 2024	1006	0	0	0
Feb 25, 2024	1006	0	0	0
Feb 26, 2024	1006	0	0	0
Feb 27, 2024	1006	0	0	0
Feb 28, 2024	1006	0	0	0
Feb 29, 2024	1006	0	0	0
Mar 01, 2024	1006	0	0	0
Mar 02, 2024	1006	0	0	0
Mar 03, 2024	1006	0	0	0
Mar 04, 2024	1006	0	0	0
Mar 05, 2024	1006	0	0	0
Mar 06, 2024	1006	0	0	0
Mar 07, 2024	1006	0	0	0
Mar 08, 2024	1006	0	0	0
Mar 09, 2024	1006	0	0	0
Mar 10, 2024	1006	0	0	0
Mar 11, 2024	1006	0	0	0
Mar 12, 2024	1006	0	0	0
Mar 13, 2024	1006	0	0	0
Mar 14, 2024	1006	0	0	0
Mar 15, 2024	1006	0	0	0
Mar 16, 2024	1006	0	0	0
Mar 17, 2024	1006	0	0	0
Mar 18, 2024	1006	0	0	0
Mar 19, 2024	1006	0	0	0
Mar 20, 2024	1006	0	0	0
Mar 21, 2024	1006	0	0	0
Mar 22, 2024	1006	0	0	0
Mar 23, 2024	1006	0	0	0
