Feb 15, 2020	13	null	null	null
Feb 16, 2020	13	0	0	0
Feb 17, 2020	9	0	1	0
Feb 18, 2020	7	0	2	0
Feb 19, 2020	7	0	0	0
Feb 20, 2020	3	0	0	0
Feb 21, 2020	2	0	0	0
Feb 22, 2020	2	0	3	0
Feb 23, 2020	2	0	0	0
Feb 24, 2020	2	0	1	0
Feb 25, 2020	3	0	0	2
Feb 26, 2020	11	0	0	4
Feb 27, 2020	32	0	0	19
Feb 28, 2020	58	0	0	18
Feb 29, 2020	63	0	1	39
Mar 01, 2020	114	0	0	27
Mar 02, 2020	149	0	0	56
Mar 03, 2020	187	0	0	20
Mar 04, 2020	246	0	0	67
Mar 05, 2020	528	0	0	126
Mar 06, 2020	652	0	0	209
Mar 07, 2020	782	5	0	269
Mar 08, 2020	1022	3	0	236
Mar 09, 2020	1204	11	0	185
Mar 10, 2020	1545	3	0	338
Mar 11, 2020	1938	15	0	452
Mar 12, 2020	2714	13	0	540
Mar 13, 2020	3621	18	0	714
Mar 14, 2020	4544	12	0	761
Mar 15, 2020	5754	36	0	840
Mar 16, 2020	7188	21	0	1100
Mar 17, 2020	9274	27	590	997
Mar 18, 2020	12194	89	0	1277
Mar 19, 2020	15161	108	693	1691
Mar 20, 2020	19600	78	292	1469
Mar 21, 2020	22071	112	0	1678
Mar 22, 2020	24513	112	613	1417
Mar 23, 2020	28480	186	0	3488
Mar 24, 2020	29542	240	1081	2224
Mar 25, 2020	33570	231	619	2662
Mar 26, 2020	37998	365	1048	3564
Mar 27, 2020	43862	299	752	3462
Mar 28, 2020	48781	319	0	4191
Mar 29, 2020	52683	292	1502	2362
Mar 30, 2020	52740	418	725	3977
Mar 31, 2020	54933	498	1517	6887
Apr 01, 2020	58349	508	1491	4418
Apr 02, 2020	61245	1354	1493	1923
Apr 03, 2020	65306	1119	1580	4755
Apr 04, 2020	68244	1052	1430	3877
Apr 05, 2020	69834	517	745	1703
Apr 06, 2020	72859	832	1067	3555
Apr 07, 2020	69559	1416	2087	3432
Apr 08, 2020	64639	540	1917	3526
Apr 09, 2020	63212	1339	1952	3895
Apr 10, 2020	65513	986	1726	3946
Apr 11, 2020	65171	634	1459	2829
Apr 12, 2020	64521	561	795	1466
Apr 13, 2020	62566	574	532	2428
Apr 14, 2020	60502	761	1087	4996
Apr 15, 2020	58335	1437	2150	2393
Apr 16, 2020	56631	752	1857	2400
Apr 17, 2020	53915	760	1608	368
Apr 18, 2020	53769	641	1563	2335
Apr 19, 2020	53083	395	595	714
Apr 20, 2020	50685	546	831	1864
Apr 21, 2020	48148	530	1772	2423
Apr 22, 2020	45913	543	1476	1661
Apr 23, 2020	44233	515	1431	1502
Apr 24, 2020	42417	389	1405	1611
Apr 25, 2020	40814	369	1101	1397
Apr 26, 2020	39772	242	309	419
Apr 27, 2020	38109	436	610	3420
Apr 28, 2020	36174	367	1373	1381
Apr 29, 2020	34647	426	1342	1675
Apr 30, 2020	32860	289	1248	1061
May 01, 2020	30415	218	736	563
May 02, 2020	29129	166	350	740
May 03, 2020	28172	135	222	287
May 04, 2020	26433	306	587	537
May 05, 2020	24888	330	1365	1029
May 06, 2020	23164	278	1236	3898
May 07, 2020	22111	178	1055	586
May 08, 2020	21351	243	815	598
May 09, 2020	20448	80	4206	403
May 10, 2020	19883	70	4272	195
May 11, 2020	19271	263	2851	425
May 12, 2020	18206	348	1265	659
May 13, 2020	17510	83	2590	473
May 14, 2020	16720	351	5146	580
May 15, 2020	15971	104	2529	524
May 16, 2020	15590	96	2468	347
May 17, 2020	15175	146	77	112
May 18, 2020	14539	131	2361	459
May 19, 2020	13907	119	1002	489
May 20, 2020	13334	110	1941	389
May 21, 2020	12685	83	2584	296
May 22, 2020	12334	74	1753	366
May 23, 2020	11693	43	1610	233
May 24, 2020	11630	35	1738	107
May 25, 2020	11134	65	1267	334
May 26, 2020	10763	98	3800	257
May 27, 2020	10535	66	520	178
May 28, 2020	10655	66	532	3098
May 29, 2020	10298	52	351	556
May 30, 2020	9767	57	138	1703
May 31, 2020	9662	31	394	239
Jun 01, 2020	9220	31	628	315
Jun 02, 2020	8990	107	366	283
Jun 03, 2020	8399	81	499	330
Jun 04, 2020	8360	44	480	720
Jun 05, 2020	8124	46	301	573
Jun 06, 2020	8000	31	81	543
Jun 07, 2020	7966	13	446	322
Jun 08, 2020	7795	54	435	198
Jun 09, 2020	7458	87	302	378
Jun 10, 2020	6945	23	273	511
Jun 11, 2020	6717	27	339	399
Jun 12, 2020	6761	28	205	681
Jun 13, 2020	6629	24	83	494
Jun 14, 2020	6574	9	325	382
Jun 15, 2020	6532	29	228	143
Jun 16, 2020	6345	111	67	323
Jun 17, 2020	6950	28	3070	430
Jun 18, 2020	7053	28	528	438
Jun 19, 2020	7273	14	1689	761
Jun 20, 2020	7528	16	223	602
Jun 21, 2020	7686	7	308	267
Jun 22, 2020	7823	23	260	350
Jun 23, 2020	8065	57	273	485
Jun 24, 2020	7924	11	709	76
Jun 25, 2020	7946	21	552	0
Jun 26, 2020	8246	26	517	1490
Jun 27, 2020	8136	8	314	490
Jun 28, 2020	8108	9	189	490
Jun 29, 2020	8224	18	360	263
Jun 30, 2020	7653	30	481	508
Jul 01, 2020	7436	18	381	861
Jul 02, 2020	7326	14	667	618
Jul 03, 2020	6900	18	476	546
Jul 04, 2020	7010	7	375	526
Jul 05, 2020	6745	7	136	600
Jul 06, 2020	6738	13	310	165
Jul 07, 2020	6525	13	417	446
Jul 08, 2020	6923	32	406	622
Jul 09, 2020	6446	14	747	583
Jul 10, 2020	6431	25	577	617
Jul 11, 2020	6151	4	263	628
Jul 12, 2020	6189	3	347	627
Jul 13, 2020	6170	18	467	270
Jul 14, 2020	6095	71	5	480
Jul 15, 2020	6077	20	-20	390
Jul 16, 2020	6252	18	1472	501
Jul 17, 2020	5958	14	476	785
Jul 18, 2020	5883	9	481	812
Jul 19, 2020	5855	8	255	812
Jul 20, 2020	6487	8	500	328
Jul 21, 2020	6583	13	848	548
Jul 22, 2020	6661	7	611	937
Jul 23, 2020	6928	10	536	997
Jul 24, 2020	6332	10	516	1060
Jul 25, 2020	6503	4	596	956
Jul 26, 2020	6911	4	161	955
Jul 27, 2020	6747	9	437	482
Jul 28, 2020	6717	14	608	680
Jul 29, 2020	7572	15	568	1306
Jul 30, 2020	8405	16	601	1292
Jul 31, 2020	9114	11	617	1263
Aug 01, 2020	8224	3	624	0
Aug 02, 2020	8609	4	266	2646
Aug 03, 2020	8361	22	458	522
Aug 04, 2020	9121	2	388	975
Aug 05, 2020	10132	9	492	1591
Aug 06, 2020	9731	7	778	1505
Aug 07, 2020	10834	12	800	2147
Aug 08, 2020	10209	1	811	1910
Aug 09, 2020	10594	1	327	1909
Aug 10, 2020	11308	14	534	737
Aug 11, 2020	11335	14	923	1311
Aug 12, 2020	11647	17	980	2369
Aug 13, 2020	12161	17	1043	2505
Aug 14, 2020	11908	17	939	2671
Aug 15, 2020	12261	4	951	3106
Aug 16, 2020	12780	1	481	2829
Aug 17, 2020	14463	24	656	463
Aug 18, 2020	15873	17	1289	2100
Aug 19, 2020	16459	17	1275	3544
Aug 20, 2020	17133	12	1251	4477
Aug 21, 2020	17866	23	-23	4304
Aug 22, 2020	15549	9	2637	3380
Aug 23, 2020	15530	1	521	4596
Aug 24, 2020	17154	15	960	1835
Aug 25, 2020	18600	16	1575	3101
Aug 26, 2020	15388	0	1505	5095
Aug 27, 2020	15684	32	2115	5735
Aug 28, 2020	15666	20	1890	6925
Aug 29, 2020	15951	6	1903	5117
Aug 30, 2020	16062	4	733	5080
Aug 31, 2020	15494	29	1282	2892
Sep 01, 2020	14793	26	2343	4675
Sep 02, 2020	14871	25	2480	6585
Sep 03, 2020	14788	0	2671	6716
Sep 04, 2020	16253	0	3106	8423
Sep 05, 2020	15420	12	2817	8024
Sep 06, 2020	16088	3	460	6636
Sep 07, 2020	17193	25	2075	3944
Sep 08, 2020	14920	38	3506	6141
Sep 09, 2020	15012	30	4447	8049
Sep 10, 2020	15361	19	4285	9237
Sep 11, 2020	16975	80	3300	8827
Sep 12, 2020	15792	17	4579	9911
Sep 13, 2020	16143	6	1829	6741
Sep 14, 2020	16208	34	3067	5779
Sep 15, 2020	16272	49	5046	7369
Sep 16, 2020	18289	46	5689	9182
Sep 17, 2020	18258	50	6875	9941
Sep 18, 2020	18753	153	4964	12402
Sep 19, 2020	19315	26	5054	12667
Sep 20, 2020	19980	11	2881	9918
Sep 21, 2020	19743	53	4622	4972
Sep 22, 2020	19758	78	6507	9392
Sep 23, 2020	20170	43	6673	12267
Sep 24, 2020	22299	52	8371	15105
Sep 25, 2020	24649	150	7874	14825
Sep 26, 2020	25966	39	6597	13525
Sep 27, 2020	25977	27	3917	10438
Sep 28, 2020	26646	81	6060	3819
Sep 29, 2020	26683	85	7964	7555
Sep 30, 2020	27313	63	9174	12054
Oct 01, 2020	28017	63	8764	13110
Oct 02, 2020	29240	130	9781	11400
Oct 03, 2020	29604	49	6692	15927
Oct 04, 2020	30042	32	5747	11792
Oct 05, 2020	31314	69	7300	4771
Oct 06, 2020	31857	66	9116	9843
Oct 07, 2020	33734	80	9861	17592
Oct 08, 2020	36320	76	12326	17013
Oct 09, 2020	38964	109	12558	19087
Oct 10, 2020	40235	54	9864	25240
Oct 11, 2020	41862	46	4926	15110
Oct 12, 2020	44446	95	9297	7981
Oct 13, 2020	46812	108	12159	12193
Oct 14, 2020	50044	104	15001	21200
Oct 15, 2020	54379	88	14737	28736
Oct 16, 2020	59329	178	13347	23542
Oct 17, 2020	61853	89	10349	30431
Oct 18, 2020	65188	85	3734	28000
Oct 19, 2020	69005	146	7409	12428
Oct 20, 2020	72616	262	11792	19208
Oct 21, 2020	79229	163	12947	25034
Oct 22, 2020	87703	162	11238	39060
Oct 23, 2020	96933	298	15629	39445
Oct 24, 2020	103570	137	11655	42626
Oct 25, 2020	110372	116	4655	48808
Oct 26, 2020	118549	257	9586	25123
Oct 27, 2020	126429	523	17069	31360
Oct 28, 2020	136335	244	16769	34194
Oct 29, 2020	148691	235	18852	44705
Oct 30, 2020	161470	545	24695	46185
Oct 31, 2020	175480	223	14887	33447
Nov 01, 2020	177797	231	7750	45258
Nov 02, 2020	186625	467	11726	51104
Nov 03, 2020	194720	906	20294	35912
Nov 04, 2020	204902	437	28299	39880
Nov 05, 2020	216396	415	23127	56292
Nov 06, 2020	227367	880	29551	58581
Nov 07, 2020	235015	356	27644	83324
Nov 08, 2020	241571	322	12106	38059
Nov 09, 2020	247783	548	18660	20732
Nov 10, 2020	252547	857	24177	22632
Nov 11, 2020	259260	328	38732	35488
Nov 12, 2020	269527	425	39020	32948
Nov 13, 2020	278583	932	41694	24147
Nov 14, 2020	283144	552	48256	31937
Nov 15, 2020	287816	500	24623	27370
Nov 16, 2020	289398	704	30656	10645
Nov 17, 2020	290346	625	33569	13630
Nov 18, 2020	294502	677	44028	26636
Nov 19, 2020	301681	681	45504	19848
Nov 20, 2020	308442	634	32813	21473
Nov 21, 2020	310890	390	44868	16780
Nov 22, 2020	313926	352	50752	12347
Nov 23, 2020	313222	638	35274	4178
Nov 24, 2020	311297	592	39288	8591
Nov 25, 2020	311804	569	55723	15280
Nov 26, 2020	313393	527	58054	12728
Nov 27, 2020	315004	581	82743	11692
Nov 28, 2020	314543	316	37743	11806
Nov 29, 2020	316723	301	20431	9182
Nov 30, 2020	313849	509	22123	3758
Dec 01, 2020	309448	466	35022	7585
Dec 02, 2020	308364	425	32523	13198
Dec 03, 2020	310424	439	23708	11914
Dec 04, 2020	312932	397	31540	10530
Dec 05, 2020	315359	327	27043	12127
Dec 06, 2020	319224	287	10358	10344
Dec 07, 2020	317104	480	13150	3201
Dec 08, 2020	316199	491	26145	12869
Dec 09, 2020	319382	403	19445	13697
Dec 10, 2020	327030	400	21073	12904
Dec 11, 2020	334785	412	16368	12581
Dec 12, 2020	340849	314	12033	13088
Dec 13, 2020	348104	271	3907	10823
Dec 14, 2020	349979	492	8099	2874
Dec 15, 2020	351448	428	14852	10822
Dec 16, 2020	357965	407	12321	16531
Dec 17, 2020	365589	376	11316	17130
Dec 18, 2020	374401	374	11432	14709
Dec 19, 2020	381958	294	8888	16484
Dec 20, 2020	390529	236	3522	12011
Dec 21, 2020	391327	456	7129	5440
Dec 22, 2020	391574	487	12711	11069
Dec 23, 2020	398582	359	11555	14010
Dec 24, 2020	400144	373	10157	20302
Dec 25, 2020	396567	242	11885	19015
Dec 26, 2020	389209	230	10114	2903
Dec 27, 2020	388016	257	2944	8279
Dec 28, 2020	385562	447	12422	2778
Dec 29, 2020	381431	468	13229	10694
Dec 30, 2020	383871	377	12527	24828
Dec 31, 2020	383005	325	12256	18700
Jan 01, 2021	377086	207	12881	18157
Jan 02, 2021	370460	231	10592	3253
Jan 03, 2021	367033	191	2683	11720
Jan 04, 2021	358909	453	10369	3774
Jan 05, 2021	352567	420	16111	19228
Jan 06, 2021	351995	387	16743	23817
Jan 07, 2021	355932	381	14328	20367
Jan 08, 2021	360314	381	16103	18594
Jan 09, 2021	362054	264	11747	18935
Jan 10, 2021	362475	248	5192	14963
Jan 11, 2021	353332	407	10662	3362
Jan 12, 2021	344238	452	13558	18536
Jan 13, 2021	339893	347	19955	22384
Jan 14, 2021	338158	401	18614	19921
Jan 15, 2021	335799	399	2504	19962
Jan 16, 2021	333484	264	8015	20088
Jan 17, 2021	330776	213	2565	15618
Jan 18, 2021	319338	475	10219	3506
Jan 19, 2021	306017	441	24387	22155
Jan 20, 2021	298020	420	18280	25135
Jan 21, 2021	295362	456	17701	21442
Jan 22, 2021	292856	429	2824	21858
Jan 23, 2021	289566	295	11425	22451
Jan 24, 2021	287307	237	3537	17301
Jan 25, 2021	277260	510	18718	3979
Jan 26, 2021	265484	417	23400	20726
Jan 27, 2021	258123	505	19862	25259
Jan 28, 2021	254473	499	18095	22307
Jan 29, 2021	251337	510	18425	21451
Jan 30, 2021	247716	322	14641	22890
Jan 31, 2021	246002	275	3087	18051
Feb 01, 2021	238111	536	18000	4079
Feb 02, 2021	226369	485	21899	21900
Feb 03, 2021	218919	476	19445	24739
Feb 04, 2021	213390	476	19486	22005
Feb 05, 2021	206288	413	19675	20776
Feb 06, 2021	201878	263	15355	19319
Feb 07, 2021	199959	243	3263	18501
Feb 08, 2021	192204	530	21625	4051
Feb 09, 2021	181252	508	24627	17708
Feb 10, 2021	173987	404	21038	23824
Feb 11, 2021	168869	468	21390	19766
Feb 12, 2021	164151	429	22022	19427
Feb 13, 2021	159254	257	17044	19924
Feb 14, 2021	156803	226	3753	15527
Feb 15, 2021	151883	471	20255	4107
Feb 16, 2021	144590	410	24849	18384
Feb 17, 2021	140468	391	21916	23478
Feb 18, 2021	138518	352	21099	21116
Feb 19, 2021	136595	409	22481	22631
Feb 20, 2021	134727	213	17838	20994
Feb 21, 2021	135294	163	3916	20689
Feb 22, 2021	132480	363	21537	4360
Feb 23, 2021	128099	341	24398	18829
Feb 24, 2021	128476	370	21635	29579
Feb 25, 2021	130064	354	20422	23839
Feb 26, 2021	130031	379	18940	23655
Feb 27, 2021	130133	214	18287	22519
Feb 28, 2021	131020	125	3926	18724
Mar 01, 2021	128889	404	17304	4413
Mar 02, 2021	125878	330	23494	21450
Mar 03, 2021	126526	389	19377	25139
Mar 04, 2021	128639	360	19067	23723
Mar 05, 2021	129229	305	19619	22060
Mar 06, 2021	129990	187	15340	21871
Mar 07, 2021	131561	147	3960	20482
Mar 08, 2021	129907	377	18007	4999
Mar 09, 2021	127764	316	23162	21868
Mar 10, 2021	130614	295	20821	28438
Mar 11, 2021	135684	296	22335	25494
Mar 12, 2021	139639	254	20740	23676
Mar 13, 2021	143076	192	20497	27927
Mar 14, 2021	146609	137	4223	24721
Mar 15, 2021	145902	357	18472	6073
Mar 16, 2021	145775	338	29241	28130
Mar 17, 2021	152222	300	23539	36131
Mar 18, 2021	169880	327	23328	32844
Mar 19, 2021	168141	362	22157	32911
Mar 20, 2021	173783	244	18480	33169
Mar 21, 2021	179258	170	4243	28699
Mar 22, 2021	179171	402	21048	35259
Mar 23, 2021	179423	347	24792	23350
Mar 24, 2021	188386	305	23418	31334
Mar 25, 2021	199538	285	21775	42831
Mar 26, 2021	209822	363	21508	39292
Mar 27, 2021	218513	201	20281	39995
Mar 28, 2021	225000	142	4857	34736
Mar 29, 2021	224724	371	21497	26843
Mar 30, 2021	224499	348	28090	26580
Mar 31, 2021	231217	325	25169	39327
Apr 01, 2021	241613	314	23362	47541
Apr 02, 2021	246477	304	27623	43804
Apr 03, 2021	247837	213	24508	18571
Apr 04, 2021	248393	185	5888	57172
Apr 05, 2021	243625	197	27933	11576
Apr 06, 2021	237392	414	35717	54241
Apr 07, 2021	234615	431	32413	28890
Apr 08, 2021	241672	374	32537	14892
Apr 09, 2021	247536	301	32868	38704
Apr 10, 2021	252159	179	28520	40620
Apr 11, 2021	259091	176	35083	32747
Apr 12, 2021	257767	385	22965	8011
Apr 13, 2021	251940	351	30983	36705
Apr 14, 2021	265579	303	42528	40827
Apr 15, 2021	278484	302	38990	35703
Apr 16, 2021	284271	313	39682	34199
Apr 17, 2021	291988	189	34547	33653
Apr 18, 2021	294946	140	26703	27538
Apr 19, 2021	296179	489	26091	6847
Apr 20, 2021	295829	346	38981	39882
Apr 21, 2021	302894	313	47228	32815
Apr 22, 2021	310764	283	43521	32205
Apr 23, 2021	314530	332	18239	30349
Apr 24, 2021	321394	217	56955	30624
Apr 25, 2021	321765	152	11424	22959
Apr 26, 2021	315026	405	53836	5586
Apr 27, 2021	312380	333	28557	28451
Apr 28, 2021	314155	322	14570	29598
Apr 29, 2021	320547	313	38391	24904
Apr 30, 2021	313187	276	40344	22803
May 01, 2021	316267	195	32552	24090
May 02, 2021	316868	116	7895	9279
May 03, 2021	310852	315	36390	3529
May 04, 2021	302091	247	40580	22871
May 05, 2021	299848	252	35451	24400
May 06, 2021	294043	227	33972	20375
May 07, 2021	289847	235	33418	17947
May 08, 2021	286588	179	27359	19468
May 09, 2021	282659	119	6728	8566
May 10, 2021	273963	296	39586	3089
May 11, 2021	261347	240	32575	18573
May 12, 2021	251527	184	32021	20175
May 13, 2021	248755	131	30218	18263
May 14, 2021	240096	173	30451	6593
May 15, 2021	233388	122	22837	14719
May 16, 2021	229493	91	5495	13089
May 17, 2021	220406	206	28245	3144
May 18, 2021	208131	198	29400	16151
May 19, 2021	199654	146	24763	17877
May 20, 2021	192546	138	22803	15415
May 21, 2021	183828	113	23947	12800
May 22, 2021	176939	95	9166	12611
May 23, 2021	168808	76	3440	9704
May 24, 2021	162831	68	22801	2229
May 25, 2021	150387	203	24320	3155
May 26, 2021	139441	153	20172	12646
May 27, 2021	134558	151	17803	13933
May 28, 2021	129252	107	19308	11268
May 29, 2021	123541	69	8459	10675
May 30, 2021	119741	46	3021	8541
May 31, 2021	113747	128	18529	1211
Jun 01, 2021	104968	129	20044	9848
Jun 02, 2021	98569	98	18134	8743
Jun 03, 2021	93160	72	6469	8161
Jun 04, 2021	87627	84	14673	6953
Jun 05, 2021	82884	57	13005	6654
Jun 06, 2021	80603	26	3087	5070
Jun 07, 2021	77351	65	16126	1166
Jun 08, 2021	72286	73	17811	6016
Jun 09, 2021	67758	66	15342	5557
Jun 10, 2021	64209	70	12735	4475
Jun 11, 2021	61088	71	12540	3871
Jun 12, 2021	57914	34	9604	3972
Jun 13, 2021	55699	13	2195	2855
Jun 14, 2021	52749	63	3171	689
Jun 15, 2021	48340	80	12583	3235
Jun 16, 2021	44758	50	13853	3058
Jun 17, 2021	41494	62	11224	2044
Jun 18, 2021	39246	56	10607	3181
Jun 19, 2021	37079	22	8485	2624
Jun 20, 2021	35824	14	1189	1815
Jun 21, 2021	34067	40	9834	487
Jun 22, 2021	31780	51	8703	2204
Jun 23, 2021	29430	33	8110	2320
Jun 24, 2021	26809	44	6920	2007
Jun 25, 2021	25236	33	6610	1986
Jun 26, 2021	24108	16	5037	2128
Jun 27, 2021	23434	21	1154	1578
Jun 28, 2021	22351	48	5999	509
Jun 29, 2021	21057	33	5501	2314
Jun 30, 2021	20239	25	4442	2457
Jul 01, 2021	19385	29	3846	2664
Jul 02, 2021	18913	24	3943	2683
Jul 03, 2021	18332	17	2831	3006
Jul 04, 2021	18142	9	672	2549
Jul 05, 2021	17623	36	3226	796
Jul 06, 2021	17100	34	3022	3585
Jul 07, 2021	17051	28	2010	4081
Jul 08, 2021	16925	25	3153	4442
Jul 09, 2021	16970	18	2599	4580
Jul 10, 2021	17054	19	1797	4696
Jul 11, 2021	17221	4	468	4256
Jul 12, 2021	17068	28	2200	1260
Jul 13, 2021	17263	54	2292	6950
Jul 14, 2021	17960	6	1953	8875
Jul 15, 2021	18779	16	1980	3617
Jul 16, 2021	19519	22	2112	10908
Jul 17, 2021	20215	16	1556	10949
Jul 18, 2021	20698	5	493	12532
Jul 19, 2021	20869	20	2309	4151
Jul 20, 2021	21565	33	2437	18181
Jul 21, 2021	22130	29	2631	21539
Jul 22, 2021	23491	11	2654	21909
Jul 23, 2021	24621	26	2995	19561
Jul 24, 2021	25389	25	2523	25624
Jul 25, 2021	25740	7	771	15242
Jul 26, 2021	25944	50	3579	5307
Jul 27, 2021	26379	31	4036	26871
Jul 28, 2021	28010	44	4414	27934
Jul 29, 2021	28951	32	4540	25190
Jul 30, 2021	30519	66	4667	24309
Jul 31, 2021	30925	47	4196	23471
Aug 01, 2021	31279	20	1217	19600
Aug 02, 2021	30970	56	6932	5184
Aug 03, 2021	31493	63	8824	26829
Aug 04, 2021	33516	59	3560	28784
Aug 05, 2021	35661	57	10855	26460
Aug 06, 2021	37530	66	10897	25077
Aug 07, 2021	38888	35	12472	25755
Aug 08, 2021	39830	33	4119	20450
Aug 09, 2021	40032	75	18151	5775
Aug 10, 2021	41095	75	21471	28576
Aug 11, 2021	44353	60	21841	30920
Aug 12, 2021	47943	85	19507	28554
Aug 13, 2021	51353	82	25547	26453
Aug 14, 2021	54032	56	15168	24427
Aug 15, 2021	56065	49	5256	21172
Aug 16, 2021	57097	107	26827	5829
Aug 17, 2021	59760	123	27837	28114
Aug 18, 2021	63033	124	25079	28405
Aug 19, 2021	68337	140	24197	23973
Aug 20, 2021	77261	92	23344	22319
Aug 21, 2021	80978	89	19517	22636
Aug 22, 2021	84621	49	5103	17300
Aug 23, 2021	86657	119	26785	5166
Aug 24, 2021	90310	169	28676	24853
Aug 25, 2021	98467	102	26307	23706
Aug 26, 2021	106623	110	24984	19683
Aug 27, 2021	113135	109	25432	18249
Aug 28, 2021	117413	85	20355	17590
Aug 29, 2021	120543	61	5701	13630
Aug 30, 2021	122120	112	28523	3795
Aug 31, 2021	124363	136	30822	19425
Sep 01, 2021	132351	86	28418	17621
Sep 02, 2021	140164	103	26320	15911
Sep 03, 2021	145862	93	24324	13466
Sep 04, 2021	148720	83	21079	13336
Sep 05, 2021	152220	49	5746	10410
Sep 06, 2021	151846	102	28065	3042
Sep 07, 2021	152775	152	28303	14534
Sep 08, 2021	158399	100	23821	12828
Sep 09, 2021	164075	103	22219	10969
Sep 10, 2021	168087	80	22533	9966
Sep 11, 2021	168803	46	17220	9601
Sep 12, 2021	170156	29	5120	7679
Sep 13, 2021	169996	86	24824	2062
Sep 14, 2021	168772	147	23620	10327
Sep 15, 2021	170641	79	19536	9144
Sep 16, 2021	172359	65	18170	8128
Sep 17, 2021	171480	66	17525	7373
Sep 18, 2021	169548	42	13564	7414
Sep 19, 2021	169000	28	3753	5814
Sep 20, 2021	165356	68	19397	1515
Sep 21, 2021	161048	153	17553	7851
Sep 22, 2021	159962	58	15758	6794
Sep 23, 2021	158861	62	13408	6229
Sep 24, 2021	157091	49	13274	5879
Sep 25, 2021	154699	29	10361	6012
Sep 26, 2021	153953	14	3013	4706
Sep 27, 2021	150011	92	14520	1309
Sep 28, 2021	145836	60	12736	6765
Sep 29, 2021	146475	42	10909	5835
Sep 30, 2021	147031	56	9924	5204
Oct 01, 2021	146316	46	9545	4935
Oct 02, 2021	142415	30	7633	4948
Oct 03, 2021	141573	9	2032	3744
Oct 04, 2021	137915	50	10318	1138
Oct 05, 2021	135306	75	9094	5558
Oct 06, 2021	134930	34	8053	4946
Oct 07, 2021	147247	34	7339	4615
Oct 08, 2021	147211	38	7380	4470
Oct 09, 2021	146315	15	5776	4734
Oct 10, 2021	146649	8	1500	3991
Oct 11, 2021	143267	30	7843	1120
Oct 12, 2021	140695	68	6764	5880
Oct 13, 2021	142822	23	6161	5578
Oct 14, 2021	145809	38	5856	5187
Oct 15, 2021	148383	34	5974	6099
Oct 16, 2021	149470	15	4672	4899
Oct 17, 2021	150767	5	1294	3778
Oct 18, 2021	149278	41	6760	1057
Oct 19, 2021	150144	49	5794	5934
Oct 20, 2021	158951	21	5155	6036
Oct 21, 2021	168304	35	4914	6127
Oct 22, 2021	167606	29	4913	6366
Oct 23, 2021	168873	23	3715	6291
Oct 24, 2021	173884	4	1115	5005
Oct 25, 2021	169072	41	5554	1295
Oct 26, 2021	179327	47	4905	6603
Oct 27, 2021	194080	34	4568	6528
Oct 28, 2021	210668	33	4436	6461
Oct 29, 2021	223512	27	4701	6433
Oct 30, 2021	230312	22	3964	7360
Oct 31, 2021	236199	12	1098	6329
Nov 01, 2021	236076	6	5868	1866
Nov 02, 2021	238519	74	5572	2039
Nov 03, 2021	250288	39	5113	10050
Nov 04, 2021	272510	47	6060	9502
Nov 05, 2021	293938	26	4852	8998
Nov 06, 2021	307549	25	3752	9605
Nov 07, 2021	318010	10	1032	8547
Nov 08, 2021	323982	55	5924	2197
Nov 09, 2021	335180	58	5981	12476
Nov 10, 2021	362052	33	6069	11883
Nov 11, 2021	395506	17	6333	12603
Nov 12, 2021	425862	48	6274	3860
Nov 13, 2021	445229	16	4957	14646
Nov 14, 2021	462342	17	1279	12496
Nov 15, 2021	476258	70	6586	3241
Nov 16, 2021	494244	47	6458	19778
Nov 17, 2021	529849	50	6414	20294
Nov 18, 2021	570452	52	6383	20366
Nov 19, 2021	605488	50	7308	21220
Nov 20, 2021	631479	23	6279	22678
Nov 21, 2021	652279	15	1843	19749
Nov 22, 2021	669564	94	2024	5266
Nov 23, 2021	692789	98	9956	30454
Nov 24, 2021	733534	81	9404	32591
Nov 25, 2021	777851	43	8917	33464
Nov 26, 2021	818736	60	9562	34436
Nov 27, 2021	840077	34	8487	37218
Nov 28, 2021	857850	23	2163	31648
Nov 29, 2021	871091	122	12453	8279
Nov 30, 2021	885986	115	11761	47177
Dec 01, 2021	913158	96	12488	49610
Dec 02, 2021	944187	103	3764	48416
Dec 03, 2021	970869	127	14543	49858
Dec 04, 2021	982226	49	12369	51624
Dec 05, 2021	993735	29	3192	42252
Dec 06, 2021	995156	192	19749	11308
Dec 07, 2021	996000	172	20102	59019
Dec 08, 2021	1008961	133	20194	61340
Dec 09, 2021	1021033	136	21087	56854
Dec 10, 2021	1028506	150	-136	55339
Dec 11, 2021	1026771	65	42277	53720
Dec 12, 2021	1029281	48	5201	43848
Dec 13, 2021	1017425	243	30406	12036
Dec 14, 2021	996045	158	32348	63405
Dec 15, 2021	988786	151	33306	65713
Dec 16, 2021	982464	188	34285	60866
Dec 17, 2021	969587	162	37030	58128
Dec 18, 2021	955610	85	31486	58536
Dec 19, 2021	950473	75	8194	48473
Dec 20, 2021	923803	224	47102	15075
Dec 21, 2021	892836	229	49386	72832
Dec 22, 2021	871719	170	48187	84272
Dec 23, 2021	851113	179	49688	91608
Dec 24, 2021	822520	167	51445	94124
Dec 25, 2021	801151	84	42085	104611
Dec 26, 2021	785053	96	11224	27697
Dec 27, 2021	760564	256	58923	30383
Dec 28, 2021	729794	290	61084	179807
Dec 29, 2021	711629	184	56564	208099
Dec 30, 2021	698170	180	55155	206243
Dec 31, 2021	680692	189	53540	232200
Jan 01, 2022	665028	110	43659	219126
Jan 02, 2022	654912	91	11926	58432
Jan 03, 2022	643461	270	63314	67461
Jan 04, 2022	633654	351	65443	271686
Jan 05, 2022	646514	246	60515	332252
Jan 06, 2022	658296	204	57882	261481
Jan 07, 2022	679105	193	58332	328214
Jan 08, 2022	693466	142	48280	303669
Jan 09, 2022	703818	90	14933	296097
Jan 10, 2022	710261	280	72742	93896
Jan 11, 2022	723879	341	83992	368149
Jan 12, 2022	759790	246	91267	361719
Jan 13, 2022	811183	225	93878	305322
Jan 14, 2022	854431	191	104386	329371
Jan 15, 2022	887503	148	27506	324580
Jan 16, 2022	911464	98	30235	278129
Jan 17, 2022	928937	296	179709	102144
Jan 18, 2022	973736	375	207803	464769
Jan 19, 2022	1047130	231	205868	436167
Jan 20, 2022	1140484	245	231969	425183
Jan 21, 2022	1240743	233	218881	400851
Jan 22, 2022	1318442	167	58199	389320
Jan 23, 2022	1369791	115	67294	301614
Jan 24, 2022	1417492	393	271571	108481
Jan 25, 2022	1507616	467	331859	501635
Jan 26, 2022	1639591	258	261014	428008
Jan 27, 2022	1773272	268	327956	392168
Jan 28, 2022	1911657	263	303401	353503
Jan 29, 2022	2016684	178	295834	332398
Jan 30, 2022	2094068	127	93718	249448
Jan 31, 2022	2155417	348	368022	82657
Feb 01, 2022	2256069	381	361371	416896
Feb 02, 2022	2394617	276	304941	315363
Feb 03, 2022	2555049	264	329095	274352
Feb 04, 2022	2706395	355	324316	241049
Feb 05, 2022	2810117	170	277774	214542
Feb 06, 2022	2882407	129	101974	155439
Feb 07, 2022	2937145	417	464640	46001
Feb 08, 2022	3034338	691	435750	235267
Feb 09, 2022	3156002	283	412530	179614
Feb 10, 2022	3289706	310	412530	153025
Feb 11, 2022	3409280	329	389010	131376
Feb 12, 2022	3478929	161	301285	118611
Feb 13, 2022	3529498	107	108320	86562
Feb 14, 2022	3555017	385	501528	26475
Feb 15, 2022	3582018	390	427623	142253
Feb 16, 2022	3652625	276	391778	98735
Feb 17, 2022	3712394	287	353227	92345
Feb 18, 2022	3754485	304	332111	82553
Feb 19, 2022	3781574	148	249144	76638
Feb 20, 2022	3806840	114	82509	59003
Feb 21, 2022	3762915	283	416896	17195
Feb 22, 2022	3719193	285	319295	97382
Feb 23, 2022	3735899	213	269738	66833
Feb 24, 2022	3752357	281	240836	66732
Feb 25, 2022	3751721	188	214261	58138
Feb 26, 2022	3751728	101	155251	53623
Feb 27, 2022	3763124	76	45900	42600
Feb 28, 2022	3690002	232	235191	13483
Mar 01, 2022	3611492	209	179382	79794
Mar 02, 2022	3578894	186	152816	57697
Mar 03, 2022	3554643	180	131190	60225
Mar 04, 2022	3556463	181	118431	57789
Mar 05, 2022	3565637	120	86381	53678
Mar 06, 2022	3584539	32	26355	45328
Mar 07, 2022	3538734	176	142221	14496
Mar 08, 2022	3494064	167	98559	93050
Mar 09, 2022	3457121	155	92178	69190
Mar 10, 2022	3547137	107	82398	74818
Mar 11, 2022	3602737	149	76531	72399
Mar 12, 2022	3627438	51	58854	72443
Mar 13, 2022	3764470	29	17144	60422
Mar 14, 2022	3714706	185	97353	18853
Mar 15, 2022	3727006	146	66648	116618
Mar 16, 2022	3784815	173	66586	108832
Mar 17, 2022	3870953	116	57965	101747
Mar 18, 2022	3973786	112	53507	97579
Mar 19, 2022	4017154	62	42488	98104
Mar 20, 2022	4027055	30	13421	81283
Mar 21, 2022	4057985	152	79764	24179
Mar 22, 2022	4102618	133	57545	180777
Mar 23, 2022	4186831	101	60092	145560
Mar 24, 2022	4284262	124	57688	148635
Mar 25, 2022	4371008	121	53554	143571
Mar 26, 2022	4395373	67	45207	139517
Mar 27, 2022	4403590	41	14429	110174
Mar 28, 2022	4462566	149	93009	29455
Mar 29, 2022	4480593	164	69041	217480
Mar 30, 2022	4520855	149	74654	169024
Mar 31, 2022	4551120	139	72250	169311
Apr 01, 2022	4575633	134	72304	148629
Apr 02, 2022	4571885	68	60288	132114
Apr 03, 2022	4543112	31	18785	102266
Apr 04, 2022	4481713	149	116587	27648
Apr 05, 2022	4420247	129	108683	203021
Apr 06, 2022	4356844	128	101618	161950
Apr 07, 2022	4301902	105	97451	158792
Apr 08, 2022	4233720	139	97999	148768
Apr 09, 2022	4177887	87	81144	141690
Apr 10, 2022	4132336	45	24092	107654
Apr 11, 2022	4021175	178	180732	25492
Apr 12, 2022	3910815	159	145382	190762
Apr 13, 2022	3804196	152	148476	146426
Apr 14, 2022	3699501	133	143419	137342
Apr 15, 2022	3557898	151	139384	125394
Apr 16, 2022	3475462	61	110023	111583
Apr 17, 2022	3424564	35	29394	86650
Apr 18, 2022	3238359	48	217445	19810
Apr 19, 2022	3106922	182	168976	25465
Apr 20, 2022	3032294	227	169129	155711
Apr 21, 2022	2928053	185	148402	104007
Apr 22, 2022	2827297	146	131929	88389
Apr 23, 2022	2795409	75	102120	80571
Apr 24, 2022	2763054	40	27573	58954
Apr 25, 2022	2667663	197	202981	13984
Apr 26, 2022	2563055	170	161753	97498
Apr 27, 2022	2466973	152	158622	67711
Apr 28, 2022	2384166	132	148616	59760
Apr 29, 2022	2341203	158	141558	52919
Apr 30, 2022	2317800	61	107496	49482
May 01, 2022	2278682	32	25431	36726
May 02, 2022	2186043	180	190730	8737
May 03, 2022	2154620	120	146246	67017
May 04, 2022	2138658	114	137222	47925
May 05, 2022	2066500	122	125280	44225
May 06, 2022	2017278	110	111461	40224
May 07, 2022	1995082	62	86540	37958
May 08, 2022	1961532	54	19748	29324
May 09, 2022	1875487	132	25411	7354
May 10, 2022	1816034	123	155579	56449
May 11, 2022	1769109	96	103884	40299
May 12, 2022	1723682	84	88293	36047
May 13, 2022	1720071	98	80487	32773
May 14, 2022	1711202	74	58856	30459
May 15, 2022	1685649	21	13984	22844
May 16, 2022	1657657	126	97403	5936
May 17, 2022	1598172	90	67585	43727
May 18, 2022	1519488	80	59670	29995
May 19, 2022	1449295	67	52839	27842
May 20, 2022	1389001	65	49415	24332
May 21, 2022	1368008	44	36661	22507
May 22, 2022	1344405	11	8737	16965
May 23, 2022	1256290	82	66962	4386
May 24, 2022	1186647	88	47843	32029
May 25, 2022	1134023	51	44137	22006
May 26, 2022	1083919	28	40173	21234
May 27, 2022	1028902	45	37930	4811
May 28, 2022	1021750	23	29279	23582
May 29, 2022	1010106	14	7354	16440
May 30, 2022	955025	85	56412	4673
May 31, 2022	918773	76	40214	35142
Jun 01, 2022	891445	58	35971	26144
Jun 02, 2022	870915	41	32715	25365
Jun 03, 2022	855631	38	30418	25130
Jun 04, 2022	859898	34	22806	25172
Jun 05, 2022	846604	10	5936	20542
Jun 06, 2022	779412	9	43727	6184
Jun 07, 2022	773740	74	29942	11627
Jun 08, 2022	753432	77	27768	53802
Jun 09, 2022	784565	42	24255	40151
Jun 10, 2022	812267	39	-42	17152
Jun 11, 2022	836444	0	39433	0
Jun 12, 2022	824700	0	4386	79397
Jun 13, 2022	806334	92	32029	8474
Jun 14, 2022	830154	57	21914	65425
Jun 15, 2022	817145	49	21177	51954
Jun 16, 2022	863796	49	4762	53081
Jun 17, 2022	852067	43	23533	50605
Jun 18, 2022	914186	19	-43	50266
Jun 19, 2022	903363	3	16440	40125
Jun 20, 2022	873874	45	39793	11566
Jun 21, 2022	940706	56	26099	95217
Jun 22, 2022	1007063	66	25309	77967
Jun 23, 2022	1092825	40	25064	79852
Jun 24, 2022	1155525	49	25132	79262
Jun 25, 2022	1224277	30	-49	80926
Jun 26, 2022	1210377	11	20542	66301
Jun 27, 2022	1293493	48	17770	17601
Jun 28, 2022	1302068	37	53754	147248
Jun 29, 2022	1390756	48	40114	124724
Jun 30, 2022	1450571	42	17104	133346
Jul 01, 2022	1525537	52	-42	125066
Jul 02, 2022	1525537	30	-52	122639
Jul 03, 2022	1510900	14	79397	96191
Jul 04, 2022	1514687	97	73899	24418
Jul 05, 2022	1553293	75	51813	206554
Jul 06, 2022	1688587	53	53006	154615
Jul 07, 2022	1648688	89	50552	161265
Jul 08, 2022	1744503	74	50177	140997
Jul 09, 2022	1715303	39	-74	116405
Jul 10, 2022	1601390	15	40125	110589
Jul 11, 2022	1647754	108	106783	24343
Jul 12, 2022	1679661	126	77805	182006
Jul 13, 2022	1769065	109	79726	127642
Jul 14, 2022	1878644	54	79153	119285
Jul 15, 2022	1917456	108	80872	23027
Jul 16, 2022	1888656	59	66193	124009
Jul 17, 2022	1867856	26	17601	73668
Jul 18, 2022	1924345	174	147163	17733
Jul 19, 2022	1945408	144	124550	134188
Jul 20, 2022	1972155	125	133202	89982
Jul 21, 2022	1981761	133	124941	80869
Jul 22, 2022	1984054	113	122506	74348
Jul 23, 2022	1953554	57	96078	68532
Jul 24, 2022	1932154	23	24418	50032
Jul 25, 2022	1960541	130	206474	11195
Jul 26, 2022	1949440	119	154485	87562
Jul 27, 2022	1821109	103	161146	58638
Jul 28, 2022	1905754	112	140894	51594
Jul 29, 2022	1876040	89	116293	45515
Jul 30, 2022	1846040	55	110500	41274
Jul 31, 2022	1826140	20	24343	31535
Aug 01, 2022	1807623	121	181931	7249
Aug 02, 2022	1762194	101	127521	54519
Aug 03, 2022	1714847	90	119184	38788
Aug 04, 2022	1668488	87	22937	33799
Aug 05, 2022	1628056	80	123922	30592
Aug 06, 2022	1600256	45	73588	28518
Aug 07, 2022	1580756	20	17733	21528
Aug 08, 2022	1539092	109	134123	5090
Aug 09, 2022	1481916	111	89873	38230
Aug 10, 2022	1424551	88	80758	27081
Aug 11, 2022	1282923	80	74260	24312
Aug 12, 2022	1328645	74	68452	22638
Aug 13, 2022	1302545	0	49958	21175
Aug 14, 2022	1285245	0	11195	16347
Aug 15, 2022	1235547	65	87562	4564
Aug 16, 2022	1185045	113	58573	6331
Aug 17, 2022	1143246	93	51481	35745
Aug 18, 2022	1105101	92	45422	23605
Aug 19, 2022	1066075	74	41182	20236
Aug 20, 2022	1042675	40	31461	19870
Aug 21, 2022	1027875	0	7249	14820
Aug 22, 2022	988789	76	54479	4012
Aug 23, 2022	944581	88	38712	28988
Aug 24, 2022	913466	57	33711	21289
Aug 25, 2022	887519	44	30535	19837
Aug 26, 2022	865444	51	28474	18116
Aug 27, 2022	847244	23	21477	17833
Aug 28, 2022	835144	9	5090	14110
Aug 29, 2022	817631	78	38198	3806
Aug 30, 2022	793353	72	27003	27358
Aug 31, 2022	771059	54	24240	19240
Sep 01, 2022	753241	41	22584	18646
Sep 02, 2022	737666	55	21134	16399
Sep 03, 2022	721666	14	16292	15597
Sep 04, 2022	710966	3	4564	12894
Sep 05, 2022	701876	67	6314	3443
Sep 06, 2022	687651	60	35678	26918
Sep 07, 2022	680291	46	23545	20142
Sep 08, 2022	674067	58	20190	19866
Sep 09, 2022	664551	31	19812	19087
Sep 10, 2022	651151	15	14789	19517
Sep 11, 2022	641451	6	4012	16422
Sep 12, 2022	646191	40	28967	4579
Sep 13, 2022	641981	49	21249	41850
Sep 14, 2022	643965	33	19788	33575
Sep 15, 2022	645197	33	18083	33263
Sep 16, 2022	648722	28	17800	28686
Sep 17, 2022	636922	11	14082	33162
Sep 18, 2022	628022	2	3806	23137
Sep 19, 2022	642314	58	27345	5219
Sep 20, 2022	651639	48	19182	51816
Sep 21, 2022	667011	33	18598	38250
Sep 22, 2022	684218	30	16366	38464
Sep 23, 2022	700492	33	15567	37524
Sep 24, 2022	688892	14	12861	38024
Sep 25, 2022	679992	8	3443	31365
Sep 26, 2022	723956	51	26896	7489
Sep 27, 2022	773129	40	20091	73639
Sep 28, 2022	814298	45	19826	53410
Sep 29, 2022	878225	33	19042	51366
Sep 30, 2022	920965	34	19484	48261
Oct 01, 2022	908965	17	16388	46596
Oct 02, 2022	899365	7	4579	37453
Oct 03, 2022	853265	62	41826	8690
Oct 04, 2022	939169	74	33513	89185
Oct 05, 2022	1028566	47	33189	66564
Oct 06, 2022	1163461	50	28639	65537
Oct 07, 2022	1248097	53	33112	61121
Oct 08, 2022	1232597	26	23084	57270
Oct 09, 2022	1219497	8	5219	42626
Oct 10, 2022	1333948	79	51782	9373
Oct 11, 2022	1405897	85	38171	94753
Oct 12, 2022	1494134	55	38379	67948
Oct 13, 2022	1556367	62	37469	64218
Oct 14, 2022	1599115	79	37962	58695
Oct 15, 2022	1580015	35	31286	55394
Oct 16, 2022	1565815	17	7489	41973
Oct 17, 2022	1670560	112	73587	9421
Oct 18, 2022	1719286	101	53298	87666
Oct 19, 2022	1750669	106	51265	63031
Oct 20, 2022	1763884	69	48155	56793
Oct 21, 2022	1767611	81	46527	49087
Oct 22, 2022	1740911	33	37372	43746
Oct 23, 2022	1722511	17	8690	31470
Oct 24, 2022	1739173	122	89135	6907
Oct 25, 2022	1722218	131	66442	59653
Oct 26, 2022	1700827	60	65406	41185
Oct 27, 2022	1676835	71	61061	37089
Oct 28, 2022	1644786	61	57199	25783
Oct 29, 2022	1615686	41	42565	22723
Oct 30, 2022	1596186	9	9373	16456
Oct 31, 2022	1589693	112	94703	3768
Nov 01, 2022	1496334	53	67836	29525
Nov 02, 2022	1448182	97	64165	5691
Nov 03, 2022	1387884	55	58598	42025
Nov 04, 2022	1328536	78	55339	29438
Nov 05, 2022	1300436	34	41895	26840
Nov 06, 2022	1279636	9	0	21178
Nov 07, 2022	1220549	109	97044	3645
Nov 08, 2022	1146942	117	62922	40591
Nov 09, 2022	1083535	72	56676	28702
Nov 10, 2022	1031122	53	49015	27068
Nov 11, 2022	984506	33	43693	26353
Nov 12, 2022	962906	15	31437	5577
Nov 13, 2022	948306	2	6907	27155
Nov 14, 2022	902267	100	59636	6017
Nov 15, 2022	848754	110	41085	48971
Nov 16, 2022	792898	71	36979	34878
Nov 17, 2022	750667	87	25712	33331
Nov 18, 2022	717592	74	22636	37177
Nov 19, 2022	701392	75	16382	47088
Nov 20, 2022	689792	6	3768	14204
Nov 21, 2022	657869	94	29444	29335
Nov 22, 2022	622320	89	5597	64772
Nov 23, 2022	605247	84	41936	49188
Nov 24, 2022	590189	60	-84	50530
Nov 25, 2022	577469	68	56218	48629
Nov 26, 2022	566069	29	21110	48331
Nov 27, 2022	556869	8	3645	37675
Nov 28, 2022	563860	95	40554	9304
Nov 29, 2022	569694	88	28607	91814
Nov 30, 2022	557357	91	26980	68382
Dec 01, 2022	550011	76	26262	69253
Dec 02, 2022	546663	67	5501	59008
Dec 03, 2022	536863	38	27088	52908
Dec 04, 2022	529863	10	6017	40006
Dec 05, 2022	533262	104	48923	10591
Dec 06, 2022	538020	117	34774	105516
Dec 07, 2022	545051	93	33214	75752
Dec 08, 2022	551410	62	37084	71597
Dec 09, 2022	584160	94	47026	65509
Dec 10, 2022	546760	62	14110	61482
Dec 11, 2022	539860	30	29335	46422
Dec 12, 2022	555694	167	64680	10878
Dec 13, 2022	566134	138	49021	97037
Dec 14, 2022	579779	114	50392	70224
Dec 15, 2022	592937	106	48515	62541
Dec 16, 2022	599998	131	48225	56361
Dec 17, 2022	591098	45	37544	52544
Dec 18, 2022	584698	35	9304	37264
Dec 19, 2022	602553	178	91734	8213
Dec 20, 2022	615380	130	68204	71212
Dec 21, 2022	629890	127	69123	54613
Dec 22, 2022	641934	120	58881	49517
Dec 23, 2022	648069	158	52788	43766
Dec 24, 2022	638369	58	39848	40744
Dec 25, 2022	631069	24	0	23681
Dec 26, 2022	589669	133	10591	5429
Dec 27, 2022	606858	208	105516	30989
Dec 28, 2022	610007	140	147349	26081
Dec 29, 2022	610248	132	64946	24436
Dec 30, 2022	604200	115	61350	23808
Dec 31, 2022	593000	52	46307	21836
Jan 01, 2023	585500	28	10878	15005
Jan 02, 2023	585136	172	96957	2246
Jan 03, 2023	574774	163	70052	22916
Jan 04, 2023	563992	123	62378	14105
Jan 05, 2023	549452	143	56238	11537
Jan 06, 2023	530951	126	52401	10383
Jan 07, 2023	520951	54	37264	8961
Jan 08, 2023	515051	22	8213	6557
Jan 09, 2023	515797	145	71010	1702
Jan 10, 2023	493247	115	54468	11715
Jan 11, 2023	471545	88	49402	7635
Jan 12, 2023	421501	53	43678	7159
Jan 13, 2023	431960	101	40691	6238
Jan 14, 2023	423860	27	23580	5429
Jan 15, 2023	418260	9	5429	4166
Jan 16, 2023	394592	80	30953	1235
Jan 17, 2023	369354	99	26001	8381
Jan 18, 2023	346217	82	24337	5894
Jan 19, 2023	325233	64	23726	4992
Jan 20, 2023	308381	44	21772	4475
Jan 21, 2023	301281	54	14961	4324
Jan 22, 2023	296681	9	2246	3477
Jan 23, 2023	300312	134	22853	1027
Jan 24, 2023	281692	59	13971	7263
Jan 25, 2023	267461	0	11478	5347
Jan 26, 2023	258841	28	10383	5287
Jan 27, 2023	253731	44	8933	4681
Jan 28, 2023	248831	0	6513	4513
Jan 29, 2023	245631	0	1702	3802
Jan 30, 2023	238410	96	11715	982
Jan 31, 2023	234622	57	7539	6860
Feb 01, 2023	232825	53	7102	4506
Feb 02, 2023	230931	52	6185	4021
Feb 03, 2023	232449	28	0	3618
Feb 04, 2023	228849	21	5429	3312
Feb 05, 2023	225949	0	4166	2632
Feb 06, 2023	224531	40	9616	718
Feb 07, 2023	224904	42	5753	4999
Feb 08, 2023	227588	31	4950	3991
Feb 09, 2023	229532	17	4444	3653
Feb 10, 2023	232349	20	4307	3366
Feb 11, 2023	229149	0	3457	3187
Feb 12, 2023	226449	0	1027	2469
Feb 13, 2023	232169	50	7263	706
Feb 14, 2023	236747	35	5297	4986
Feb 15, 2023	244833	35	5252	3972
Feb 16, 2023	250136	27	4646	4021
Feb 17, 2023	255822	28	4486	3589
Feb 18, 2023	252422	0	3774	4236
Feb 19, 2023	249822	0	982	2999
Feb 20, 2023	250024	47	6860	898
Feb 21, 2023	259183	32	4459	5774
Feb 22, 2023	270508	38	3989	4584
Feb 23, 2023	267566	19	3580	4489
Feb 24, 2023	288451	29	3293	3917
Feb 25, 2023	284651	0	2603	3843
Feb 26, 2023	281751	0	718	2942
Feb 27, 2023	296682	52	4999	841
Feb 28, 2023	301622	34	3939	5651
Mar 01, 2023	306079	25	3619	4525
Mar 02, 2023	304675	21	3341	4196
Mar 03, 2023	299653	21	3166	3194
Mar 04, 2023	295753	0	2448	4013
Mar 05, 2023	292653	0	0	0
Mar 06, 2023	285780	43	5692	953
Mar 07, 2023	274701	0	-43	0
Mar 08, 2023	265923	0	3972	0
Mar 09, 2023	256925	0	4021	0
Mar 10, 2023	247846	90	7825	6188
Mar 11, 2023	243246	0	2909	6072
Mar 12, 2023	240246	0	898	4558
Mar 13, 2023	229431	50	5774	1235
Mar 14, 2023	200545	27	4534	9937
Mar 15, 2023	208057	24	4462	8348
Mar 16, 2023	202218	24	3893	7932
Mar 17, 2023	196076	26	3819	7228
Mar 18, 2023	193276	0	2916	7210
Mar 19, 2023	191276	0	841	5459
Mar 20, 2023	185979	63	5651	1470
Mar 21, 2023	176669	35	4462	11519
Mar 22, 2023	167507	13	4161	9762
Mar 23, 2023	157885	29	3181	9249
Mar 24, 2023	148610	15	3984	8839
Mar 25, 2023	145410	0	-15	8435
Mar 26, 2023	143410	0	953	6211
Mar 27, 2023	132505	65	0	7
Mar 28, 2023	121145	39	-65	12933
Mar 29, 2023	113036	36	-39	10885
Mar 30, 2023	109003	0	-36	0
Mar 31, 2023	105362	69	12260	9211
Apr 01, 2023	103862	0	4489	8455
Apr 02, 2023	102762	0	1235	6027
Apr 03, 2023	99152	58	9937	1453
Apr 04, 2023	94574	0	-58	0
Apr 05, 2023	90700	58	16280	9922
Apr 06, 2023	87080	35	7170	9374
Apr 07, 2023	81680	28	7175	8786
Apr 08, 2023	80380	0	5431	7739
Apr 09, 2023	79380	0	1470	6474
Apr 10, 2023	71580	0	11519	1342
Apr 11, 2023	69713	0	9762	1884
Apr 12, 2023	67108	59	9249	14207
Apr 13, 2023	64560	0	8780	10678
Apr 14, 2023	62394	108	8435	9467
Apr 15, 2023	61194	0	6103	8595
Apr 16, 2023	60294	0	7	5805
Apr 17, 2023	57040	0	12933	1411
Apr 18, 2023	53932	140	10885	10616
Apr 19, 2023	51465	0	-140	8807
Apr 20, 2023	49338	0	9211	8201
Apr 21, 2023	47956	125	8455	7400
Apr 22, 2023	47156	0	5902	6796
Apr 23, 2023	46456	0	1453	5008
Apr 24, 2023	44624	0	0	1185
Apr 25, 2023	42820	136	9922	8895
Apr 26, 2023	41184	0	9238	7490
Apr 27, 2023	39685	0	8786	6609
Apr 28, 2023	38323	131	7739	6144
Apr 29, 2023	37723	0	6343	5642
Apr 30, 2023	37223	0	1342	4030
May 01, 2023	33523	0	1884	1098
May 02, 2023	32819	89	14207	1065
May 03, 2023	32154	0	10589	8715
May 04, 2023	31513	0	9467	6161
May 05, 2023	32087	166	8595	5505
May 06, 2023	31587	0	5639	5103
May 07, 2023	31187	0	1411	3301
May 08, 2023	32205	0	10616	759
May 09, 2023	29944	51	8807	1044
May 10, 2023	28831	0	8150	6708
May 11, 2023	27761	0	0	0
May 12, 2023	27225	108	14196	9003
May 13, 2023	26825	0	4900	3706
May 14, 2023	26425	0	1185	2563
May 15, 2023	25465	0	8895	623
May 16, 2023	24362	82	7490	5118
May 17, 2023	23583	0	6527	4149
May 18, 2023	21983	0	0	0
May 19, 2023	21459	0	6144	0
May 20, 2023	21159	0	5642	0
May 21, 2023	20859	0	4030	0
May 22, 2023	19968	76	2163	677
May 23, 2023	19327	79	8639	5901
May 24, 2023	18606	0	6082	4905
May 25, 2023	18102	0	5505	4220
May 26, 2023	17561	56	5103	3724
May 27, 2023	17461	0	3245	3317
May 28, 2023	17161	0	759	2284
May 29, 2023	14761	0	1044	592
May 30, 2023	14352	48	6708	902
May 31, 2023	14120	0	-48	5210
Jun 01, 2023	13733	0	9003	3735
Jun 02, 2023	13733	62	3706	3204
Jun 03, 2023	14245	0	2501	2797
Jun 04, 2023	14245	0	623	2082
Jun 05, 2023	14245	0	5118	443
Jun 06, 2023	14955	51	4149	3590
Jun 07, 2023	15483	0	-51	2762
Jun 08, 2023	15918	0	0	2603
Jun 09, 2023	16122	56	0	2357
Jun 10, 2023	16584	0	-56	2135
Jun 11, 2023	16584	0	677	1282
Jun 12, 2023	16584	0	5901	332
Jun 13, 2023	17128	28	4905	2631
Jun 14, 2023	17599	0	4192	2069
Jun 15, 2023	17981	0	3724	545
Jun 16, 2023	18328	40	3317	2895
Jun 17, 2023	18566	0	2244	1482
Jun 18, 2023	18566	0	592	1080
Jun 19, 2023	18566	0	902	270
Jun 20, 2023	19018	45	5210	2071
Jun 21, 2023	19420	0	3690	1702
Jun 22, 2023	19727	0	3204	1420
Jun 23, 2023	20046	23	2797	1232
Jun 24, 2023	20377	0	2059	1217
Jun 25, 2023	20377	0	443	776
Jun 26, 2023	20377	0	3590	213
Jun 27, 2023	20755	26	2762	1680
Jun 28, 2023	21063	0	2577	1148
Jun 29, 2023	21341	0	2357	1106
Jun 30, 2023	21571	0	2135	1106
Jul 01, 2023	21759	0	0	0
Jul 02, 2023	21759	0	1282	0
Jul 03, 2023	21759	0	332	0
Jul 04, 2023	22175	0	2631	0
Jul 05, 2023	22558	0	2069	0
Jul 06, 2023	22783	0	545	0
Jul 07, 2023	22962	0	2895	0
Jul 08, 2023	23307	0	1482	0
Jul 09, 2023	23307	0	1080	0
Jul 10, 2023	23307	0	270	0
Jul 11, 2023	23654	0	2071	0
Jul 12, 2023	24118	0	1702	0
Jul 13, 2023	24366	0	1420	0
Jul 14, 2023	24624	0	1232	0
Jul 15, 2023	24821	0	1217	0
Jul 16, 2023	24821	0	776	0
Jul 17, 2023	24821	0	213	0
Jul 18, 2023	25156	0	1680	0
Jul 19, 2023	25492	0	1148	0
Jul 20, 2023	25771	0	1106	0
Jul 21, 2023	26025	0	1106	0
Jul 22, 2023	26216	0	0	0
Jul 23, 2023	26216	0	0	0
Jul 24, 2023	26216	0	0	0
Jul 25, 2023	26548	0	0	0
Jul 26, 2023	26844	0	0	0
Jul 27, 2023	27227	0	0	0
Jul 28, 2023	27661	0	0	0
Jul 29, 2023	27967	0	0	0
Jul 30, 2023	27967	0	0	0
Jul 31, 2023	27967	0	0	0
Aug 01, 2023	28461	0	0	0
Aug 02, 2023	28888	0	0	0
Aug 03, 2023	29248	0	0	0
Aug 04, 2023	29590	0	0	0
Aug 05, 2023	29916	0	0	0
Aug 06, 2023	29916	0	0	0
Aug 07, 2023	29916	0	0	0
Aug 08, 2023	30421	0	0	0
Aug 09, 2023	30965	0	0	0
Aug 10, 2023	31463	0	0	0
Aug 11, 2023	31927	0	0	0
Aug 12, 2023	32379	0	0	0
Aug 13, 2023	32379	0	0	0
Aug 14, 2023	32379	0	0	0
Aug 15, 2023	33167	0	0	0
Aug 16, 2023	33877	0	0	0
Aug 17, 2023	34745	0	0	0
Aug 18, 2023	35519	0	0	0
Aug 19, 2023	36251	0	0	0
Aug 20, 2023	36251	0	0	0
Aug 21, 2023	36251	0	0	0
Aug 22, 2023	37376	0	0	0
Aug 23, 2023	38464	0	0	0
Aug 24, 2023	39382	0	0	0
Aug 25, 2023	39382	0	0	0
Aug 26, 2023	39382	0	0	0
Aug 27, 2023	39382	0	0	0
Aug 28, 2023	39382	0	0	0
Aug 29, 2023	42463	0	0	0
Aug 30, 2023	43555	0	0	0
Aug 31, 2023	44612	0	0	0
Sep 01, 2023	45599	0	0	0
Sep 02, 2023	46556	0	0	0
Sep 03, 2023	46556	0	0	0
Sep 04, 2023	46556	0	0	0
Sep 05, 2023	47816	0	0	0
Sep 06, 2023	49247	0	0	0
Sep 07, 2023	50643	0	0	0
Sep 08, 2023	51938	0	0	0
Sep 09, 2023	53252	0	0	0
Sep 10, 2023	53252	0	0	0
Sep 11, 2023	53252	0	0	0
Sep 12, 2023	55071	0	0	0
Sep 13, 2023	56743	0	0	0
Sep 14, 2023	58645	0	0	0
Sep 15, 2023	59979	0	0	0
Sep 16, 2023	61308	0	0	0
Sep 17, 2023	61308	0	0	0
Sep 18, 2023	61308	0	0	0
Sep 19, 2023	62995	0	0	0
Sep 20, 2023	64939	0	0	0
Sep 21, 2023	66619	0	0	0
Sep 22, 2023	68365	0	0	0
Sep 23, 2023	69671	0	0	0
Sep 24, 2023	69671	0	0	0
Sep 25, 2023	69671	0	0	0
Sep 26, 2023	71515	0	0	0
Sep 27, 2023	73455	0	0	0
Sep 28, 2023	75038	0	0	0
Sep 29, 2023	76535	0	0	0
Sep 30, 2023	78088	0	0	0
Oct 01, 2023	78088	0	0	0
Oct 02, 2023	78088	0	0	0
Oct 03, 2023	80148	0	0	0
Oct 04, 2023	80148	0	0	0
Oct 05, 2023	82883	0	0	0
Oct 06, 2023	85395	0	0	0
Oct 07, 2023	87730	0	0	0
Oct 08, 2023	87730	0	0	0
Oct 09, 2023	87730	0	0	0
Oct 10, 2023	90721	0	0	0
Oct 11, 2023	93303	0	0	0
Oct 12, 2023	95747	0	0	0
Oct 13, 2023	97851	0	0	0
Oct 14, 2023	100340	0	0	0
Oct 15, 2023	100340	0	0	0
Oct 16, 2023	100340	0	0	0
Oct 17, 2023	103544	0	0	0
Oct 18, 2023	106236	0	0	0
Oct 19, 2023	108973	0	0	0
Oct 20, 2023	111252	0	0	0
Oct 21, 2023	113632	0	0	0
Oct 22, 2023	113632	0	0	0
Oct 23, 2023	113632	0	0	0
Oct 24, 2023	117590	0	0	0
Oct 25, 2023	121381	0	0	0
Oct 26, 2023	124759	0	0	0
Oct 27, 2023	127765	0	0	0
Oct 28, 2023	130889	0	0	0
Oct 29, 2023	130889	0	0	0
Oct 30, 2023	130889	0	0	0
Oct 31, 2023	135709	0	0	0
Nov 01, 2023	138154	0	0	0
Nov 02, 2023	140707	0	0	0
Nov 03, 2023	145293	0	0	0
Nov 04, 2023	149454	0	0	0
Nov 05, 2023	149454	0	0	0
Nov 06, 2023	149454	0	0	0
Nov 07, 2023	154694	0	0	0
Nov 08, 2023	158764	0	0	0
Nov 09, 2023	163247	0	0	0
Nov 10, 2023	168091	0	0	0
Nov 11, 2023	171758	0	0	0
Nov 12, 2023	171758	0	0	0
Nov 13, 2023	171758	0	0	0
Nov 14, 2023	176816	0	0	0
Nov 15, 2023	181312	0	0	0
Nov 16, 2023	185782	0	0	0
Nov 17, 2023	189948	0	0	0
Nov 18, 2023	194127	0	0	0
Nov 19, 2023	194127	0	0	0
Nov 20, 2023	194127	0	0	0
Nov 21, 2023	199911	0	0	0
Nov 22, 2023	204841	0	0	0
Nov 23, 2023	208870	0	0	0
Nov 24, 2023	213184	0	0	0
Nov 25, 2023	217194	0	0	0
Nov 26, 2023	217194	0	0	0
Nov 27, 2023	217194	0	0	0
Nov 28, 2023	223224	0	0	0
Nov 29, 2023	228160	0	0	0
Nov 30, 2023	233363	0	0	0
Dec 01, 2023	237910	0	0	0
Dec 02, 2023	242058	0	0	0
Dec 03, 2023	242058	0	0	0
Dec 04, 2023	242058	0	0	0
Dec 05, 2023	247191	0	0	0
Dec 06, 2023	252494	0	0	0
Dec 07, 2023	258973	0	0	0
Dec 08, 2023	264413	0	0	0
Dec 09, 2023	269175	0	0	0
Dec 10, 2023	269175	0	0	0
Dec 11, 2023	269175	0	0	0
Dec 12, 2023	277013	0	0	0
Dec 13, 2023	283742	0	0	0
Dec 14, 2023	290833	0	0	0
Dec 15, 2023	296659	0	0	0
Dec 16, 2023	302100	0	0	0
Dec 17, 2023	302100	0	0	0
Dec 18, 2023	302100	0	0	0
Dec 19, 2023	310004	0	0	0
Dec 20, 2023	316262	0	0	0
Dec 21, 2023	321942	0	0	0
Dec 22, 2023	326641	0	0	0
Dec 23, 2023	330845	0	0	0
Dec 24, 2023	330845	0	0	0
Dec 25, 2023	330846	0	0	0
Dec 26, 2023	330846	0	0	0
Dec 27, 2023	330846	0	0	0
Dec 28, 2023	337468	0	0	0
Dec 29, 2023	341788	0	0	0
Dec 30, 2023	344947	0	0	0
Dec 31, 2023	344948	0	0	0
Jan 01, 2024	344950	0	0	0
Jan 02, 2024	344950	0	0	0
Jan 03, 2024	350395	0	0	0
Jan 04, 2024	354757	0	0	0
Jan 05, 2024	357623	0	0	0
Jan 06, 2024	359743	0	0	0
Jan 07, 2024	359743	0	0	0
Jan 08, 2024	359743	0	0	0
Jan 09, 2024	363237	0	0	0
Jan 10, 2024	365207	0	0	0
Jan 11, 2024	367221	0	0	0
Jan 12, 2024	368700	0	0	0
Jan 13, 2024	370083	0	0	0
Jan 14, 2024	370083	0	0	0
Jan 15, 2024	370083	0	0	0
Jan 16, 2024	372011	0	0	0
Jan 17, 2024	373547	0	0	0
Jan 18, 2024	374718	0	0	0
Jan 19, 2024	376689	0	0	0
Jan 20, 2024	376689	0	0	0
Jan 21, 2024	376689	0	0	0
Jan 22, 2024	376689	0	0	0
Jan 23, 2024	378284	0	0	0
Jan 24, 2024	379659	0	0	0
Jan 25, 2024	380469	0	0	0
Jan 26, 2024	381626	0	0	0
Jan 27, 2024	382888	0	0	0
Jan 28, 2024	382888	0	0	0
Jan 29, 2024	382888	0	0	0
Jan 30, 2024	384228	0	0	0
Jan 31, 2024	385371	0	0	0
Feb 01, 2024	386326	0	0	0
Feb 02, 2024	387097	0	0	0
Feb 03, 2024	387863	0	0	0
Feb 04, 2024	387863	0	0	0
Feb 05, 2024	387863	0	0	0
Feb 06, 2024	389006	0	0	0
Feb 07, 2024	389320	0	0	0
Feb 08, 2024	390707	0	0	0
Feb 09, 2024	391295	0	0	0
Feb 10, 2024	392011	0	0	0
Feb 11, 2024	392011	0	0	0
Feb 12, 2024	392011	0	0	0
Feb 13, 2024	392679	0	0	0
Feb 14, 2024	393366	0	0	0
Feb 15, 2024	393966	0	0	0
Feb 16, 2024	394523	0	0	0
Feb 17, 2024	394983	0	0	0
Feb 18, 2024	394983	0	0	0
Feb 19, 2024	394983	0	0	0
Feb 20, 2024	395699	0	0	0
Feb 21, 2024	396245	0	0	0
Feb 22, 2024	396580	0	0	0
Feb 23, 2024	396950	0	0	0
Feb 24, 2024	397348	0	0	0
Feb 25, 2024	397348	0	0	0
Feb 26, 2024	397348	0	0	0
Feb 27, 2024	397838	0	0	0
Feb 28, 2024	398231	0	0	0
Feb 29, 2024	398435	0	0	0
Mar 01, 2024	398435	0	0	0
Mar 02, 2024	398955	0	0	0
Mar 03, 2024	399225	0	0	0
Mar 04, 2024	399225	0	0	0
Mar 05, 2024	399657	0	0	0
Mar 06, 2024	399992	0	0	0
Mar 07, 2024	400259	0	0	0
Mar 08, 2024	400511	0	0	0
Mar 09, 2024	400511	0	0	0
Mar 10, 2024	400511	0	0	0
Mar 11, 2024	400511	0	0	0
Mar 12, 2024	401044	0	0	0
Mar 13, 2024	401260	0	0	0
Mar 14, 2024	401477	0	0	0
Mar 15, 2024	401669	0	0	0
Mar 16, 2024	401853	0	0	0
Mar 17, 2024	401853	0	0	0
Mar 18, 2024	401853	0	0	0
Mar 19, 2024	402128	0	0	0
Mar 20, 2024	402363	0	0	0
Mar 21, 2024	402536	0	0	0
Mar 22, 2024	402703	0	0	0
Mar 23, 2024	402813	0	0	0
