Feb 15, 2020	0	null	null	null
Feb 16, 2020	0	null	0	0
Feb 17, 2020	0	null	0	0
Feb 18, 2020	0	null	0	0
Feb 19, 2020	0	null	0	0
Feb 20, 2020	0	0	0	0
Feb 21, 2020	0	0	0	0
Feb 22, 2020	0	0	0	0
Feb 23, 2020	0	0	0	0
Feb 24, 2020	0	0	0	0
Feb 25, 2020	0	0	0	2
Feb 26, 2020	0	0	0	4
Feb 27, 2020	0	0	0	19
Feb 28, 2020	0	0	0	18
Feb 29, 2020	0	0	0	39
Mar 01, 2020	0	0	0	27
Mar 02, 2020	0	0	0	56
Mar 03, 2020	0	0	0	20
Mar 04, 2020	0	0	0	67
Mar 05, 2020	0	0	0	126
Mar 06, 2020	0	0	0	209
Mar 07, 2020	0	0	0	269
Mar 08, 2020	0	0	0	236
Mar 09, 2020	0	0	1	185
Mar 10, 2020	0	0	0	338
Mar 11, 2020	0	0	0	452
Mar 12, 2020	0	1	0	540
Mar 13, 2020	0	1	6	714
Mar 14, 2020	0	0	0	761
Mar 15, 2020	0	0	3	840
Mar 16, 2020	0	0	0	1100
Mar 17, 2020	0	1	1	997
Mar 18, 2020	0	0	0	1277
Mar 19, 2020	0	1	6	1691
Mar 20, 2020	0	1	3	1469
Mar 21, 2020	0	0	0	1678
Mar 22, 2020	0	3	1	1417
Mar 23, 2020	0	3	10	3488
Mar 24, 2020	0	0	6	2224
Mar 25, 2020	0	2	3	2662
Mar 26, 2020	0	8	2	3564
Mar 27, 2020	0	0	28	3462
Mar 28, 2020	0	4	11	4191
Mar 29, 2020	0	3	11	2362
Mar 30, 2020	0	5	7	3977
Mar 31, 2020	0	3	21	6887
Apr 01, 2020	0	23	25	4418
Apr 02, 2020	0	14	43	1923
Apr 03, 2020	0	14	1	4755
Apr 04, 2020	0	13	37	3877
Apr 05, 2020	0	19	99	1703
Apr 06, 2020	0	18	47	3555
Apr 07, 2020	0	24	93	3432
Apr 08, 2020	0	18	38	3526
Apr 09, 2020	0	49	129	3895
Apr 10, 2020	0	22	139	3946
Apr 11, 2020	0	39	195	2829
Apr 12, 2020	0	43	111	1466
Apr 13, 2020	0	27	101	2428
Apr 14, 2020	0	35	178	4996
Apr 15, 2020	0	29	149	2393
Apr 16, 2020	0	26	260	2400
Apr 17, 2020	0	38	273	368
Apr 18, 2020	0	36	422	2335
Apr 19, 2020	0	38	391	714
Apr 20, 2020	0	33	419	1864
Apr 21, 2020	0	53	702	2423
Apr 22, 2020	0	36	395	1661
Apr 23, 2020	0	40	642	1502
Apr 24, 2020	0	59	484	1611
Apr 25, 2020	0	45	443	1397
Apr 26, 2020	0	56	584	419
Apr 27, 2020	0	58	614	3420
Apr 28, 2020	0	70	610	1381
Apr 29, 2020	0	72	690	1675
Apr 30, 2020	0	76	631	1061
May 01, 2020	0	71	939	563
May 02, 2020	0	103	812	740
May 03, 2020	0	69	956	287
May 04, 2020	0	177	1072	537
May 05, 2020	0	129	1295	1029
May 06, 2020	0	93	1189	3898
May 07, 2020	0	107	1445	586
May 08, 2020	0	97	1111	598
May 09, 2020	0	118	1414	403
May 10, 2020	0	114	1668	195
May 11, 2020	0	83	1580	425
May 12, 2020	0	123	1871	659
May 13, 2020	0	139	1980	473
May 14, 2020	0	100	1569	580
May 15, 2020	0	106	2289	524
May 16, 2020	0	121	3966	347
May 17, 2020	0	156	2571	112
May 18, 2020	0	134	2438	459
May 19, 2020	0	148	3076	489
May 20, 2020	0	134	3113	389
May 21, 2020	0	152	3131	296
May 22, 2020	0	145	3271	366
May 23, 2020	0	144	2561	233
May 24, 2020	0	158	3307	107
May 25, 2020	0	151	3014	334
May 26, 2020	0	175	3571	257
May 27, 2020	0	195	3472	178
May 28, 2020	0	179	3171	3098
May 29, 2020	0	275	11707	556
May 30, 2020	0	215	4309	1703
May 31, 2020	0	230	4916	239
Jun 01, 2020	0	206	3902	315
Jun 02, 2020	0	228	4531	283
Jun 03, 2020	0	266	3786	330
Jun 04, 2020	0	283	4379	720
Jun 05, 2020	0	293	4783	573
Jun 06, 2020	0	304	5462	543
Jun 07, 2020	0	268	5153	322
Jun 08, 2020	0	273	5247	198
Jun 09, 2020	0	253	5070	378
Jun 10, 2020	0	397	6814	511
Jun 11, 2020	0	402	5993	399
Jun 12, 2020	0	398	7259	681
Jun 13, 2020	0	316	8095	494
Jun 14, 2020	0	330	7363	382
Jun 15, 2020	0	404	10631	143
Jun 16, 2020	0	2048	7232	323
Jun 17, 2020	0	349	6886	430
Jun 18, 2020	0	354	10744	438
Jun 19, 2020	0	378	9024	761
Jun 20, 2020	0	314	13975	602
Jun 21, 2020	0	435	9071	267
Jun 22, 2020	0	320	10885	350
Jun 23, 2020	0	478	10437	485
Jun 24, 2020	0	433	13114	76
Jun 25, 2020	0	410	13983	0
Jun 26, 2020	0	389	10246	1490
Jun 27, 2020	0	423	14229	490
Jun 28, 2020	0	395	11628	490
Jun 29, 2020	0	426	13497	263
Jun 30, 2020	0	520	12565	508
Jul 01, 2020	0	450	12060	861
Jul 02, 2020	0	389	20006	618
Jul 03, 2020	0	456	14417	546
Jul 04, 2020	0	627	14743	526
Jul 05, 2020	0	430	15829	600
Jul 06, 2020	0	488	15259	165
Jul 07, 2020	0	489	16908	446
Jul 08, 2020	0	502	19496	622
Jul 09, 2020	0	495	19406	583
Jul 10, 2020	0	532	20246	617
Jul 11, 2020	0	558	20025	628
Jul 12, 2020	0	515	18198	627
Jul 13, 2020	0	557	17683	270
Jul 14, 2020	0	609	20968	480
Jul 15, 2020	0	638	20655	390
Jul 16, 2020	0	702	22867	501
Jul 17, 2020	0	694	17476	785
Jul 18, 2020	0	556	23552	812
Jul 19, 2020	0	690	22769	812
Jul 20, 2020	0	616	24303	328
Jul 21, 2020	0	693	27691	548
Jul 22, 2020	0	1151	31873	937
Jul 23, 2020	0	774	33327	997
Jul 24, 2020	0	784	32514	1060
Jul 25, 2020	0	713	36128	956
Jul 26, 2020	0	744	32500	955
Jul 27, 2020	0	654	34454	482
Jul 28, 2020	0	802	35581	680
Jul 29, 2020	0	798	32841	1306
Jul 30, 2020	0	808	37482	1292
Jul 31, 2020	0	790	36554	1263
Aug 01, 2020	0	879	51232	0
Aug 02, 2020	0	781	40349	2646
Aug 03, 2020	0	836	43212	522
Aug 04, 2020	0	875	51220	975
Aug 05, 2020	0	953	45540	1591
Aug 06, 2020	0	931	50184	1505
Aug 07, 2020	0	969	50285	2147
Aug 08, 2020	0	907	52135	1910
Aug 09, 2020	0	1042	54474	1909
Aug 10, 2020	0	920	47362	737
Aug 11, 2020	0	863	56461	1311
Aug 12, 2020	0	977	57759	2369
Aug 13, 2020	0	1035	54776	2505
Aug 14, 2020	0	1024	56920	2671
Aug 15, 2020	0	981	53116	3106
Aug 16, 2020	0	998	57404	2829
Aug 17, 2020	0	902	58172	463
Aug 18, 2020	0	1125	60455	2100
Aug 19, 2020	0	1009	59365	3544
Aug 20, 2020	0	1007	61873	4477
Aug 21, 2020	0	984	62858	4304
Aug 22, 2020	0	946	59101	3380
Aug 23, 2020	0	870	56896	4596
Aug 24, 2020	0	883	66305	1835
Aug 25, 2020	0	1101	64151	3101
Aug 26, 2020	0	1046	56191	5095
Aug 27, 2020	0	1095	59620	5735
Aug 28, 2020	0	1050	64475	6925
Aug 29, 2020	0	968	64982	5117
Aug 30, 2020	0	988	60408	5080
Aug 31, 2020	0	838	64449	2892
Sep 01, 2020	0	1058	62144	4675
Sep 02, 2020	0	1057	67875	6585
Sep 03, 2020	0	1110	67491	6716
Sep 04, 2020	0	1098	69625	8423
Sep 05, 2020	0	1073	73161	8024
Sep 06, 2020	0	1033	69624	6636
Sep 07, 2020	0	1158	74123	3944
Sep 08, 2020	0	1134	74607	6141
Sep 09, 2020	0	1199	73057	8049
Sep 10, 2020	0	1245	70899	9237
Sep 11, 2020	0	1235	81455	8827
Sep 12, 2020	0	1140	77860	9911
Sep 13, 2020	0	1174	77746	6741
Sep 14, 2020	0	1083	79202	5779
Sep 15, 2020	0	1313	82865	7369
Sep 16, 2020	0	1172	82938	9182
Sep 17, 2020	0	1203	87779	9941
Sep 18, 2020	0	1249	95373	12402
Sep 19, 2020	0	1174	94523	12667
Sep 20, 2020	0	1161	92926	9918
Sep 21, 2020	0	1082	102070	4972
Sep 22, 2020	0	1080	87100	9392
Sep 23, 2020	0	1177	90030	12267
Sep 24, 2020	0	1171	81141	15105
Sep 25, 2020	0	1119	93177	14825
Sep 26, 2020	0	1152	92520	13525
Sep 27, 2020	0	1063	74679	10438
Sep 28, 2020	0	796	85206	3819
Sep 29, 2020	0	1203	86061	7555
Sep 30, 2020	0	1210	85373	12054
Oct 01, 2020	0	1121	78646	13110
Oct 02, 2020	0	1097	76424	11400
Oct 03, 2020	0	958	81655	15927
Oct 04, 2020	0	922	76721	11792
Oct 05, 2020	0	911	75657	4771
Oct 06, 2020	0	1014	82143	9843
Oct 07, 2020	0	985	83209	17592
Oct 08, 2020	0	989	78745	17013
Oct 09, 2020	0	953	82298	19087
Oct 10, 2020	0	947	89358	25240
Oct 11, 2020	0	830	71564	15110
Oct 12, 2020	0	733	78365	7981
Oct 13, 2020	0	743	73913	12193
Oct 14, 2020	0	713	81751	21200
Oct 15, 2020	0	856	68202	28736
Oct 16, 2020	0	911	72976	23542
Oct 17, 2020	0	1061	72765	30431
Oct 18, 2020	0	595	65496	28000
Oct 19, 2020	0	613	70722	12428
Oct 20, 2020	0	736	61933	19208
Oct 21, 2020	0	725	79345	25034
Oct 22, 2020	0	703	74430	39060
Oct 23, 2020	0	676	67244	39445
Oct 24, 2020	0	594	62154	42626
Oct 25, 2020	0	477	58271	48808
Oct 26, 2020	0	522	64721	25123
Oct 27, 2020	0	534	58479	31360
Oct 28, 2020	0	522	57757	34194
Oct 29, 2020	0	585	56947	44705
Oct 30, 2020	0	567	59013	46185
Oct 31, 2020	0	481	58292	33447
Nov 01, 2020	0	508	53702	45258
Nov 02, 2020	0	510	58524	51104
Nov 03, 2020	0	526	53328	35912
Nov 04, 2020	0	724	55873	39880
Nov 05, 2020	0	695	54133	56292
Nov 06, 2020	0	595	53795	58581
Nov 07, 2020	0	574	48733	83324
Nov 08, 2020	0	507	48369	38059
Nov 09, 2020	0	465	41546	20732
Nov 10, 2020	0	525	54638	22632
Nov 11, 2020	0	564	52704	35488
Nov 12, 2020	0	535	48797	32948
Nov 13, 2020	0	554	48122	24147
Nov 14, 2020	0	462	42270	31937
Nov 15, 2020	0	447	44213	27370
Nov 16, 2020	0	463	40219	10645
Nov 17, 2020	0	485	44844	13630
Nov 18, 2020	0	606	48757	26636
Nov 19, 2020	0	604	45246	19848
Nov 20, 2020	0	576	48881	21473
Nov 21, 2020	0	512	44142	16780
Nov 22, 2020	0	524	41405	12347
Nov 23, 2020	0	494	42131	4178
Nov 24, 2020	0	503	37829	8591
Nov 25, 2020	0	531	36582	15280
Nov 26, 2020	0	505	39723	12728
Nov 27, 2020	0	500	41177	11692
Nov 28, 2020	0	509	42275	11806
Nov 29, 2020	0	456	45152	9182
Nov 30, 2020	0	495	42282	3758
Dec 01, 2020	0	513	43203	7585
Dec 02, 2020	0	512	38306	13198
Dec 03, 2020	0	587	45580	11914
Dec 04, 2020	0	523	42319	10530
Dec 05, 2020	0	493	41943	12127
Dec 06, 2020	0	384	38225	10344
Dec 07, 2020	0	413	39474	3201
Dec 08, 2020	0	414	37161	12869
Dec 09, 2020	0	347	29699	13697
Dec 10, 2020	0	500	45683	12904
Dec 11, 2020	0	452	33604	12581
Dec 12, 2020	0	405	33087	13088
Dec 13, 2020	0	349	30729	10823
Dec 14, 2020	0	364	34224	2874
Dec 15, 2020	0	395	33961	10822
Dec 16, 2020	0	367	33350	16531
Dec 17, 2020	0	354	30901	17130
Dec 18, 2020	0	353	29879	14709
Dec 19, 2020	0	354	29758	16484
Dec 20, 2020	0	342	25709	12011
Dec 21, 2020	0	313	30224	5440
Dec 22, 2020	0	342	27083	11069
Dec 23, 2020	0	313	29364	14010
Dec 24, 2020	0	361	25137	20302
Dec 25, 2020	0	258	22184	19015
Dec 26, 2020	0	290	21466	2903
Dec 27, 2020	0	290	21097	8279
Dec 28, 2020	0	258	24822	2778
Dec 29, 2020	0	293	26572	10694
Dec 30, 2020	0	309	26423	24828
Dec 31, 2020	0	253	22024	18700
Jan 01, 2021	0	193	20143	18157
Jan 02, 2021	0	274	24598	3253
Jan 03, 2021	0	222	19604	11720
Jan 04, 2021	0	208	29209	3774
Jan 05, 2021	0	276	21161	19228
Jan 06, 2021	0	231	19662	23817
Jan 07, 2021	0	243	20559	20367
Jan 08, 2021	0	238	19213	18594
Jan 09, 2021	0	220	19460	18935
Jan 10, 2021	0	155	16735	14963
Jan 11, 2021	0	172	18580	3362
Jan 12, 2021	0	209	17747	18536
Jan 13, 2021	0	208	17797	22384
Jan 14, 2021	0	194	15828	19921
Jan 15, 2021	0	179	16801	19962
Jan 16, 2021	0	186	17301	20088
Jan 17, 2021	0	150	14513	15618
Jan 18, 2021	0	141	17155	3506
Jan 19, 2021	0	164	17240	22155
Jan 20, 2021	0	156	20071	25135
Jan 21, 2021	0	166	17726	21442
Jan 22, 2021	0	159	17174	21858
Jan 23, 2021	0	160	16033	22451
Jan 24, 2021	0	136	13148	17301
Jan 25, 2021	0	121	16034	3979
Jan 26, 2021	0	131	13050	20726
Jan 27, 2021	0	139	14490	25259
Jan 28, 2021	0	165	20344	22307
Jan 29, 2021	0	141	14872	21451
Jan 30, 2021	0	133	14075	22890
Jan 31, 2021	0	119	11879	18051
Feb 01, 2021	0	96	13462	4079
Feb 02, 2021	0	118	14256	21900
Feb 03, 2021	0	111	17802	24739
Feb 04, 2021	0	123	15893	22005
Feb 05, 2021	0	96	14389	20776
Feb 06, 2021	0	74	11619	19319
Feb 07, 2021	0	88	11667	18501
Feb 08, 2021	0	83	13829	4051
Feb 09, 2021	0	87	12699	17708
Feb 10, 2021	0	122	12025	23824
Feb 11, 2021	0	87	15722	19766
Feb 12, 2021	0	107	11358	19427
Feb 13, 2021	0	87	11079	19924
Feb 14, 2021	0	93	9295	15527
Feb 15, 2021	0	78	11809	4107
Feb 16, 2021	0	112	12011	18384
Feb 17, 2021	0	91	11803	23478
Feb 18, 2021	0	87	10362	21116
Feb 19, 2021	0	120	10814	22631
Feb 20, 2021	0	102	11656	20994
Feb 21, 2021	0	81	9476	20689
Feb 22, 2021	0	82	13469	4360
Feb 23, 2021	0	103	13661	18829
Feb 24, 2021	0	147	12406	29579
Feb 25, 2021	0	122	12209	23839
Feb 26, 2021	0	112	12380	23655
Feb 27, 2021	0	120	12136	22519
Feb 28, 2021	0	110	11293	18724
Mar 01, 2021	0	81	11990	4413
Mar 02, 2021	0	112	13604	21450
Mar 03, 2021	0	88	14071	25139
Mar 04, 2021	0	116	13788	23723
Mar 05, 2021	0	112	14153	22060
Mar 06, 2021	0	101	14362	21871
Mar 07, 2021	0	102	14344	20482
Mar 08, 2021	0	78	16606	4999
Mar 09, 2021	0	115	20138	21868
Mar 10, 2021	0	137	18179	28438
Mar 11, 2021	0	115	11449	25494
Mar 12, 2021	0	160	24095	23676
Mar 13, 2021	0	162	16508	27927
Mar 14, 2021	0	123	17590	24721
Mar 15, 2021	0	133	20186	6073
Mar 16, 2021	0	192	17746	28130
Mar 17, 2021	0	174	17793	36131
Mar 18, 2021	0	158	20338	32844
Mar 19, 2021	0	194	23641	32911
Mar 20, 2021	0	203	22970	33169
Mar 21, 2021	0	220	21205	28699
Mar 22, 2021	0	204	29735	35259
Mar 23, 2021	0	284	23957	23350
Mar 24, 2021	0	256	26575	31334
Mar 25, 2021	0	264	32912	42831
Mar 26, 2021	0	300	30346	39292
Mar 27, 2021	0	319	28729	39995
Mar 28, 2021	0	303	32149	34736
Mar 29, 2021	0	273	37102	26843
Mar 30, 2021	0	364	41223	26580
Mar 31, 2021	0	468	40442	39327
Apr 01, 2021	0	481	50390	47541
Apr 02, 2021	0	734	44176	43804
Apr 03, 2021	0	528	60062	18571
Apr 04, 2021	0	490	52836	57172
Apr 05, 2021	0	459	50087	11576
Apr 06, 2021	0	650	59714	54241
Apr 07, 2021	0	705	59146	28890
Apr 08, 2021	0	826	61836	14892
Apr 09, 2021	0	796	77199	38704
Apr 10, 2021	0	864	90393	40620
Apr 11, 2021	0	932	75380	32747
Apr 12, 2021	0	908	96727	8011
Apr 13, 2021	0	1065	82248	36705
Apr 14, 2021	0	1081	93458	40827
Apr 15, 2021	0	1232	117832	35703
Apr 16, 2021	0	1384	122911	34199
Apr 17, 2021	0	1562	138205	33653
Apr 18, 2021	0	1688	143754	27538
Apr 19, 2021	0	1836	154372	6847
Apr 20, 2021	0	2114	166643	39882
Apr 21, 2021	0	2200	179543	32815
Apr 22, 2021	0	2361	192200	32205
Apr 23, 2021	0	2733	220513	30349
Apr 24, 2021	0	2895	215962	30624
Apr 25, 2021	0	2933	218559	22959
Apr 26, 2021	0	2890	248702	5586
Apr 27, 2021	0	3437	262362	28451
Apr 28, 2021	0	3808	270572	29598
Apr 29, 2021	0	3662	295489	24904
Apr 30, 2021	0	3677	299238	22803
May 01, 2021	0	4409	308769	24090
May 02, 2021	0	3817	299966	9279
May 03, 2021	0	3965	318965	3529
May 04, 2021	0	4449	337697	22871
May 05, 2021	0	4515	330676	24400
May 06, 2021	0	4333	328334	20375
May 07, 2021	0	4662	319675	17947
May 08, 2021	0	4569	394413	19468
May 09, 2021	0	4154	353768	8566
May 10, 2021	0	4472	355941	3089
May 11, 2021	0	4938	355443	18573
May 12, 2021	0	4805	351786	20175
May 13, 2021	0	4624	344931	18263
May 14, 2021	0	4971	352956	6593
May 15, 2021	0	4960	362715	14719
May 16, 2021	0	4469	378571	13089
May 17, 2021	0	4813	422394	3144
May 18, 2021	0	5071	389700	16151
May 19, 2021	0	4264	368980	17877
May 20, 2021	0	4924	357218	15415
May 21, 2021	0	4804	353116	12800
May 22, 2021	0	4166	359506	12611
May 23, 2021	0	5121	302396	9704
May 24, 2021	0	3968	326841	2229
May 25, 2021	0	4878	295539	3155
May 26, 2021	0	4390	282715	12646
May 27, 2021	0	3933	264312	13933
May 28, 2021	0	3957	280626	11268
May 29, 2021	0	3908	275868	10675
May 30, 2021	0	3425	237709	8541
May 31, 2021	0	3346	254975	1211
Jun 01, 2021	0	3779	231488	9848
Jun 02, 2021	0	3413	211905	8743
Jun 03, 2021	0	3231	205911	8161
Jun 04, 2021	0	3739	198322	6953
Jun 05, 2021	0	2821	189481	6654
Jun 06, 2021	0	2589	174116	5070
Jun 07, 2021	0	2244	186072	1166
Jun 08, 2021	0	2340	159399	6016
Jun 09, 2021	0	2287	149027	5557
Jun 10, 2021	0	2111	133669	4475
Jun 11, 2021	0	2016	122794	3871
Jun 12, 2021	0	1914	134198	3972
Jun 13, 2021	0	1842	113091	2855
Jun 14, 2021	0	1519	123803	689
Jun 15, 2021	0	1538	107854	3235
Jun 16, 2021	0	1475	103910	3058
Jun 17, 2021	0	1383	88477	2044
Jun 18, 2021	0	1798	97858	3181
Jun 19, 2021	0	1740	87568	2624
Jun 20, 2021	0	1598	78082	1815
Jun 21, 2021	0	1155	76662	487
Jun 22, 2021	0	1488	74120	2204
Jun 23, 2021	0	1384	69298	2320
Jun 24, 2021	0	1385	63731	2007
Jun 25, 2021	0	1238	65219	1986
Jun 26, 2021	0	1313	57776	2128
Jun 27, 2021	0	1027	58925	1578
Jun 28, 2021	0	949	56948	509
Jun 29, 2021	0	853	60289	2314
Jun 30, 2021	0	1038	62025	2457
Jul 01, 2021	0	826	54565	2664
Jul 02, 2021	0	827	61651	2683
Jul 03, 2021	0	985	52431	3006
Jul 04, 2021	0	772	42817	2549
Jul 05, 2021	0	574	51845	796
Jul 06, 2021	0	967	47136	3585
Jul 07, 2021	0	848	44498	4081
Jul 08, 2021	0	945	44259	4442
Jul 09, 2021	0	1253	45159	4580
Jul 10, 2021	0	933	41595	4696
Jul 11, 2021	0	736	39722	4256
Jul 12, 2021	0	556	48930	1260
Jul 13, 2021	0	637	40966	6950
Jul 14, 2021	0	593	39387	8875
Jul 15, 2021	0	554	39823	3617
Jul 16, 2021	0	572	43877	10908
Jul 17, 2021	0	527	42050	10949
Jul 18, 2021	0	511	38529	12532
Jul 19, 2021	0	380	45369	4151
Jul 20, 2021	0	499	36870	18181
Jul 21, 2021	0	520	38812	21539
Jul 22, 2021	0	490	38491	21909
Jul 23, 2021	0	551	35134	19561
Jul 24, 2021	0	552	40052	25624
Jul 25, 2021	0	419	35909	15242
Jul 26, 2021	0	426	42539	5307
Jul 27, 2021	0	654	41452	26871
Jul 28, 2021	0	655	38732	27934
Jul 29, 2021	0	559	42119	25190
Jul 30, 2021	0	612	37314	24309
Jul 31, 2021	0	552	39318	23471
Aug 01, 2021	0	432	36808	19600
Aug 02, 2021	0	428	39021	5184
Aug 03, 2021	0	573	36646	26829
Aug 04, 2021	0	542	41875	28784
Aug 05, 2021	0	473	40659	26460
Aug 06, 2021	0	630	40271	25077
Aug 07, 2021	0	501	43944	25755
Aug 08, 2021	0	455	39825	20450
Aug 09, 2021	0	384	41461	5775
Aug 10, 2021	0	477	37241	28576
Aug 11, 2021	0	529	41985	30920
Aug 12, 2021	0	596	41709	28554
Aug 13, 2021	0	486	36189	26453
Aug 14, 2021	0	501	37953	24427
Aug 15, 2021	0	429	35499	21172
Aug 16, 2021	0	446	37301	5829
Aug 17, 2021	0	448	37145	28114
Aug 18, 2021	0	521	37819	28405
Aug 19, 2021	0	571	37908	23973
Aug 20, 2021	0	384	36254	22319
Aug 21, 2021	0	409	38614	22636
Aug 22, 2021	0	393	44103	17300
Aug 23, 2021	0	273	17575	5166
Aug 24, 2021	0	753	55948	24853
Aug 25, 2021	0	622	34420	23706
Aug 26, 2021	0	503	32926	19683
Aug 27, 2021	0	524	31341	18249
Aug 28, 2021	0	466	35815	17590
Aug 29, 2021	0	537	34841	13630
Aug 30, 2021	0	211	36244	3795
Aug 31, 2021	0	471	34109	19425
Sep 01, 2021	0	515	34775	17621
Sep 02, 2021	0	365	34988	15911
Sep 03, 2021	0	348	36032	13466
Sep 04, 2021	0	318	38459	13336
Sep 05, 2021	0	224	43917	10410
Sep 06, 2021	0	296	42969	3042
Sep 07, 2021	0	376	39090	14534
Sep 08, 2021	0	347	40622	12828
Sep 09, 2021	0	270	24109	10969
Sep 10, 2021	0	311	36963	9966
Sep 11, 2021	0	346	37885	9601
Sep 12, 2021	0	225	40573	7679
Sep 13, 2021	0	348	39943	2062
Sep 14, 2021	0	287	37982	10327
Sep 15, 2021	0	440	38361	9144
Sep 16, 2021	0	325	37878	8128
Sep 17, 2021	0	291	33850	7373
Sep 18, 2021	0	313	39633	7414
Sep 19, 2021	0	303	43238	5814
Sep 20, 2021	0	257	34470	1515
Sep 21, 2021	0	393	34148	7851
Sep 22, 2021	0	285	31968	6794
Sep 23, 2021	0	326	32549	6229
Sep 24, 2021	0	297	28048	5879
Sep 25, 2021	0	264	25990	6012
Sep 26, 2021	0	283	29658	4706
Sep 27, 2021	0	183	24237	1309
Sep 28, 2021	0	383	29900	6765
Sep 29, 2021	0	316	28728	5835
Sep 30, 2021	0	288	28239	5204
Oct 01, 2021	0	239	25456	4935
Oct 02, 2021	0	247	25045	4948
Oct 03, 2021	0	185	27619	3744
Oct 04, 2021	0	260	29322	1138
Oct 05, 2021	0	291	25089	5558
Oct 06, 2021	0	322	24624	4946
Oct 07, 2021	0	283	24958	4615
Oct 08, 2021	0	254	23066	4470
Oct 09, 2021	0	219	23593	4734
Oct 10, 2021	0	198	21583	3991
Oct 11, 2021	0	179	26572	1120
Oct 12, 2021	0	235	22850	5880
Oct 13, 2021	0	255	19796	5578
Oct 14, 2021	0	386	19388	5187
Oct 15, 2021	0	165	17868	6099
Oct 16, 2021	0	148	19785	4899
Oct 17, 2021	0	167	19578	3778
Oct 18, 2021	0	166	19454	1057
Oct 19, 2021	0	205	19451	5934
Oct 20, 2021	0	162	17560	6036
Oct 21, 2021	0	238	18636	6127
Oct 22, 2021	0	680	17633	6366
Oct 23, 2021	0	571	16500	6291
Oct 24, 2021	0	450	18699	5005
Oct 25, 2021	0	365	15974	1295
Oct 26, 2021	0	597	14049	6603
Oct 27, 2021	0	750	17047	6528
Oct 28, 2021	0	819	13223	6461
Oct 29, 2021	0	562	13482	6433
Oct 30, 2021	0	454	14755	7360
Oct 31, 2021	0	257	13170	6329
Nov 01, 2021	0	447	14543	1866
Nov 02, 2021	0	301	13600	2039
Nov 03, 2021	0	467	14873	10050
Nov 04, 2021	0	220	11357	9502
Nov 05, 2021	0	401	13201	8998
Nov 06, 2021	0	529	12003	9605
Nov 07, 2021	0	262	12562	8547
Nov 08, 2021	0	311	9749	2197
Nov 09, 2021	0	489	12816	12476
Nov 10, 2021	0	370	10994	11883
Nov 11, 2021	0	511	13878	12603
Nov 12, 2021	0	566	13155	3860
Nov 13, 2021	0	291	12403	14646
Nov 14, 2021	0	127	11376	12496
Nov 15, 2021	0	203	11926	3241
Nov 16, 2021	0	308	11971	19778
Nov 17, 2021	0	479	12134	20294
Nov 18, 2021	0	468	11242	20366
Nov 19, 2021	0	273	12789	21220
Nov 20, 2021	0	320	11787	22678
Nov 21, 2021	0	255	12329	19749
Nov 22, 2021	0	242	12510	5266
Nov 23, 2021	0	445	12202	30454
Nov 24, 2021	0	404	10949	32591
Nov 25, 2021	0	498	10264	33464
Nov 26, 2021	0	474	9868	34436
Nov 27, 2021	0	635	10967	37218
Nov 28, 2021	0	242	9481	31648
Nov 29, 2021	0	194	9905	8279
Nov 30, 2021	0	273	10116	47177
Dec 01, 2021	0	486	10207	49610
Dec 02, 2021	0	399	8548	48416
Dec 03, 2021	0	423	8612	49858
Dec 04, 2021	0	378	8190	51624
Dec 05, 2021	0	216	6918	42252
Dec 06, 2021	0	225	8834	11308
Dec 07, 2021	0	199	10004	59019
Dec 08, 2021	0	160	9525	61340
Dec 09, 2021	0	635	8251	56854
Dec 10, 2021	0	399	7678	55339
Dec 11, 2021	0	311	9265	53720
Dec 12, 2021	0	207	8464	43848
Dec 13, 2021	0	257	7973	12036
Dec 14, 2021	0	252	7995	63405
Dec 15, 2021	0	349	8168	65713
Dec 16, 2021	0	397	7948	60866
Dec 17, 2021	0	294	7886	58128
Dec 18, 2021	0	269	8706	58536
Dec 19, 2021	0	133	7469	48473
Dec 20, 2021	0	460	8077	15075
Dec 21, 2021	0	323	8043	72832
Dec 22, 2021	0	440	6906	84272
Dec 23, 2021	0	380	6960	91608
Dec 24, 2021	0	393	7051	94124
Dec 25, 2021	0	163	7286	104611
Dec 26, 2021	0	320	7091	27697
Dec 27, 2021	0	298	7141	30383
Dec 28, 2021	0	307	6450	179807
Dec 29, 2021	0	273	7347	208099
Dec 30, 2021	0	225	7486	206243
Dec 31, 2021	0	412	7585	232200
Jan 01, 2022	0	289	18198	219126
Jan 02, 2022	0	124	0	58432
Jan 03, 2022	0	125	10846	67461
Jan 04, 2022	0	541	26396	271686
Jan 05, 2022	0	331	20452	332252
Jan 06, 2022	0	307	29590	261481
Jan 07, 2022	0	290	40895	328214
Jan 08, 2022	0	333	40863	303669
Jan 09, 2022	0	147	46569	296097
Jan 10, 2022	0	282	69959	93896
Jan 11, 2022	0	448	60405	368149
Jan 12, 2022	0	386	84825	361719
Jan 13, 2022	0	320	109345	305322
Jan 14, 2022	0	436	122684	329371
Jan 15, 2022	0	319	138331	324580
Jan 16, 2022	0	394	151740	278129
Jan 17, 2022	0	307	157421	102144
Jan 18, 2022	0	448	188157	464769
Jan 19, 2022	0	500	223990	436167
Jan 20, 2022	0	714	251777	425183
Jan 21, 2022	0	496	242676	400851
Jan 22, 2022	0	518	259168	389320
Jan 23, 2022	0	481	243495	301614
Jan 24, 2022	0	575	267753	108481
Jan 25, 2022	0	703	299073	501635
Jan 26, 2022	0	584	306357	428008
Jan 27, 2022	0	638	347443	392168
Jan 28, 2022	0	875	335939	353503
Jan 29, 2022	0	905	352784	332398
Jan 30, 2022	0	955	262628	249448
Jan 31, 2022	0	1236	254076	82657
Feb 01, 2022	0	1755	281109	416896
Feb 02, 2022	0	1008	259107	315363
Feb 03, 2022	0	1118	246674	274352
Feb 04, 2022	0	1073	230814	241049
Feb 05, 2022	0	878	213246	214542
Feb 06, 2022	0	910	199054	155439
Feb 07, 2022	0	1191	180456	46001
Feb 08, 2022	0	1249	172211	235267
Feb 09, 2022	0	1260	167882	179614
Feb 10, 2022	0	670	150407	153025
Feb 11, 2022	0	816	136962	131376
Feb 12, 2022	0	664	117591	118611
Feb 13, 2022	0	384	91930	86562
Feb 14, 2022	0	351	82817	26475
Feb 15, 2022	0	522	82988	142253
Feb 16, 2022	0	545	67538	98735
Feb 17, 2022	0	503	66254	92345
Feb 18, 2022	0	331	60298	82553
Feb 19, 2022	0	684	48847	76638
Feb 20, 2022	0	211	37901	59003
Feb 21, 2022	0	235	34226	17195
Feb 22, 2022	0	286	31377	97382
Feb 23, 2022	0	307	30009	66833
Feb 24, 2022	0	309	26988	66732
Feb 25, 2022	0	259	23598	58138
Feb 26, 2022	0	249	20439	53623
Feb 27, 2022	0	88	16765	42600
Feb 28, 2022	0	216	16864	13483
Mar 01, 2022	0	195	14123	79794
Mar 02, 2022	0	174	14947	57697
Mar 03, 2022	0	206	13450	60225
Mar 04, 2022	0	293	11651	57789
Mar 05, 2022	0	156	9754	53678
Mar 06, 2022	0	71	9620	45328
Mar 07, 2022	0	109	8055	14496
Mar 08, 2022	0	146	7416	93050
Mar 09, 2022	0	105	6554	69190
Mar 10, 2022	0	259	6208	74818
Mar 11, 2022	0	89	5185	72399
Mar 12, 2022	0	17	5559	72443
Mar 13, 2022	0	57	4377	60422
Mar 14, 2022	0	99	4722	18853
Mar 15, 2022	0	99	3884	116618
Mar 16, 2022	0	59	4491	108832
Mar 17, 2022	0	151	3997	101747
Mar 18, 2022	0	70	3383	97579
Mar 19, 2022	0	130	3196	98104
Mar 20, 2022	0	6	2652	81283
Mar 21, 2022	0	58	2741	24179
Mar 22, 2022	0	62	2542	180777
Mar 23, 2022	0	67	2531	145560
Mar 24, 2022	0	82	2499	148635
Mar 25, 2022	0	95	2349	143571
Mar 26, 2022	0	149	1826	139517
Mar 27, 2022	0	32	1567	110174
Mar 28, 2022	0	32	1705	29455
Mar 29, 2022	0	33	1876	217480
Mar 30, 2022	0	28	1594	169024
Mar 31, 2022	0	52	1918	169311
Apr 01, 2022	0	82	1404	148629
Apr 02, 2022	0	81	1447	132114
Apr 03, 2022	0	14	1316	102266
Apr 04, 2022	0	58	1280	27648
Apr 05, 2022	0	72	1198	203021
Apr 06, 2022	0	42	1222	161950
Apr 07, 2022	0	44	1213	158792
Apr 08, 2022	0	82	1194	148768
Apr 09, 2022	0	9	1258	141690
Apr 10, 2022	0	27	929	107654
Apr 11, 2022	0	42	946	25492
Apr 12, 2022	0	30	1081	190762
Apr 13, 2022	0	30	818	146426
Apr 14, 2022	0	40	810	137342
Apr 15, 2022	0	35	796	125394
Apr 16, 2022	0	35	954	111583
Apr 17, 2022	0	31	1985	86650
Apr 18, 2022	0	31	928	19810
Apr 19, 2022	0	10	1547	25465
Apr 20, 2022	0	56	1231	155711
Apr 21, 2022	0	54	1589	104007
Apr 22, 2022	0	33	1656	88389
Apr 23, 2022	0	44	1755	80571
Apr 24, 2022	0	30	1862	58954
Apr 25, 2022	0	0	1970	13984
Apr 26, 2022	0	151	2252	97498
Apr 27, 2022	0	39	2563	67711
Apr 28, 2022	0	60	2496	59760
Apr 29, 2022	0	50	2755	52919
Apr 30, 2022	0	40	2876	49482
May 01, 2022	0	26	2723	36726
May 02, 2022	0	20	2911	8737
May 03, 2022	0	31	2802	67017
May 04, 2022	0	55	3010	47925
May 05, 2022	0	27	0	44225
May 06, 2022	0	22	6717	40224
May 07, 2022	0	40	3079	37958
May 08, 2022	0	29	3410	29324
May 09, 2022	0	10	3044	7354
May 10, 2022	0	54	2986	56449
May 11, 2022	0	24	3230	40299
May 12, 2022	0	9	3295	36047
May 13, 2022	0	11	3355	32773
May 14, 2022	0	13	2878	30459
May 15, 2022	0	27	2550	22844
May 16, 2022	0	19	2467	5936
May 17, 2022	0	33	2549	43727
May 18, 2022	0	10	2582	29995
May 19, 2022	0	20	2614	27842
May 20, 2022	0	25	2346	24332
May 21, 2022	0	65	2202	22507
May 22, 2022	0	46	2099	16965
May 23, 2022	0	31	1635	4386
May 24, 2022	0	17	1977	32029
May 25, 2022	0	18	2167	22006
May 26, 2022	0	14	2296	21234
May 27, 2022	0	33	2158	4811
May 28, 2022	0	14	2035	23582
May 29, 2022	0	25	2070	16440
May 30, 2022	0	19	2134	4673
May 31, 2022	0	6	2236	35142
Jun 01, 2022	0	5	2584	26144
Jun 02, 2022	0	10	2363	25365
Jun 03, 2022	0	16	2697	25130
Jun 04, 2022	0	25	2619	25172
Jun 05, 2022	0	9	2779	20542
Jun 06, 2022	0	7	2513	6184
Jun 07, 2022	0	7	3345	11627
Jun 08, 2022	0	8	3591	53802
Jun 09, 2022	0	24	3791	40151
Jun 10, 2022	0	10	4216	17152
Jun 11, 2022	0	4	4435	0
Jun 12, 2022	0	10	4592	79397
Jun 13, 2022	0	6	4035	8474
Jun 14, 2022	0	15	5718	65425
Jun 15, 2022	0	11	7624	51954
Jun 16, 2022	0	14	7985	53081
Jun 17, 2022	0	23	8148	50605
Jun 18, 2022	0	15	8518	50266
Jun 19, 2022	0	18	8537	40125
Jun 20, 2022	0	17	7293	11566
Jun 21, 2022	0	13	9862	95217
Jun 22, 2022	0	38	10972	77967
Jun 23, 2022	0	13	13029	79852
Jun 24, 2022	0	20	12425	79262
Jun 25, 2022	0	25	10917	80926
Jun 26, 2022	0	21	15208	66301
Jun 27, 2022	0	27	9486	17601
Jun 28, 2022	0	30	11574	147248
Jun 29, 2022	0	39	13827	124724
Jun 30, 2022	0	23	14413	133346
Jul 01, 2022	0	29	14684	125066
Jul 02, 2022	0	31	13929	122639
Jul 03, 2022	0	24	13958	96191
Jul 04, 2022	0	19	12456	24418
Jul 05, 2022	0	28	15394	206554
Jul 06, 2022	0	35	14650	154615
Jul 07, 2022	0	38	15899	161265
Jul 08, 2022	0	43	16104	140997
Jul 09, 2022	0	42	14553	116405
Jul 10, 2022	0	26	14629	110589
Jul 11, 2022	0	20	13265	24343
Jul 12, 2022	0	45	15447	182006
Jul 13, 2022	0	38	16482	127642
Jul 14, 2022	0	47	16994	119285
Jul 15, 2022	0	56	18301	23027
Jul 16, 2022	0	49	17790	124009
Jul 17, 2022	0	51	16069	73668
Jul 18, 2022	0	25	16113	17733
Jul 19, 2022	0	40	18517	134188
Jul 20, 2022	0	45	18294	89982
Jul 21, 2022	0	60	21219	80869
Jul 22, 2022	0	67	20726	74348
Jul 23, 2022	0	36	18143	68532
Jul 24, 2022	0	41	18148	50032
Jul 25, 2022	0	36	0	11195
Jul 26, 2022	0	57	18159	87562
Jul 27, 2022	0	44	39958	58638
Jul 28, 2022	0	47	22697	51594
Jul 29, 2022	0	54	20958	45515
Jul 30, 2022	0	45	19336	41274
Jul 31, 2022	0	39	16112	31535
Aug 01, 2022	0	34	17897	7249
Aug 02, 2022	0	47	19823	54519
Aug 03, 2022	0	53	20419	38788
Aug 04, 2022	0	70	21595	33799
Aug 05, 2022	0	49	19928	30592
Aug 06, 2022	0	40	18558	28518
Aug 07, 2022	0	41	15549	21528
Aug 08, 2022	0	42	16412	5090
Aug 09, 2022	0	54	19539	38230
Aug 10, 2022	0	53	19431	27081
Aug 11, 2022	0	49	18053	24312
Aug 12, 2022	0	68	20018	22638
Aug 13, 2022	0	41	16454	21175
Aug 14, 2022	0	32	14238	16347
Aug 15, 2022	0	29	15040	4564
Aug 16, 2022	0	36	15220	6331
Aug 17, 2022	0	72	16251	35745
Aug 18, 2022	0	47	15220	23605
Aug 19, 2022	0	36	0	20236
Aug 20, 2022	0	43	26683	19870
Aug 21, 2022	0	36	11726	14820
Aug 22, 2022	0	48	9680	4012
Aug 23, 2022	0	36	10677	28988
Aug 24, 2022	0	36	13084	21289
Aug 25, 2022	0	68	13528	19837
Aug 26, 2022	0	41	12875	18116
Aug 27, 2022	0	157	9999	17833
Aug 28, 2022	0	45	9206	14110
Aug 29, 2022	0	30	22031	3806
Aug 30, 2022	0	45	10828	27358
Aug 31, 2022	0	37	9828	19240
Sep 01, 2022	0	21	9685	18646
Sep 02, 2022	0	33	9651	16399
Sep 03, 2022	0	26	8414	15597
Sep 04, 2022	0	16	7034	12894
Sep 05, 2022	0	23	6032	3443
Sep 06, 2022	0	27	7094	26918
Sep 07, 2022	0	33	6614	20142
Sep 08, 2022	0	13	0	19866
Sep 09, 2022	0	36	13090	19087
Sep 10, 2022	0	11	5970	19517
Sep 11, 2022	0	15	5975	16422
Sep 12, 2022	0	20	5178	4579
Sep 13, 2022	0	31	5675	41850
Sep 14, 2022	0	34	5748	33575
Sep 15, 2022	0	23	5916	33263
Sep 16, 2022	0	29	5618	28686
Sep 17, 2022	0	35	4555	33162
Sep 18, 2022	0	18	4735	23137
Sep 19, 2022	0	15	4676	5219
Sep 20, 2022	0	33	5640	51816
Sep 21, 2022	0	26	5291	38250
Sep 22, 2022	0	20	6424	38464
Sep 23, 2022	0	38	5719	37524
Sep 24, 2022	0	23	5196	38024
Sep 25, 2022	0	20	4688	31365
Sep 26, 2022	0	32	4255	7489
Sep 27, 2022	0	22	4972	73639
Sep 28, 2022	0	27	4474	53410
Sep 29, 2022	0	18	5096	51366
Sep 30, 2022	0	26	5069	48261
Oct 01, 2022	0	18	4206	46596
Oct 02, 2022	0	28	4301	37453
Oct 03, 2022	0	15	3481	8690
Oct 04, 2022	0	17	3731	89185
Oct 05, 2022	0	12	3553	66564
Oct 06, 2022	0	9	3908	65537
Oct 07, 2022	0	24	3884	61121
Oct 08, 2022	0	21	3393	57270
Oct 09, 2022	0	15	2923	42626
Oct 10, 2022	0	8	2654	9373
Oct 11, 2022	0	13	3208	94753
Oct 12, 2022	0	12	2557	67948
Oct 13, 2022	0	10	2594	64218
Oct 14, 2022	0	17	2378	58695
Oct 15, 2022	0	21	2373	55394
Oct 16, 2022	0	10	1841	41973
Oct 17, 2022	0	8	1919	9421
Oct 18, 2022	0	10	2417	87666
Oct 19, 2022	0	20	2579	63031
Oct 20, 2022	0	10	2582	56793
Oct 21, 2022	0	4	3102	49087
Oct 22, 2022	0	4	2601	43746
Oct 23, 2022	0	16	1557	31470
Oct 24, 2022	0	3	1503	6907
Oct 25, 2022	0	1	1771	59653
Oct 26, 2022	0	6	1892	41185
Oct 27, 2022	0	12	3619	37089
Oct 28, 2022	0	9	2161	25783
Oct 29, 2022	0	8	2081	22723
Oct 30, 2022	0	8	1723	16456
Oct 31, 2022	0	53	1287	3768
Nov 01, 2022	0	6	1190	29525
Nov 02, 2022	0	9	1457	5691
Nov 03, 2022	0	18	1591	42025
Nov 04, 2022	0	7	1580	29438
Nov 05, 2022	0	14	1479	26840
Nov 06, 2022	0	9	1252	21178
Nov 07, 2022	0	0	1119	3645
Nov 08, 2022	0	2	1271	40591
Nov 09, 2022	0	3	1385	28702
Nov 10, 2022	0	6	1271	27068
Nov 11, 2022	0	8	1024	26353
Nov 12, 2022	0	3	977	5577
Nov 13, 2022	0	1	3385	27155
Nov 14, 2022	0	1	800	6017
Nov 15, 2022	0	2	856	48971
Nov 16, 2022	0	11	1010	34878
Nov 17, 2022	0	7	790	33331
Nov 18, 2022	0	0	0	37177
Nov 19, 2022	0	21	1572	47088
Nov 20, 2022	0	12	481	14204
Nov 21, 2022	0	5	482	29335
Nov 22, 2022	0	5	518	64772
Nov 23, 2022	0	5	568	49188
Nov 24, 2022	0	3	709	50530
Nov 25, 2022	0	4	506	48629
Nov 26, 2022	0	4	471	48331
Nov 27, 2022	0	2	429	37675
Nov 28, 2022	0	1	355	9304
Nov 29, 2022	0	5	401	91814
Nov 30, 2022	0	2	377	68382
Dec 01, 2022	0	2	368	69253
Dec 02, 2022	0	3	325	59008
Dec 03, 2022	0	1	293	52908
Dec 04, 2022	0	2	319	40006
Dec 05, 2022	0	3	251	10591
Dec 06, 2022	0	5	251	105516
Dec 07, 2022	0	9	243	75752
Dec 08, 2022	0	6	259	71597
Dec 09, 2022	0	1	390	65509
Dec 10, 2022	0	4	303	61482
Dec 11, 2022	0	0	166	46422
Dec 12, 2022	0	0	175	10878
Dec 13, 2022	0	0	151	97037
Dec 14, 2022	0	5	274	70224
Dec 15, 2022	0	0	238	62541
Dec 16, 2022	0	4	246	56361
Dec 17, 2022	0	5	227	52544
Dec 18, 2022	0	2	126	37264
Dec 19, 2022	0	3	178	8213
Dec 20, 2022	0	3	210	71212
Dec 21, 2022	0	1	190	54613
Dec 22, 2022	0	9	176	49517
Dec 23, 2022	0	1	183	43766
Dec 24, 2022	0	2	198	40744
Dec 25, 2022	0	2	190	23681
Dec 26, 2022	0	1	163	5429
Dec 27, 2022	0	0	141	30989
Dec 28, 2022	0	2	182	26081
Dec 29, 2022	0	1	185	24436
Dec 30, 2022	0	3	179	23808
Dec 31, 2022	0	3	1209	21836
Jan 01, 2023	0	2	207	15005
Jan 02, 2023	0	0	222	2246
Jan 03, 2023	0	0	187	22916
Jan 04, 2023	0	0	0	14105
Jan 05, 2023	0	7	476	11537
Jan 06, 2023	0	4	204	10383
Jan 07, 2023	0	2	247	8961
Jan 08, 2023	0	1	221	6557
Jan 09, 2023	0	1	172	1702
Jan 10, 2023	0	0	148	11715
Jan 11, 2023	0	0	0	7635
Jan 12, 2023	0	0	0	7159
Jan 13, 2023	0	4	661	6238
Jan 14, 2023	0	0	182	5429
Jan 15, 2023	0	0	144	4166
Jan 16, 2023	0	0	163	1235
Jan 17, 2023	0	2	173	8381
Jan 18, 2023	0	0	170	5894
Jan 19, 2023	0	0	161	4992
Jan 20, 2023	0	2	135	4475
Jan 21, 2023	0	3	117	4324
Jan 22, 2023	0	2	118	3477
Jan 23, 2023	0	2	0	1027
Jan 24, 2023	0	0	201	7263
Jan 25, 2023	0	1	147	5347
Jan 26, 2023	0	1	108	5287
Jan 27, 2023	0	0	147	4681
Jan 28, 2023	0	1	108	4513
Jan 29, 2023	0	0	74	3802
Jan 30, 2023	0	0	158	982
Jan 31, 2023	0	0	83	6860
Feb 01, 2023	0	0	0	4506
Feb 02, 2023	0	1	245	4021
Feb 03, 2023	0	4	96	3618
Feb 04, 2023	0	0	88	3312
Feb 05, 2023	0	0	91	2632
Feb 06, 2023	0	0	135	718
Feb 07, 2023	0	1	81	4999
Feb 08, 2023	0	2	111	3991
Feb 09, 2023	0	2	96	3653
Feb 10, 2023	0	0	109	3366
Feb 11, 2023	0	0	101	3187
Feb 12, 2023	0	3	85	2469
Feb 13, 2023	0	0	93	706
Feb 14, 2023	0	3	94	4986
Feb 15, 2023	0	1	113	3972
Feb 16, 2023	0	0	129	4021
Feb 17, 2023	0	0	112	3589
Feb 18, 2023	0	3	107	4236
Feb 19, 2023	0	1	102	2999
Feb 20, 2023	0	0	90	898
Feb 21, 2023	0	1	110	5774
Feb 22, 2023	0	1	127	4584
Feb 23, 2023	0	1	152	4489
Feb 24, 2023	0	0	106	3917
Feb 25, 2023	0	5	154	3843
Feb 26, 2023	0	1	104	2942
Feb 27, 2023	0	1	140	841
Feb 28, 2023	0	1	161	5651
Mar 01, 2023	0	0	164	4525
Mar 02, 2023	0	0	197	4196
Mar 03, 2023	0	3	170	3194
Mar 04, 2023	0	0	219	4013
Mar 05, 2023	0	0	171	0
Mar 06, 2023	0	0	197	953
Mar 07, 2023	0	0	220	0
Mar 08, 2023	0	1	277	0
Mar 09, 2023	0	3	320	0
Mar 10, 2023	0	1	0	6188
Mar 11, 2023	0	1	654	6072
Mar 12, 2023	0	1	252	4558
Mar 13, 2023	0	2	306	1235
Mar 14, 2023	0	5	319	9937
Mar 15, 2023	0	1	327	8348
Mar 16, 2023	0	5	388	7932
Mar 17, 2023	0	4	476	7228
Mar 18, 2023	0	3	542	7210
Mar 19, 2023	0	4	479	5459
Mar 20, 2023	0	2	435	1470
Mar 21, 2023	0	5	662	11519
Mar 22, 2023	0	3	718	9762
Mar 23, 2023	0	2	925	9249
Mar 24, 2023	0	6	910	8839
Mar 25, 2023	0	7	1051	8435
Mar 26, 2023	0	6	932	6211
Mar 27, 2023	0	4	888	7
Mar 28, 2023	0	7	1222	12933
Mar 29, 2023	0	14	1396	10885
Mar 30, 2023	0	5	1390	0
Mar 31, 2023	0	9	1840	9211
Apr 01, 2023	0	5	1784	8455
Apr 02, 2023	0	11	1800	6027
Apr 03, 2023	0	9	2069	1453
Apr 04, 2023	0	15	2508	0
Apr 05, 2023	0	13	2826	9922
Apr 06, 2023	0	14	3320	9374
Apr 07, 2023	0	11	3253	8786
Apr 08, 2023	0	11	3726	7739
Apr 09, 2023	0	14	3481	6474
Apr 10, 2023	0	21	3761	1342
Apr 11, 2023	0	16	4692	1884
Apr 12, 2023	0	19	5356	14207
Apr 13, 2023	0	29	6456	10678
Apr 14, 2023	0	27	6628	9467
Apr 15, 2023	0	23	6248	8595
Apr 16, 2023	0	27	6313	5805
Apr 17, 2023	0	11	6702	1411
Apr 18, 2023	0	38	8175	10616
Apr 19, 2023	0	40	10827	8807
Apr 20, 2023	0	28	10780	8201
Apr 21, 2023	0	42	10765	7400
Apr 22, 2023	0	29	9833	6796
Apr 23, 2023	0	16	9011	5008
Apr 24, 2023	0	24	9213	1185
Apr 25, 2023	0	29	11967	8895
Apr 26, 2023	0	26	12932	7490
Apr 27, 2023	0	44	11047	6609
Apr 28, 2023	0	40	9669	6144
Apr 29, 2023	0	25	8148	5642
Apr 30, 2023	0	14	6037	4030
May 01, 2023	0	17	6379	1098
May 02, 2023	0	20	7698	1065
May 03, 2023	0	22	7873	8715
May 04, 2023	0	36	6587	6161
May 05, 2023	0	17	6135	5505
May 06, 2023	0	21	5188	5103
May 07, 2023	0	12	3861	3301
May 08, 2023	0	15	3752	759
May 09, 2023	0	15	3430	1044
May 10, 2023	0	14	3469	6708
May 11, 2023	0	17	3167	0
May 12, 2023	0	14	2720	9003
May 13, 2023	0	3	2252	3706
May 14, 2023	0	8	1815	2563
May 15, 2023	0	12	2100	623
May 16, 2023	0	4	2661	5118
May 17, 2023	0	20	2100	4149
May 18, 2023	0	4	1948	0
May 19, 2023	0	6	1193	0
May 20, 2023	0	8	1308	0
May 21, 2023	0	7	958	0
May 22, 2023	0	4	920	677
May 23, 2023	0	6	1059	5901
May 24, 2023	0	5	953	4905
May 25, 2023	0	2	949	4220
May 26, 2023	0	3	870	3724
May 27, 2023	0	5	685	3317
May 28, 2023	0	2	571	2284
May 29, 2023	0	1	429	592
May 30, 2023	0	3	588	902
May 31, 2023	0	2	583	5210
Jun 01, 2023	0	2	454	3735
Jun 02, 2023	0	4	467	3204
Jun 03, 2023	0	2	359	2797
Jun 04, 2023	0	2	322	2082
Jun 05, 2023	0	2	314	443
Jun 06, 2023	0	0	384	3590
Jun 07, 2023	0	2	341	2762
Jun 08, 2023	0	2	299	2603
Jun 09, 2023	0	0	240	2357
Jun 10, 2023	0	3	188	2135
Jun 11, 2023	0	0	0	1282
Jun 12, 2023	0	1	373	332
Jun 13, 2023	0	0	220	2631
Jun 14, 2023	0	1	186	2069
Jun 15, 2023	0	0	146	545
Jun 16, 2023	0	0	142	2895
Jun 17, 2023	0	2	146	1482
Jun 18, 2023	0	1	77	1080
Jun 19, 2023	0	1	101	270
Jun 20, 2023	0	1	149	2071
Jun 21, 2023	0	2	95	1702
Jun 22, 2023	0	2	121	1420
Jun 23, 2023	0	1	113	1232
Jun 24, 2023	0	0	63	1217
Jun 25, 2023	0	0	62	776
Jun 26, 2023	0	0	0	213
Jun 27, 2023	0	0	82	1680
Jun 28, 2023	0	2	167	1148
Jun 29, 2023	0	0	0	1106
Jun 30, 2023	0	1	119	1106
Jul 01, 2023	0	1	75	0
Jul 02, 2023	0	0	0	0
Jul 03, 2023	0	1	91	0
Jul 04, 2023	0	2	69	0
Jul 05, 2023	0	0	0	0
Jul 06, 2023	0	2	83	0
Jul 07, 2023	0	0	0	0
Jul 08, 2023	0	1	81	0
Jul 09, 2023	0	0	47	0
Jul 10, 2023	0	0	31	0
Jul 11, 2023	0	0	53	0
Jul 12, 2023	0	0	0	0
Jul 13, 2023	0	1	116	0
Jul 14, 2023	0	0	42	0
Jul 15, 2023	0	1	34	0
Jul 16, 2023	0	0	34	0
Jul 17, 2023	0	0	0	0
Jul 18, 2023	0	0	0	0
Jul 19, 2023	0	0	99	0
Jul 20, 2023	0	0	0	0
Jul 21, 2023	0	0	0	0
Jul 22, 2023	0	0	0	0
Jul 23, 2023	0	0	268	0
Jul 24, 2023	0	0	0	0
Jul 25, 2023	0	0	76	0
Jul 26, 2023	0	0	59	0
Jul 27, 2023	0	0	49	0
Jul 28, 2023	0	0	49	0
Jul 29, 2023	0	1	43	0
Jul 30, 2023	0	1	37	0
Jul 31, 2023	0	0	29	0
Aug 01, 2023	0	0	0	0
Aug 02, 2023	0	1	77	0
Aug 03, 2023	0	0	0	0
Aug 04, 2023	0	0	111	0
Aug 05, 2023	0	0	48	0
Aug 06, 2023	0	0	32	0
Aug 07, 2023	0	0	0	0
Aug 08, 2023	0	0	113	0
Aug 09, 2023	0	2	71	0
Aug 10, 2023	0	0	47	0
Aug 11, 2023	0	0	56	0
Aug 12, 2023	0	1	54	0
Aug 13, 2023	0	0	37	0
Aug 14, 2023	0	1	41	0
Aug 15, 2023	0	0	60	0
Aug 16, 2023	0	2	45	0
Aug 17, 2023	0	0	45	0
Aug 18, 2023	0	1	60	0
Aug 19, 2023	0	0	35	0
Aug 20, 2023	0	1	46	0
Aug 21, 2023	0	0	28	0
Aug 22, 2023	0	0	51	0
Aug 23, 2023	0	0	45	0
Aug 24, 2023	0	1	48	0
Aug 25, 2023	0	1	64	0
Aug 26, 2023	0	0	45	0
Aug 27, 2023	0	1	47	0
Aug 28, 2023	0	0	38	0
Aug 29, 2023	0	0	48	0
Aug 30, 2023	0	1	51	0
Aug 31, 2023	0	0	0	0
Sep 01, 2023	0	0	0	0
Sep 02, 2023	0	0	1076	0
Sep 03, 2023	0	0	0	0
Sep 04, 2023	0	0	0	0
Sep 05, 2023	0	0	158	0
Sep 06, 2023	0	0	68	0
Sep 07, 2023	0	0	55	0
Sep 08, 2023	0	0	64	0
Sep 09, 2023	0	0	56	0
Sep 10, 2023	0	0	52	0
Sep 11, 2023	0	0	42	0
Sep 12, 2023	0	0	64	0
Sep 13, 2023	0	0	63	0
Sep 14, 2023	0	0	50	0
Sep 15, 2023	0	0	59	0
Sep 16, 2023	0	0	59	0
Sep 17, 2023	0	0	60	0
Sep 18, 2023	0	0	50	0
Sep 19, 2023	0	0	90	0
Sep 20, 2023	0	0	53	0
Sep 21, 2023	0	0	65	0
Sep 22, 2023	0	0	65	0
Sep 23, 2023	0	0	59	0
Sep 24, 2023	0	0	53	0
Sep 25, 2023	0	0	31	0
Sep 26, 2023	0	0	44	0
Sep 27, 2023	0	0	41	0
Sep 28, 2023	0	0	50	0
Sep 29, 2023	0	0	63	0
Sep 30, 2023	0	0	59	0
Oct 01, 2023	0	0	45	0
Oct 02, 2023	0	0	47	0
Oct 03, 2023	0	0	66	0
Oct 04, 2023	0	0	267	0
Oct 05, 2023	0	0	55	0
Oct 06, 2023	0	0	44	0
Oct 07, 2023	0	0	35	0
Oct 08, 2023	0	0	43	0
Oct 09, 2023	0	0	52	0
Oct 10, 2023	0	0	35	0
Oct 11, 2023	0	0	0	0
Oct 12, 2023	0	0	69	0
Oct 13, 2023	0	0	41	0
Oct 14, 2023	0	0	0	0
Oct 15, 2023	0	0	0	0
Oct 16, 2023	0	0	0	0
Oct 17, 2023	0	0	172	0
Oct 18, 2023	0	0	47	0
Oct 19, 2023	0	0	41	0
Oct 20, 2023	0	0	0	0
Oct 21, 2023	0	0	0	0
Oct 22, 2023	0	0	0	0
Oct 23, 2023	0	0	0	0
Oct 24, 2023	0	0	0	0
Oct 25, 2023	0	2	183	0
Oct 26, 2023	0	0	0	0
Oct 27, 2023	0	0	36	0
Oct 28, 2023	0	0	0	0
Oct 29, 2023	0	0	75	0
Oct 30, 2023	0	0	0	0
Oct 31, 2023	0	0	0	0
Nov 01, 2023	0	0	0	0
Nov 02, 2023	0	0	0	0
Nov 03, 2023	0	0	0	0
Nov 04, 2023	0	0	0	0
Nov 05, 2023	0	0	0	0
Nov 06, 2023	0	0	0	0
Nov 07, 2023	0	0	0	0
Nov 08, 2023	0	2	218	0
Nov 09, 2023	0	0	0	0
Nov 10, 2023	0	0	0	0
Nov 11, 2023	0	0	0	0
Nov 12, 2023	0	0	84	0
Nov 13, 2023	0	0	0	0
Nov 14, 2023	0	0	24	0
Nov 15, 2023	0	0	12	0
Nov 16, 2023	0	0	0	0
Nov 17, 2023	0	0	0	0
Nov 18, 2023	0	0	0	0
Nov 19, 2023	0	0	55	0
Nov 20, 2023	0	0	14	0
Nov 21, 2023	0	0	0	0
Nov 22, 2023	0	0	27	0
Nov 23, 2023	0	2	26	0
Nov 24, 2023	0	0	16	0
Nov 25, 2023	0	0	0	0
Nov 26, 2023	0	1	41	0
Nov 27, 2023	0	0	16	0
Nov 28, 2023	0	0	0	0
Nov 29, 2023	0	0	76	0
Nov 30, 2023	0	0	37	0
Dec 01, 2023	0	0	0	0
Dec 02, 2023	0	0	0	0
Dec 03, 2023	0	0	0	0
Dec 04, 2023	0	3	143	0
Dec 05, 2023	0	0	0	0
Dec 06, 2023	0	4	115	0
Dec 07, 2023	0	0	0	0
Dec 08, 2023	0	0	0	0
Dec 09, 2023	0	0	0	0
Dec 10, 2023	0	0	0	0
Dec 11, 2023	0	2	398	0
Dec 12, 2023	0	0	0	0
Dec 13, 2023	0	2	315	0
Dec 14, 2023	0	0	0	0
Dec 15, 2023	0	0	0	0
Dec 16, 2023	0	0	0	0
Dec 17, 2023	0	0	0	0
Dec 18, 2023	0	0	0	0
Dec 19, 2023	0	0	0	0
Dec 20, 2023	0	0	0	0
Dec 21, 2023	0	0	0	0
Dec 22, 2023	0	19	1551	0
Dec 23, 2023	0	4	325	0
Dec 24, 2023	0	1	333	0
Dec 25, 2023	0	0	0	0
Dec 26, 2023	0	4	608	0
Dec 27, 2023	0	3	0	0
Dec 28, 2023	0	6	0	0
Dec 29, 2023	0	5	0	0
Dec 30, 2023	0	7	2923	0
Dec 31, 2023	0	3	526	0
Jan 01, 2024	0	3	548	0
Jan 02, 2024	0	2	400	0
Jan 03, 2024	0	5	722	0
Jan 04, 2024	0	2	775	0
Jan 05, 2024	0	12	838	0
Jan 06, 2024	0	2	919	0
Jan 07, 2024	0	5	889	0
Jan 08, 2024	0	4	731	0
Jan 09, 2024	0	6	469	0
Jan 10, 2024	0	4	1098	0
Jan 11, 2024	0	3	511	0
Jan 12, 2024	0	3	660	0
Jan 13, 2024	0	0	571	0
Jan 14, 2024	0	2	536	0
Jan 15, 2024	0	0	357	0
Jan 16, 2024	0	3	372	0
Jan 17, 2024	0	3	514	0
Jan 18, 2024	0	3	419	0
Jan 19, 2024	0	2	461	0
Jan 20, 2024	0	3	600	0
Jan 21, 2024	0	6	266	0
Jan 22, 2024	0	2	226	0
Jan 23, 2024	0	3	236	0
Jan 24, 2024	0	2	303	0
Jan 25, 2024	0	1	319	0
Jan 26, 2024	0	1	276	0
Jan 27, 2024	0	1	209	0
Jan 28, 2024	0	1	279	0
Jan 29, 2024	0	0	177	0
Jan 30, 2024	0	0	169	0
Jan 31, 2024	0	2	157	0
Feb 01, 2024	0	1	210	0
Feb 02, 2024	0	3	141	0
Feb 03, 2024	0	0	0	0
Feb 04, 2024	0	3	252	0
Feb 05, 2024	0	0	73	0
Feb 06, 2024	0	1	137	0
Feb 07, 2024	0	2	167	0
Feb 08, 2024	0	1	228	0
Feb 09, 2024	0	0	0	0
Feb 10, 2024	0	3	623	0
Feb 11, 2024	0	1	379	0
Feb 12, 2024	0	0	73	0
Feb 13, 2024	0	4	114	0
Feb 14, 2024	0	1	149	0
Feb 15, 2024	0	1	148	0
Feb 16, 2024	0	2	122	0
Feb 17, 2024	0	2	161	0
Feb 18, 2024	0	0	128	0
Feb 19, 2024	0	0	84	0
Feb 20, 2024	0	1	122	0
Feb 21, 2024	0	2	155	0
Feb 22, 2024	0	1	159	0
Feb 23, 2024	0	0	0	0
Feb 24, 2024	0	1	294	0
Feb 25, 2024	0	1	132	0
Feb 26, 2024	0	0	0	0
Feb 27, 2024	0	6	196	0
Feb 28, 2024	0	1	200	0
Feb 29, 2024	0	4	151	0
Mar 01, 2024	0	2	153	0
Mar 02, 2024	0	0	133	0
Mar 03, 2024	0	4	141	0
Mar 04, 2024	0	1	92	0
Mar 05, 2024	0	3	189	0
Mar 06, 2024	0	0	0	0
Mar 07, 2024	0	0	0	0
Mar 08, 2024	0	0	0	0
Mar 09, 2024	0	0	0	0
Mar 10, 2024	0	11	862	0
Mar 11, 2024	0	0	117	0
Mar 12, 2024	0	0	220	0
Mar 13, 2024	0	2	213	0
Mar 14, 2024	0	1	219	0
Mar 15, 2024	0	0	0	0
Mar 16, 2024	0	0	0	0
Mar 17, 2024	0	8	452	0
Mar 18, 2024	0	2	95	0
Mar 19, 2024	0	2	143	0
Mar 20, 2024	0	0	0	0
Mar 21, 2024	0	8	430	0
Mar 22, 2024	0	2	139	0
Mar 23, 2024	0	2	180	0
