Feb 15, 2020	0	null	null	null
Feb 16, 2020	0	0	0	0
Feb 17, 2020	0	0	1	0
Feb 18, 2020	0	0	2	0
Feb 19, 2020	0	0	0	0
Feb 20, 2020	0	0	0	0
Feb 21, 2020	0	0	0	0
Feb 22, 2020	0	0	3	0
Feb 23, 2020	0	0	0	0
Feb 24, 2020	0	0	1	0
Feb 25, 2020	0	0	0	2
Feb 26, 2020	0	0	0	4
Feb 27, 2020	0	0	0	19
Feb 28, 2020	0	0	0	18
Feb 29, 2020	0	0	1	39
Mar 01, 2020	0	0	0	27
Mar 02, 2020	2	0	0	56
Mar 03, 2020	2	0	0	20
Mar 04, 2020	2	0	0	67
Mar 05, 2020	2	0	0	126
Mar 06, 2020	4	0	0	209
Mar 07, 2020	4	5	0	269
Mar 08, 2020	6	3	0	236
Mar 09, 2020	19	11	0	185
Mar 10, 2020	25	3	0	338
Mar 11, 2020	31	15	0	452
Mar 12, 2020	30	13	0	540
Mar 13, 2020	60	18	0	714
Mar 14, 2020	83	12	0	761
Mar 15, 2020	104	36	0	840
Mar 16, 2020	121	21	0	1100
Mar 17, 2020	156	27	590	997
Mar 18, 2020	197	89	0	1277
Mar 19, 2020	269	108	693	1691
Mar 20, 2020	320	78	292	1469
Mar 21, 2020	392	112	0	1678
Mar 22, 2020	437	112	613	1417
Mar 23, 2020	500	186	0	3488
Mar 24, 2020	601	240	1081	2224
Mar 25, 2020	701	231	619	2662
Mar 26, 2020	780	365	1048	3564
Mar 27, 2020	913	299	752	3462
Mar 28, 2020	994	319	0	4191
Mar 29, 2020	1107	292	1502	2362
Mar 30, 2020	1217	418	725	3977
Mar 31, 2020	1311	498	1517	6887
Apr 01, 2020	1417	508	1491	4418
Apr 02, 2020	1508	1354	1493	1923
Apr 03, 2020	1671	1119	1580	4755
Apr 04, 2020	1751	1052	1430	3877
Apr 05, 2020	1911	517	745	1703
Apr 06, 2020	2090	832	1067	3555
Apr 07, 2020	2313	1416	2087	3432
Apr 08, 2020	2494	540	1917	3526
Apr 09, 2020	2761	1339	1952	3895
Apr 10, 2020	2924	986	1726	3946
Apr 11, 2020	3229	634	1459	2829
Apr 12, 2020	3509	561	795	1466
Apr 13, 2020	3778	574	532	2428
Apr 14, 2020	3954	761	1087	4996
Apr 15, 2020	4221	1437	2150	2393
Apr 16, 2020	4472	752	1857	2400
Apr 17, 2020	4796	760	1608	368
Apr 18, 2020	5082	641	1563	2335
Apr 19, 2020	5307	395	595	714
Apr 20, 2020	5423	546	831	1864
Apr 21, 2020	5677	530	1772	2423
Apr 22, 2020	5870	543	1476	1661
Apr 23, 2020	6168	515	1431	1502
Apr 24, 2020	6520	389	1405	1611
Apr 25, 2020	6845	369	1101	1397
Apr 26, 2020	7032	242	309	419
Apr 27, 2020	7180	436	610	3420
Apr 28, 2020	7484	367	1373	1381
Apr 29, 2020	7596	426	1342	1675
Apr 30, 2020	7804	289	1248	1061
May 01, 2020	8160	218	736	563
May 02, 2020	8347	166	350	740
May 03, 2020	8471	135	222	287
May 04, 2020	8769	306	587	537
May 05, 2020	9002	330	1365	1029
May 06, 2020	9226	278	1236	3898
May 07, 2020	9465	178	1055	586
May 08, 2020	9675	243	815	598
May 09, 2020	10079	80	4206	403
May 10, 2020	10361	70	4272	195
May 11, 2020	10393	263	2851	425
May 12, 2020	10679	348	1265	659
May 13, 2020	11123	83	2590	473
May 14, 2020	11445	351	5146	580
May 15, 2020	11617	104	2529	524
May 16, 2020	12025	96	2468	347
May 17, 2020	12237	146	77	112
May 18, 2020	12495	131	2361	459
May 19, 2020	12808	119	1002	489
May 20, 2020	13372	110	1941	389
May 21, 2020	14046	83	2584	296
May 22, 2020	14413	74	1753	366
May 23, 2020	15145	43	1610	233
May 24, 2020	15497	35	1738	107
May 25, 2020	15717	65	1267	334
May 26, 2020	15870	98	3800	257
May 27, 2020	16321	66	520	178
May 28, 2020	16802	66	532	3098
May 29, 2020	17204	52	351	556
May 30, 2020	17185	57	138	1703
May 31, 2020	17552	31	394	239
Jun 01, 2020	17662	31	628	315
Jun 02, 2020	17951	107	366	283
Jun 03, 2020	18129	81	499	330
Jun 04, 2020	18205	44	480	720
Jun 05, 2020	18308	46	301	573
Jun 06, 2020	18806	31	81	543
Jun 07, 2020	18837	13	446	322
Jun 08, 2020	19246	54	435	198
Jun 09, 2020	19739	87	302	378
Jun 10, 2020	20228	23	273	511
Jun 11, 2020	20659	27	339	399
Jun 12, 2020	21145	28	205	681
Jun 13, 2020	21553	24	83	494
Jun 14, 2020	21612	9	325	382
Jun 15, 2020	21973	29	228	143
Jun 16, 2020	22466	111	67	323
Jun 17, 2020	22912	28	3070	430
Jun 18, 2020	23625	28	528	438
Jun 19, 2020	24081	14	1689	761
Jun 20, 2020	24717	16	223	602
Jun 21, 2020	25022	7	308	267
Jun 22, 2020	25610	23	260	350
Jun 23, 2020	26120	57	273	485
Jun 24, 2020	26778	11	709	76
Jun 25, 2020	27118	21	552	0
Jun 26, 2020	27411	26	517	1490
Jun 27, 2020	28183	8	314	490
Jun 28, 2020	28320	9	189	490
Jun 29, 2020	28487	18	360	263
Jun 30, 2020	28703	30	481	508
Jul 01, 2020	29241	18	381	861
Jul 02, 2020	29740	14	667	618
Jul 03, 2020	30091	18	476	546
Jul 04, 2020	30834	7	375	526
Jul 05, 2020	31473	7	136	600
Jul 06, 2020	31798	13	310	165
Jul 07, 2020	32132	13	417	446
Jul 08, 2020	33135	32	406	622
Jul 09, 2020	34668	14	747	583
Jul 10, 2020	35349	25	577	617
Jul 11, 2020	35764	4	263	628
Jul 12, 2020	36455	3	347	627
Jul 13, 2020	36636	18	467	270
Jul 14, 2020	37226	71	5	480
Jul 15, 2020	37247	20	-20	390
Jul 16, 2020	37450	18	1472	501
Jul 17, 2020	37339	14	476	785
Jul 18, 2020	37598	9	481	812
Jul 19, 2020	36977	8	255	812
Jul 20, 2020	36998	8	500	328
Jul 21, 2020	37083	13	848	548
Jul 22, 2020	37037	7	611	937
Jul 23, 2020	36917	10	536	997
Jul 24, 2020	36808	10	516	1060
Jul 25, 2020	37218	4	596	956
Jul 26, 2020	37342	4	161	955
Jul 27, 2020	37292	9	437	482
Jul 28, 2020	36611	14	608	680
Jul 29, 2020	37319	15	568	1306
Jul 30, 2020	36986	16	601	1292
Jul 31, 2020	37338	11	617	1263
Aug 01, 2020	36824	3	624	0
Aug 02, 2020	37244	4	266	2646
Aug 03, 2020	37595	22	458	522
Aug 04, 2020	37618	2	388	975
Aug 05, 2020	37530	9	492	1591
Aug 06, 2020	37587	7	778	1505
Aug 07, 2020	38076	12	800	2147
Aug 08, 2020	38539	1	811	1910
Aug 09, 2020	38721	1	327	1909
Aug 10, 2020	39082	14	534	737
Aug 11, 2020	39242	14	923	1311
Aug 12, 2020	39017	17	980	2369
Aug 13, 2020	39290	17	1043	2505
Aug 14, 2020	39484	17	939	2671
Aug 15, 2020	40076	4	951	3106
Aug 16, 2020	40296	1	481	2829
Aug 17, 2020	40705	24	656	463
Aug 18, 2020	40460	17	1289	2100
Aug 19, 2020	39942	17	1275	3544
Aug 20, 2020	40119	12	1251	4477
Aug 21, 2020	39917	23	-23	4304
Aug 22, 2020	39706	9	2637	3380
Aug 23, 2020	39355	1	521	4596
Aug 24, 2020	37593	15	960	1835
Aug 25, 2020	38134	16	1575	3101
Aug 26, 2020	37812	0	1505	5095
Aug 27, 2020	37245	32	2115	5735
Aug 28, 2020	37818	20	1890	6925
Aug 29, 2020	39132	6	1903	5117
Aug 30, 2020	40525	4	733	5080
Aug 31, 2020	41420	29	1282	2892
Sep 01, 2020	42009	26	2343	4675
Sep 02, 2020	43059	25	2480	6585
Sep 03, 2020	44463	0	2671	6716
Sep 04, 2020	45524	0	3106	8423
Sep 05, 2020	46324	12	2817	8024
Sep 06, 2020	47509	3	460	6636
Sep 07, 2020	48207	25	2075	3944
Sep 08, 2020	48847	38	3506	6141
Sep 09, 2020	49806	30	4447	8049
Sep 10, 2020	51237	19	4285	9237
Sep 11, 2020	52179	80	3300	8827
Sep 12, 2020	53638	17	4579	9911
Sep 13, 2020	54649	6	1829	6741
Sep 14, 2020	54277	34	3067	5779
Sep 15, 2020	55000	49	5046	7369
Sep 16, 2020	55792	46	5689	9182
Sep 17, 2020	56720	50	6875	9941
Sep 18, 2020	56409	153	4964	12402
Sep 19, 2020	56889	26	5054	12667
Sep 20, 2020	57796	11	2881	9918
Sep 21, 2020	58378	53	4622	4972
Sep 22, 2020	58788	78	6507	9392
Sep 23, 2020	59453	43	6673	12267
Sep 24, 2020	60064	52	8371	15105
Sep 25, 2020	60431	150	7874	14825
Sep 26, 2020	61628	39	6597	13525
Sep 27, 2020	61813	27	3917	10438
Sep 28, 2020	61379	81	6060	3819
Sep 29, 2020	61686	85	7964	7555
Sep 30, 2020	61321	63	9174	12054
Oct 01, 2020	61839	63	8764	13110
Oct 02, 2020	63187	130	9781	11400
Oct 03, 2020	63399	49	6692	15927
Oct 04, 2020	63894	32	5747	11792
Oct 05, 2020	63274	69	7300	4771
Oct 06, 2020	63365	66	9116	9843
Oct 07, 2020	63951	80	9861	17592
Oct 08, 2020	64924	76	12326	17013
Oct 09, 2020	65314	109	12558	19087
Oct 10, 2020	65706	54	9864	25240
Oct 11, 2020	66578	46	4926	15110
Oct 12, 2020	66262	95	9297	7981
Oct 13, 2020	65299	108	12159	12193
Oct 14, 2020	64742	104	15001	21200
Oct 15, 2020	63231	88	14737	28736
Oct 16, 2020	63570	178	13347	23542
Oct 17, 2020	63739	89	10349	30431
Oct 18, 2020	64032	85	3734	28000
Oct 19, 2020	63380	146	7409	12428
Oct 20, 2020	62455	262	11792	19208
Oct 21, 2020	62743	163	12947	25034
Oct 22, 2020	63576	162	11238	39060
Oct 23, 2020	63733	298	15629	39445
Oct 24, 2020	63556	137	11655	42626
Oct 25, 2020	62649	116	4655	48808
Oct 26, 2020	61851	257	9586	25123
Oct 27, 2020	60694	523	17069	31360
Oct 28, 2020	61078	244	16769	34194
Oct 29, 2020	60569	235	18852	44705
Oct 30, 2020	58868	545	24695	46185
Oct 31, 2020	58418	223	14887	33447
Nov 01, 2020	56899	231	7750	45258
Nov 02, 2020	55792	467	11726	51104
Nov 03, 2020	54732	906	20294	35912
Nov 04, 2020	54190	437	28299	39880
Nov 05, 2020	54306	415	23127	56292
Nov 06, 2020	54427	880	29551	58581
Nov 07, 2020	54879	356	27644	83324
Nov 08, 2020	54804	322	12106	38059
Nov 09, 2020	53614	548	18660	20732
Nov 10, 2020	53846	857	24177	22632
Nov 11, 2020	54300	328	38732	35488
Nov 12, 2020	55274	425	39020	32948
Nov 13, 2020	57604	932	41694	24147
Nov 14, 2020	59765	552	48256	31937
Nov 15, 2020	59911	500	24623	27370
Nov 16, 2020	59909	704	30656	10645
Nov 17, 2020	60426	625	33569	13630
Nov 18, 2020	60870	677	44028	26636
Nov 19, 2020	61306	681	45504	19848
Nov 20, 2020	62080	634	32813	21473
Nov 21, 2020	63579	390	44868	16780
Nov 22, 2020	63596	352	50752	12347
Nov 23, 2020	63722	638	35274	4178
Nov 24, 2020	64878	592	39288	8591
Nov 25, 2020	65804	569	55723	15280
Nov 26, 2020	66752	527	58054	12728
Nov 27, 2020	68604	581	82743	11692
Nov 28, 2020	69370	316	37743	11806
Nov 29, 2020	71658	301	20431	9182
Nov 30, 2020	71420	509	22123	3758
Dec 01, 2020	72015	466	35022	7585
Dec 02, 2020	73429	425	32523	13198
Dec 03, 2020	77969	439	23708	11914
Dec 04, 2020	80023	397	31540	10530
Dec 05, 2020	81669	327	27043	12127
Dec 06, 2020	83285	287	10358	10344
Dec 07, 2020	84481	480	13150	3201
Dec 08, 2020	85345	491	26145	12869
Dec 09, 2020	87284	403	19445	13697
Dec 10, 2020	88622	400	21073	12904
Dec 11, 2020	89846	412	16368	12581
Dec 12, 2020	91602	314	12033	13088
Dec 13, 2020	93165	271	3907	10823
Dec 14, 2020	93396	492	8099	2874
Dec 15, 2020	93662	428	14852	10822
Dec 16, 2020	94922	407	12321	16531
Dec 17, 2020	97139	376	11316	17130
Dec 18, 2020	98688	374	11432	14709
Dec 19, 2020	102029	294	8888	16484
Dec 20, 2020	103239	236	3522	12011
Dec 21, 2020	104809	456	7129	5440
Dec 22, 2020	105146	487	12711	11069
Dec 23, 2020	106528	359	11555	14010
Dec 24, 2020	108269	373	10157	20302
Dec 25, 2020	108946	242	11885	19015
Dec 26, 2020	109150	230	10114	2903
Dec 27, 2020	108452	257	2944	8279
Dec 28, 2020	107789	447	12422	2778
Dec 29, 2020	108636	468	13229	10694
Dec 30, 2020	109439	377	12527	24828
Dec 31, 2020	109963	325	12256	18700
Jan 01, 2021	111005	207	12881	18157
Jan 02, 2021	110400	231	10592	3253
Jan 03, 2021	110679	191	2683	11720
Jan 04, 2021	110089	453	10369	3774
Jan 05, 2021	110693	420	16111	19228
Jan 06, 2021	112593	387	16743	23817
Jan 07, 2021	114766	381	14328	20367
Jan 08, 2021	117704	381	16103	18594
Jan 09, 2021	120928	264	11747	18935
Jan 10, 2021	122873	248	5192	14963
Jan 11, 2021	123636	407	10662	3362
Jan 12, 2021	126313	452	13558	18536
Jan 13, 2021	129628	347	19955	22384
Jan 14, 2021	133149	401	18614	19921
Jan 15, 2021	138238	399	2504	19962
Jan 16, 2021	143517	264	8015	20088
Jan 17, 2021	145482	213	2565	15618
Jan 18, 2021	144798	475	10219	3506
Jan 19, 2021	146842	441	24387	22155
Jan 20, 2021	149388	420	18280	25135
Jan 21, 2021	151658	456	17701	21442
Jan 22, 2021	156683	429	2824	21858
Jan 23, 2021	158751	295	11425	22451
Jan 24, 2021	162617	237	3537	17301
Jan 25, 2021	161636	510	18718	3979
Jan 26, 2021	163526	417	23400	20726
Jan 27, 2021	164113	505	19862	25259
Jan 28, 2021	166540	499	18095	22307
Jan 29, 2021	170017	510	18425	21451
Jan 30, 2021	174083	322	14641	22890
Jan 31, 2021	175095	275	3087	18051
Feb 01, 2021	175349	536	18000	4079
Feb 02, 2021	172576	485	21899	21900
Feb 03, 2021	175236	476	19445	24739
Feb 04, 2021	174798	476	19486	22005
Feb 05, 2021	176672	413	19675	20776
Feb 06, 2021	176433	263	15355	19319
Feb 07, 2021	176291	243	3263	18501
Feb 08, 2021	171288	530	21625	4051
Feb 09, 2021	169351	508	24627	17708
Feb 10, 2021	168416	404	21038	23824
Feb 11, 2021	166492	468	21390	19766
Feb 12, 2021	165086	429	22022	19427
Feb 13, 2021	161731	257	17044	19924
Feb 14, 2021	159012	226	3753	15527
Feb 15, 2021	158498	471	20255	4107
Feb 16, 2021	160689	410	24849	18384
Feb 17, 2021	162182	391	21916	23478
Feb 18, 2021	160494	352	21099	21116
Feb 19, 2021	160142	409	22481	22631
Feb 20, 2021	158197	213	17838	20994
Feb 21, 2021	157088	163	3916	20689
Feb 22, 2021	157148	363	21537	4360
Feb 23, 2021	158604	341	24398	18829
Feb 24, 2021	158162	370	21635	29579
Feb 25, 2021	157705	354	20422	23839
Feb 26, 2021	158408	379	18940	23655
Feb 27, 2021	157039	214	18287	22519
Feb 28, 2021	155765	125	3926	18724
Mar 01, 2021	153074	404	17304	4413
Mar 02, 2021	149645	330	23494	21450
Mar 03, 2021	147197	389	19377	25139
Mar 04, 2021	147845	360	19067	23723
Mar 05, 2021	148356	305	19619	22060
Mar 06, 2021	147172	187	15340	21871
Mar 07, 2021	147740	147	3960	20482
Mar 08, 2021	145628	377	18007	4999
Mar 09, 2021	144311	316	23162	21868
Mar 10, 2021	144213	295	20821	28438
Mar 11, 2021	141070	296	22335	25494
Mar 12, 2021	140451	254	20740	23676
Mar 13, 2021	138942	192	20497	27927
Mar 14, 2021	137912	137	4223	24721
Mar 15, 2021	136524	357	18472	6073
Mar 16, 2021	134042	338	29241	28130
Mar 17, 2021	131695	300	23539	36131
Mar 18, 2021	131753	327	23328	32844
Mar 19, 2021	131828	362	22157	32911
Mar 20, 2021	131616	244	18480	33169
Mar 21, 2021	129844	170	4243	28699
Mar 22, 2021	128250	402	21048	35259
Mar 23, 2021	126439	347	24792	23350
Mar 24, 2021	123926	305	23418	31334
Mar 25, 2021	125279	285	21775	42831
Mar 26, 2021	124497	363	21508	39292
Mar 27, 2021	124517	201	20281	39995
Mar 28, 2021	124236	142	4857	34736
Mar 29, 2021	123694	371	21497	26843
Mar 30, 2021	122326	348	28090	26580
Mar 31, 2021	122524	325	25169	39327
Apr 01, 2021	121222	314	23362	47541
Apr 02, 2021	121011	304	27623	43804
Apr 03, 2021	120068	213	24508	18571
Apr 04, 2021	116709	185	5888	57172
Apr 05, 2021	114475	197	27933	11576
Apr 06, 2021	114566	414	35717	54241
Apr 07, 2021	113570	431	32413	28890
Apr 08, 2021	111271	374	32537	14892
Apr 09, 2021	110138	301	32868	38704
Apr 10, 2021	111137	179	28520	40620
Apr 11, 2021	109958	176	35083	32747
Apr 12, 2021	109372	385	22965	8011
Apr 13, 2021	108599	351	30983	36705
Apr 14, 2021	108384	303	42528	40827
Apr 15, 2021	108032	302	38990	35703
Apr 16, 2021	107297	313	39682	34199
Apr 17, 2021	106243	189	34547	33653
Apr 18, 2021	105859	140	26703	27538
Apr 19, 2021	104319	489	26091	6847
Apr 20, 2021	102930	346	38981	39882
Apr 21, 2021	101106	313	47228	32815
Apr 22, 2021	101191	283	43521	32205
Apr 23, 2021	100533	332	18239	30349
Apr 24, 2021	99970	217	56955	30624
Apr 25, 2021	100474	152	11424	22959
Apr 26, 2021	100652	405	53836	5586
Apr 27, 2021	100256	333	28557	28451
Apr 28, 2021	100502	322	14570	29598
Apr 29, 2021	100102	313	38391	24904
Apr 30, 2021	100213	276	40344	22803
May 01, 2021	100250	195	32552	24090
May 02, 2021	100760	116	7895	9279
May 03, 2021	100564	315	36390	3529
May 04, 2021	99087	247	40580	22871
May 05, 2021	98217	252	35451	24400
May 06, 2021	98277	227	33972	20375
May 07, 2021	98546	235	33418	17947
May 08, 2021	99003	179	27359	19468
May 09, 2021	98395	119	6728	8566
May 10, 2021	96742	296	39586	3089
May 11, 2021	95924	240	32575	18573
May 12, 2021	95709	184	32021	20175
May 13, 2021	94857	131	30218	18263
May 14, 2021	93576	173	30451	6593
May 15, 2021	91636	122	22837	14719
May 16, 2021	90800	91	5495	13089
May 17, 2021	89129	206	28245	3144
May 18, 2021	87514	198	29400	16151
May 19, 2021	87829	146	24763	17877
May 20, 2021	88439	138	22803	15415
May 21, 2021	89429	113	23947	12800
May 22, 2021	91240	95	9166	12611
May 23, 2021	92847	76	3440	9704
May 24, 2021	93393	68	22801	2229
May 25, 2021	94486	203	24320	3155
May 26, 2021	96187	153	20172	12646
May 27, 2021	98405	151	17803	13933
May 28, 2021	98704	107	19308	11268
May 29, 2021	99690	69	8459	10675
May 30, 2021	101639	46	3021	8541
May 31, 2021	102006	128	18529	1211
Jun 01, 2021	101325	129	20044	9848
Jun 02, 2021	100364	98	18134	8743
Jun 03, 2021	94438	72	6469	8161
Jun 04, 2021	94773	84	14673	6953
Jun 05, 2021	96973	57	13005	6654
Jun 06, 2021	98455	26	3087	5070
Jun 07, 2021	99663	65	16126	1166
Jun 08, 2021	99963	73	17811	6016
Jun 09, 2021	101635	66	15342	5557
Jun 10, 2021	104655	70	12735	4475
Jun 11, 2021	106315	71	12540	3871
Jun 12, 2021	108324	34	9604	3972
Jun 13, 2021	113388	13	2195	2855
Jun 14, 2021	115197	63	3171	689
Jun 15, 2021	116787	80	12583	3235
Jun 16, 2021	120306	50	13853	3058
Jun 17, 2021	125303	62	11224	2044
Jun 18, 2021	130096	56	10607	3181
Jun 19, 2021	135738	22	8485	2624
Jun 20, 2021	142719	14	1189	1815
Jun 21, 2021	147728	40	9834	487
Jun 22, 2021	152686	51	8703	2204
Jun 23, 2021	160524	33	8110	2320
Jun 24, 2021	171542	44	6920	2007
Jun 25, 2021	181435	33	6610	1986
Jun 26, 2021	194776	16	5037	2128
Jun 27, 2021	207685	21	1154	1578
Jun 28, 2021	218476	48	5999	509
Jun 29, 2021	228835	33	5501	2314
Jun 30, 2021	239368	25	4442	2457
Jul 01, 2021	253826	29	3846	2664
Jul 02, 2021	267539	24	3943	2683
Jul 03, 2021	281677	17	2831	3006
Jul 04, 2021	295228	9	672	2549
Jul 05, 2021	309999	36	3226	796
Jul 06, 2021	324597	34	3022	3585
Jul 07, 2021	343101	28	2010	4081
Jul 08, 2021	359455	25	3153	4442
Jul 09, 2021	367733	18	2599	4580
Jul 10, 2021	373440	19	1797	4696
Jul 11, 2021	376015	4	468	4256
Jul 12, 2021	380797	28	2200	1260
Jul 13, 2021	407709	54	2292	6950
Jul 14, 2021	443473	6	1953	8875
Jul 15, 2021	480199	16	1980	3617
Jul 16, 2021	504915	22	2112	10908
Jul 17, 2021	527872	16	1556	10949
Jul 18, 2021	542236	5	493	12532
Jul 19, 2021	542938	20	2309	4151
Jul 20, 2021	550192	33	2437	18181
Jul 21, 2021	549694	29	2631	21539
Jul 22, 2021	561384	11	2654	21909
Jul 23, 2021	569901	26	2995	19561
Jul 24, 2021	574135	25	2523	25624
Jul 25, 2021	573908	7	771	15242
Jul 26, 2021	560275	50	3579	5307
Jul 27, 2021	556281	31	4036	26871
Jul 28, 2021	558392	44	4414	27934
Jul 29, 2021	554484	32	4540	25190
Jul 30, 2021	549343	66	4667	24309
Jul 31, 2021	545447	47	4196	23471
Aug 01, 2021	535135	20	1217	19600
Aug 02, 2021	523164	56	6932	5184
Aug 03, 2021	524142	63	8824	26829
Aug 04, 2021	524011	59	3560	28784
Aug 05, 2021	518310	57	10855	26460
Aug 06, 2021	507375	66	10897	25077
Aug 07, 2021	497824	35	12472	25755
Aug 08, 2021	474233	33	4119	20450
Aug 09, 2021	448508	75	18151	5775
Aug 10, 2021	437055	75	21471	28576
Aug 11, 2021	426170	60	21841	30920
Aug 12, 2021	412776	85	19507	28554
Aug 13, 2021	400129	82	25547	26453
Aug 14, 2021	395577	56	15168	24427
Aug 15, 2021	384807	49	5256	21172
Aug 16, 2021	371021	107	26827	5829
Aug 17, 2021	358357	123	27837	28114
Aug 18, 2021	343203	124	25079	28405
Aug 19, 2021	334752	140	24197	23973
Aug 20, 2021	327286	92	23344	22319
Aug 21, 2021	319658	89	19517	22636
Aug 22, 2021	306760	49	5103	17300
Aug 23, 2021	290764	119	26785	5166
Aug 24, 2021	273750	169	28676	24853
Aug 25, 2021	257677	102	26307	23706
Aug 26, 2021	243588	110	24984	19683
Aug 27, 2021	236317	109	25432	18249
Aug 28, 2021	227182	85	20355	17590
Aug 29, 2021	217590	61	5701	13630
Aug 30, 2021	203060	112	28523	3795
Aug 31, 2021	196281	136	30822	19425
Sep 01, 2021	189571	86	28418	17621
Sep 02, 2021	176638	103	26320	15911
Sep 03, 2021	168317	93	24324	13466
Sep 04, 2021	160699	83	21079	13336
Sep 05, 2021	155519	49	5746	10410
Sep 06, 2021	146271	102	28065	3042
Sep 07, 2021	138630	152	28303	14534
Sep 08, 2021	132823	100	23821	12828
Sep 09, 2021	127829	103	22219	10969
Sep 10, 2021	118534	80	22533	9966
Sep 11, 2021	115679	46	17220	9601
Sep 12, 2021	109869	29	5120	7679
Sep 13, 2021	99696	86	24824	2062
Sep 14, 2021	92328	147	23620	10327
Sep 15, 2021	84963	79	19536	9144
Sep 16, 2021	73238	65	18170	8128
Sep 17, 2021	68942	66	17525	7373
Sep 18, 2021	65066	42	13564	7414
Sep 19, 2021	60969	28	3753	5814
Sep 20, 2021	55936	68	19397	1515
Sep 21, 2021	52447	153	17553	7851
Sep 22, 2021	49662	58	15758	6794
Sep 23, 2021	47997	62	13408	6229
Sep 24, 2021	45803	49	13274	5879
Sep 25, 2021	44071	29	10361	6012
Sep 26, 2021	42769	14	3013	4706
Sep 27, 2021	40270	92	14520	1309
Sep 28, 2021	38652	60	12736	6765
Sep 29, 2021	37412	42	10909	5835
Sep 30, 2021	36141	56	9924	5204
Oct 01, 2021	34867	46	9545	4935
Oct 02, 2021	33812	30	7633	4948
Oct 03, 2021	32876	9	2032	3744
Oct 04, 2021	31054	50	10318	1138
Oct 05, 2021	29823	75	9094	5558
Oct 06, 2021	28381	34	8053	4946
Oct 07, 2021	27747	34	7339	4615
Oct 08, 2021	25551	38	7380	4470
Oct 09, 2021	25159	15	5776	4734
Oct 10, 2021	24430	8	1500	3991
Oct 11, 2021	22541	30	7843	1120
Oct 12, 2021	21625	68	6764	5880
Oct 13, 2021	20551	23	6161	5578
Oct 14, 2021	19852	38	5856	5187
Oct 15, 2021	19318	34	5974	6099
Oct 16, 2021	18746	15	4672	4899
Oct 17, 2021	18388	5	1294	3778
Oct 18, 2021	17374	41	6760	1057
Oct 19, 2021	16697	49	5794	5934
Oct 20, 2021	16376	21	5155	6036
Oct 21, 2021	15594	35	4914	6127
Oct 22, 2021	15090	29	4913	6366
Oct 23, 2021	14803	23	3715	6291
Oct 24, 2021	14360	4	1115	5005
Oct 25, 2021	13554	41	5554	1295
Oct 26, 2021	12989	47	4905	6603
Oct 27, 2021	12735	34	4568	6528
Oct 28, 2021	12440	33	4436	6461
Oct 29, 2021	12414	27	4701	6433
Oct 30, 2021	12309	22	3964	7360
Oct 31, 2021	12318	12	1098	6329
Nov 01, 2021	11919	6	5868	1866
Nov 02, 2021	11629	74	5572	2039
Nov 03, 2021	11592	39	5113	10050
Nov 04, 2021	11364	47	6060	9502
Nov 05, 2021	11215	26	4852	8998
Nov 06, 2021	10979	25	3752	9605
Nov 07, 2021	10825	10	1032	8547
Nov 08, 2021	9774	55	5924	2197
Nov 09, 2021	9602	58	5981	12476
Nov 10, 2021	9537	33	6069	11883
Nov 11, 2021	9486	17	6333	12603
Nov 12, 2021	9305	48	6274	3860
Nov 13, 2021	9197	16	4957	14646
Nov 14, 2021	9018	17	1279	12496
Nov 15, 2021	8522	70	6586	3241
Nov 16, 2021	8339	47	6458	19778
Nov 17, 2021	8390	50	6414	20294
Nov 18, 2021	8315	52	6383	20366
Nov 19, 2021	8154	50	7308	21220
Nov 20, 2021	8154	23	6279	22678
Nov 21, 2021	8126	15	1843	19749
Nov 22, 2021	7965	94	2024	5266
Nov 23, 2021	7916	98	9956	30454
Nov 24, 2021	7977	81	9404	32591
Nov 25, 2021	8040	43	8917	33464
Nov 26, 2021	8093	60	9562	34436
Nov 27, 2021	8226	34	8487	37218
Nov 28, 2021	8214	23	2163	31648
Nov 29, 2021	7960	122	12453	8279
Nov 30, 2021	7922	115	11761	47177
Dec 01, 2021	7883	96	12488	49610
Dec 02, 2021	7796	103	3764	48416
Dec 03, 2021	7705	127	14543	49858
Dec 04, 2021	7632	49	12369	51624
Dec 05, 2021	7526	29	3192	42252
Dec 06, 2021	5642	192	19749	11308
Dec 07, 2021	5466	172	20102	59019
Dec 08, 2021	5363	133	20194	61340
Dec 09, 2021	5278	136	21087	56854
Dec 10, 2021	5154	150	-136	55339
Dec 11, 2021	5186	65	42277	53720
Dec 12, 2021	5158	48	5201	43848
Dec 13, 2021	4974	243	30406	12036
Dec 14, 2021	4905	158	32348	63405
Dec 15, 2021	4864	151	33306	65713
Dec 16, 2021	4833	188	34285	60866
Dec 17, 2021	4912	162	37030	58128
Dec 18, 2021	4918	85	31486	58536
Dec 19, 2021	4923	75	8194	48473
Dec 20, 2021	4829	224	47102	15075
Dec 21, 2021	4829	229	49386	72832
Dec 22, 2021	4746	170	48187	84272
Dec 23, 2021	4642	179	49688	91608
Dec 24, 2021	4659	167	51445	94124
Dec 25, 2021	4713	84	42085	104611
Dec 26, 2021	4655	96	11224	27697
Dec 27, 2021	4496	256	58923	30383
Dec 28, 2021	4614	290	61084	179807
Dec 29, 2021	4528	184	56564	208099
Dec 30, 2021	4311	180	55155	206243
Dec 31, 2021	4292	189	53540	232200
Jan 01, 2022	4399	110	43659	219126
Jan 02, 2022	4382	91	11926	58432
Jan 03, 2022	4530	270	63314	67461
Jan 04, 2022	4658	351	65443	271686
Jan 05, 2022	4878	246	60515	332252
Jan 06, 2022	5195	204	57882	261481
Jan 07, 2022	5494	193	58332	328214
Jan 08, 2022	5792	142	48280	303669
Jan 09, 2022	6108	90	14933	296097
Jan 10, 2022	6311	280	72742	93896
Jan 11, 2022	6659	341	83992	368149
Jan 12, 2022	6985	246	91267	361719
Jan 13, 2022	7388	225	93878	305322
Jan 14, 2022	7877	191	104386	329371
Jan 15, 2022	8463	148	27506	324580
Jan 16, 2022	8605	98	30235	278129
Jan 17, 2022	8775	296	179709	102144
Jan 18, 2022	9564	375	207803	464769
Jan 19, 2022	10796	231	205868	436167
Jan 20, 2022	12328	245	231969	425183
Jan 21, 2022	14119	233	218881	400851
Jan 22, 2022	16692	167	58199	389320
Jan 23, 2022	18891	115	67294	301614
Jan 24, 2022	20867	393	271571	108481
Jan 25, 2022	24856	467	331859	501635
Jan 26, 2022	29277	258	261014	428008
Jan 27, 2022	35704	268	327956	392168
Jan 28, 2022	43574	263	303401	353503
Jan 29, 2022	52555	178	295834	332398
Jan 30, 2022	61718	127	93718	249448
Jan 31, 2022	68596	348	368022	82657
Feb 01, 2022	81349	381	361371	416896
Feb 02, 2022	94109	276	304941	315363
Feb 03, 2022	115275	264	329095	274352
Feb 04, 2022	140254	355	324316	241049
Feb 05, 2022	163468	170	277774	214542
Feb 06, 2022	188899	129	101974	155439
Feb 07, 2022	206361	417	464640	46001
Feb 08, 2022	233062	691	435750	235267
Feb 09, 2022	265824	283	412530	179614
Feb 10, 2022	288186	310	412530	153025
Feb 11, 2022	312808	329	389010	131376
Feb 12, 2022	335340	161	301285	118611
Feb 13, 2022	352839	107	108320	86562
Feb 14, 2022	375857	385	501528	26475
Feb 15, 2022	406025	390	427623	142253
Feb 16, 2022	445190	276	391778	98735
Feb 17, 2022	469868	287	353227	92345
Feb 18, 2022	496383	304	332111	82553
Feb 19, 2022	520910	148	249144	76638
Feb 20, 2022	536358	114	82509	59003
Feb 21, 2022	530671	283	416896	17195
Feb 22, 2022	549431	285	319295	97382
Feb 23, 2022	571522	213	269738	66833
Feb 24, 2022	586113	281	240836	66732
Feb 25, 2022	573955	188	214261	58138
Feb 26, 2022	578535	101	155251	53623
Feb 27, 2022	573898	76	45900	42600
Feb 28, 2022	554698	232	235191	13483
Mar 01, 2022	539214	209	179382	79794
Mar 02, 2022	536823	186	152816	57697
Mar 03, 2022	531696	180	131190	60225
Mar 04, 2022	517253	181	118431	57789
Mar 05, 2022	500418	120	86381	53678
Mar 06, 2022	475951	32	26355	45328
Mar 07, 2022	448273	176	142221	14496
Mar 08, 2022	422892	167	98559	93050
Mar 09, 2022	417219	155	92178	69190
Mar 10, 2022	399853	107	82398	74818
Mar 11, 2022	376461	149	76531	72399
Mar 12, 2022	357380	51	58854	72443
Mar 13, 2022	342896	29	17144	60422
Mar 14, 2022	312958	185	97353	18853
Mar 15, 2022	299443	146	66648	116618
Mar 16, 2022	279969	173	66586	108832
Mar 17, 2022	262477	116	57965	101747
Mar 18, 2022	245979	112	53507	97579
Mar 19, 2022	229734	62	42488	98104
Mar 20, 2022	219688	30	13421	81283
Mar 21, 2022	203345	152	79764	24179
Mar 22, 2022	181555	133	57545	180777
Mar 23, 2022	168563	101	60092	145560
Mar 24, 2022	155977	124	57688	148635
Mar 25, 2022	146004	121	53554	143571
Mar 26, 2022	139143	67	45207	139517
Mar 27, 2022	129621	41	14429	110174
Mar 28, 2022	122014	149	93009	29455
Mar 29, 2022	115709	164	69041	217480
Mar 30, 2022	111555	149	74654	169024
Mar 31, 2022	106927	139	72250	169311
Apr 01, 2022	100746	134	72304	148629
Apr 02, 2022	98171	68	60288	132114
Apr 03, 2022	95990	31	18785	102266
Apr 04, 2022	90235	149	116587	27648
Apr 05, 2022	85204	129	108683	203021
Apr 06, 2022	82146	128	101618	161950
Apr 07, 2022	78302	105	97451	158792
Apr 08, 2022	76568	139	97999	148768
Apr 09, 2022	74130	87	81144	141690
Apr 10, 2022	72679	45	24092	107654
Apr 11, 2022	69849	178	180732	25492
Apr 12, 2022	67975	159	145382	190762
Apr 13, 2022	66475	152	148476	146426
Apr 14, 2022	64044	133	143419	137342
Apr 15, 2022	62665	151	139384	125394
Apr 16, 2022	60475	61	110023	111583
Apr 17, 2022	58278	35	29394	86650
Apr 18, 2022	50969	48	217445	19810
Apr 19, 2022	49022	182	168976	25465
Apr 20, 2022	45091	227	169129	155711
Apr 21, 2022	31219	185	148402	104007
Apr 22, 2022	21037	146	131929	88389
Apr 23, 2022	19450	75	102120	80571
Apr 24, 2022	17631	40	27573	58954
Apr 25, 2022	13251	197	202981	13984
Apr 26, 2022	9739	170	161753	97498
Apr 27, 2022	9142	152	158622	67711
Apr 28, 2022	8365	132	148616	59760
Apr 29, 2022	8165	158	141558	52919
Apr 30, 2022	7879	61	107496	49482
May 01, 2022	7474	32	25431	36726
May 02, 2022	7257	180	190730	8737
May 03, 2022	6951	120	146246	67017
May 04, 2022	6845	114	137222	47925
May 05, 2022	6631	122	125280	44225
May 06, 2022	6530	110	111461	40224
May 07, 2022	6427	62	86540	37958
May 08, 2022	6192	54	19748	29324
May 09, 2022	6078	132	25411	7354
May 10, 2022	5855	123	155579	56449
May 11, 2022	5331	96	103884	40299
May 12, 2022	4867	84	88293	36047
May 13, 2022	4938	98	80487	32773
May 14, 2022	4825	74	58856	30459
May 15, 2022	4784	21	13984	22844
May 16, 2022	4697	126	97403	5936
May 17, 2022	3898	90	67585	43727
May 18, 2022	3844	80	59670	29995
May 19, 2022	3766	67	52839	27842
May 20, 2022	3715	65	49415	24332
May 21, 2022	3718	44	36661	22507
May 22, 2022	3657	11	8737	16965
May 23, 2022	2890	82	66962	4386
May 24, 2022	2933	88	47843	32029
May 25, 2022	3011	51	44137	22006
May 26, 2022	3011	28	40173	21234
May 27, 2022	2949	45	37930	4811
May 28, 2022	2972	23	29279	23582
May 29, 2022	2952	14	7354	16440
May 30, 2022	2871	85	56412	4673
May 31, 2022	2959	76	40214	35142
Jun 01, 2022	3141	58	35971	26144
Jun 02, 2022	3105	41	32715	25365
Jun 03, 2022	3123	38	30418	25130
Jun 04, 2022	3254	34	22806	25172
Jun 05, 2022	3433	10	5936	20542
Jun 06, 2022	3498	9	43727	6184
Jun 07, 2022	3664	74	29942	11627
Jun 08, 2022	3922	77	27768	53802
Jun 09, 2022	4061	42	24255	40151
Jun 10, 2022	4341	39	-42	17152
Jun 11, 2022	4538	0	39433	0
Jun 12, 2022	4734	0	4386	79397
Jun 13, 2022	4926	92	32029	8474
Jun 14, 2022	5298	57	21914	65425
Jun 15, 2022	6007	49	21177	51954
Jun 16, 2022	6668	49	4762	53081
Jun 17, 2022	7326	43	23533	50605
Jun 18, 2022	8062	19	-43	50266
Jun 19, 2022	8594	3	16440	40125
Jun 20, 2022	9099	45	39793	11566
Jun 21, 2022	10095	56	26099	95217
Jun 22, 2022	11391	66	25309	77967
Jun 23, 2022	12148	40	25064	79852
Jun 24, 2022	13214	49	25132	79262
Jun 25, 2022	13968	30	-49	80926
Jun 26, 2022	14516	11	20542	66301
Jun 27, 2022	14315	48	17770	17601
Jun 28, 2022	15310	37	53754	147248
Jun 29, 2022	16174	48	40114	124724
Jun 30, 2022	16790	42	17104	133346
Jul 01, 2022	16915	52	-42	125066
Jul 02, 2022	16915	30	-52	122639
Jul 03, 2022	16919	14	79397	96191
Jul 04, 2022	16476	97	73899	24418
Jul 05, 2022	17354	75	51813	206554
Jul 06, 2022	18048	53	53006	154615
Jul 07, 2022	19046	89	50552	161265
Jul 08, 2022	19127	74	50177	140997
Jul 09, 2022	19855	39	-74	116405
Jul 10, 2022	20535	15	40125	110589
Jul 11, 2022	20343	108	106783	24343
Jul 12, 2022	21916	126	77805	182006
Jul 13, 2022	23787	109	79726	127642
Jul 14, 2022	24490	54	79153	119285
Jul 15, 2022	24973	108	80872	23027
Jul 16, 2022	26594	59	66193	124009
Jul 17, 2022	27550	26	17601	73668
Jul 18, 2022	28506	174	147163	17733
Jul 19, 2022	30989	144	124550	134188
Jul 20, 2022	34301	125	133202	89982
Jul 21, 2022	36781	133	124941	80869
Jul 22, 2022	38239	113	122506	74348
Jul 23, 2022	39065	57	96078	68532
Jul 24, 2022	40452	23	24418	50032
Jul 25, 2022	40463	130	206474	11195
Jul 26, 2022	43422	119	154485	87562
Jul 27, 2022	46024	103	161146	58638
Jul 28, 2022	46655	112	140894	51594
Jul 29, 2022	47988	89	116293	45515
Jul 30, 2022	49105	55	110500	41274
Jul 31, 2022	48703	20	24343	31535
Aug 01, 2022	47809	121	181931	7249
Aug 02, 2022	49048	101	127521	54519
Aug 03, 2022	50857	90	119184	38788
Aug 04, 2022	50706	87	22937	33799
Aug 05, 2022	50300	80	123922	30592
Aug 06, 2022	50895	45	73588	28518
Aug 07, 2022	50145	20	17733	21528
Aug 08, 2022	49633	109	134123	5090
Aug 09, 2022	51041	111	89873	38230
Aug 10, 2022	52043	88	80758	27081
Aug 11, 2022	52729	80	74260	24312
Aug 12, 2022	53576	74	68452	22638
Aug 13, 2022	53606	0	49958	21175
Aug 14, 2022	53127	0	11195	16347
Aug 15, 2022	52181	65	87562	4564
Aug 16, 2022	52222	113	58573	6331
Aug 17, 2022	53132	93	51481	35745
Aug 18, 2022	51900	92	45422	23605
Aug 19, 2022	52009	74	41182	20236
Aug 20, 2022	52607	40	31461	19870
Aug 21, 2022	50500	0	7249	14820
Aug 22, 2022	48803	76	54479	4012
Aug 23, 2022	48503	88	38712	28988
Aug 24, 2022	48363	57	33711	21289
Aug 25, 2022	47778	44	30535	19837
Aug 26, 2022	46548	51	28474	18116
Aug 27, 2022	48189	23	21477	17833
Aug 28, 2022	46366	9	5090	14110
Aug 29, 2022	44514	78	38198	3806
Aug 30, 2022	45054	72	27003	27358
Aug 31, 2022	45208	54	24240	19240
Sep 01, 2022	44434	41	22584	18646
Sep 02, 2022	43582	55	21134	16399
Sep 03, 2022	42817	14	16292	15597
Sep 04, 2022	41814	3	4564	12894
Sep 05, 2022	39689	67	6314	3443
Sep 06, 2022	38132	60	35678	26918
Sep 07, 2022	38119	46	23545	20142
Sep 08, 2022	37804	58	20190	19866
Sep 09, 2022	35250	31	19812	19087
Sep 10, 2022	34745	15	14789	19517
Sep 11, 2022	33946	6	4012	16422
Sep 12, 2022	32312	40	28967	4579
Sep 13, 2022	31571	49	21249	41850
Sep 14, 2022	30411	33	19788	33575
Sep 15, 2022	29126	33	18083	33263
Sep 16, 2022	28460	28	17800	28686
Sep 17, 2022	27850	11	14082	33162
Sep 18, 2022	27858	2	3806	23137
Sep 19, 2022	26065	58	27345	5219
Sep 20, 2022	26035	48	19182	51816
Sep 21, 2022	25410	33	18598	38250
Sep 22, 2022	23503	30	16366	38464
Sep 23, 2022	22310	33	15567	37524
Sep 24, 2022	21982	14	12861	38024
Sep 25, 2022	20808	8	3443	31365
Sep 26, 2022	19288	51	26896	7489
Sep 27, 2022	19173	40	20091	73639
Sep 28, 2022	19185	45	19826	53410
Sep 29, 2022	18357	33	19042	51366
Sep 30, 2022	17594	34	19484	48261
Oct 01, 2022	17697	17	16388	46596
Oct 02, 2022	17434	7	4579	37453
Oct 03, 2022	16294	62	41826	8690
Oct 04, 2022	16774	74	33513	89185
Oct 05, 2022	16943	47	33189	66564
Oct 06, 2022	17047	50	28639	65537
Oct 07, 2022	16711	53	33112	61121
Oct 08, 2022	16489	26	23084	57270
Oct 09, 2022	16208	8	5219	42626
Oct 10, 2022	15871	79	51782	9373
Oct 11, 2022	16392	85	38171	94753
Oct 12, 2022	17123	55	38379	67948
Oct 13, 2022	17226	62	37469	64218
Oct 14, 2022	17470	79	37962	58695
Oct 15, 2022	17261	35	31286	55394
Oct 16, 2022	17213	17	7489	41973
Oct 17, 2022	16823	112	73587	9421
Oct 18, 2022	17538	101	53298	87666
Oct 19, 2022	18504	106	51265	63031
Oct 20, 2022	18919	69	48155	56793
Oct 21, 2022	19158	81	46527	49087
Oct 22, 2022	18919	33	37372	43746
Oct 23, 2022	19385	17	8690	31470
Oct 24, 2022	18685	122	89135	6907
Oct 25, 2022	19915	131	66442	59653
Oct 26, 2022	21481	60	65406	41185
Oct 27, 2022	21533	71	61061	37089
Oct 28, 2022	22743	61	57199	25783
Oct 29, 2022	23748	41	42565	22723
Oct 30, 2022	24544	9	9373	16456
Oct 31, 2022	24658	112	94703	3768
Nov 01, 2022	27262	53	67836	29525
Nov 02, 2022	30053	97	64165	5691
Nov 03, 2022	32080	55	58598	42025
Nov 04, 2022	34155	78	55339	29438
Nov 05, 2022	35903	34	41895	26840
Nov 06, 2022	37048	9	0	21178
Nov 07, 2022	37486	109	97044	3645
Nov 08, 2022	40852	117	62922	40591
Nov 09, 2022	43797	72	56676	28702
Nov 10, 2022	45831	53	49015	27068
Nov 11, 2022	47893	33	43693	26353
Nov 12, 2022	49300	15	31437	5577
Nov 13, 2022	49794	2	6907	27155
Nov 14, 2022	49960	100	59636	6017
Nov 15, 2022	53774	110	41085	48971
Nov 16, 2022	57951	71	36979	34878
Nov 17, 2022	60471	87	25712	33331
Nov 18, 2022	61284	74	22636	37177
Nov 19, 2022	62728	75	16382	47088
Nov 20, 2022	62179	6	3768	14204
Nov 21, 2022	59587	94	29444	29335
Nov 22, 2022	62196	89	5597	64772
Nov 23, 2022	64463	84	41936	49188
Nov 24, 2022	63863	60	-84	50530
Nov 25, 2022	63052	68	56218	48629
Nov 26, 2022	62120	29	21110	48331
Nov 27, 2022	60581	8	3645	37675
Nov 28, 2022	57883	95	40554	9304
Nov 29, 2022	58119	88	28607	91814
Nov 30, 2022	59276	91	26980	68382
Dec 01, 2022	57700	76	26262	69253
Dec 02, 2022	55841	67	5501	59008
Dec 03, 2022	54236	38	27088	52908
Dec 04, 2022	50987	10	6017	40006
Dec 05, 2022	48140	104	48923	10591
Dec 06, 2022	47660	117	34774	105516
Dec 07, 2022	47730	93	33214	75752
Dec 08, 2022	45562	62	37084	71597
Dec 09, 2022	43316	94	47026	65509
Dec 10, 2022	41977	62	14110	61482
Dec 11, 2022	39809	30	29335	46422
Dec 12, 2022	37155	167	64680	10878
Dec 13, 2022	35838	138	49021	97037
Dec 14, 2022	35442	114	50392	70224
Dec 15, 2022	33424	106	48515	62541
Dec 16, 2022	32042	131	48225	56361
Dec 17, 2022	30884	45	37544	52544
Dec 18, 2022	29695	35	9304	37264
Dec 19, 2022	27238	178	91734	8213
Dec 20, 2022	25727	130	68204	71212
Dec 21, 2022	24408	127	69123	54613
Dec 22, 2022	23115	120	58881	49517
Dec 23, 2022	21207	158	52788	43766
Dec 24, 2022	20680	58	39848	40744
Dec 25, 2022	20231	24	0	23681
Dec 26, 2022	17473	133	10591	5429
Dec 27, 2022	16575	208	105516	30989
Dec 28, 2022	14725	140	147349	26081
Dec 29, 2022	13964	132	64946	24436
Dec 30, 2022	13602	115	61350	23808
Dec 31, 2022	9871	52	46307	21836
Jan 01, 2023	9577	28	10878	15005
Jan 02, 2023	9131	172	96957	2246
Jan 03, 2023	8970	163	70052	22916
Jan 04, 2023	8893	123	62378	14105
Jan 05, 2023	8739	143	56238	11537
Jan 06, 2023	8687	126	52401	10383
Jan 07, 2023	8456	54	37264	8961
Jan 08, 2023	8368	22	8213	6557
Jan 09, 2023	8066	145	71010	1702
Jan 10, 2023	7920	115	54468	11715
Jan 11, 2023	7805	88	49402	7635
Jan 12, 2023	7542	53	43678	7159
Jan 13, 2023	7426	101	40691	6238
Jan 14, 2023	7288	27	23580	5429
Jan 15, 2023	7158	9	5429	4166
Jan 16, 2023	6841	80	30953	1235
Jan 17, 2023	6619	99	26001	8381
Jan 18, 2023	6515	82	24337	5894
Jan 19, 2023	6382	64	23726	4992
Jan 20, 2023	5979	44	21772	4475
Jan 21, 2023	5607	54	14961	4324
Jan 22, 2023	5461	9	2246	3477
Jan 23, 2023	5128	134	22853	1027
Jan 24, 2023	4888	59	13971	7263
Jan 25, 2023	4821	0	11478	5347
Jan 26, 2023	4600	28	10383	5287
Jan 27, 2023	4526	44	8933	4681
Jan 28, 2023	4470	0	6513	4513
Jan 29, 2023	4435	0	1702	3802
Jan 30, 2023	4277	96	11715	982
Jan 31, 2023	4270	57	7539	6860
Feb 01, 2023	4264	53	7102	4506
Feb 02, 2023	4304	52	6185	4021
Feb 03, 2023	4268	28	0	3618
Feb 04, 2023	4216	21	5429	3312
Feb 05, 2023	4205	0	4166	2632
Feb 06, 2023	4062	40	9616	718
Feb 07, 2023	4186	42	5753	4999
Feb 08, 2023	4195	31	4950	3991
Feb 09, 2023	4155	17	4444	3653
Feb 10, 2023	4116	20	4307	3366
Feb 11, 2023	4103	0	3457	3187
Feb 12, 2023	4092	0	1027	2469
Feb 13, 2023	3989	50	7263	706
Feb 14, 2023	4024	35	5297	4986
Feb 15, 2023	4126	35	5252	3972
Feb 16, 2023	4136	27	4646	4021
Feb 17, 2023	4144	28	4486	3589
Feb 18, 2023	3720	0	3774	4236
Feb 19, 2023	3657	0	982	2999
Feb 20, 2023	3536	47	6860	898
Feb 21, 2023	3604	32	4459	5774
Feb 22, 2023	3619	38	3989	4584
Feb 23, 2023	3566	19	3580	4489
Feb 24, 2023	3571	29	3293	3917
Feb 25, 2023	3583	0	2603	3843
Feb 26, 2023	3533	0	718	2942
Feb 27, 2023	3412	52	4999	841
Feb 28, 2023	3440	34	3939	5651
Mar 01, 2023	3537	25	3619	4525
Mar 02, 2023	3558	21	3341	4196
Mar 03, 2023	3530	21	3166	3194
Mar 04, 2023	3457	0	2448	4013
Mar 05, 2023	3044	0	0	0
Mar 06, 2023	2968	43	5692	953
Mar 07, 2023	2923	0	-43	0
Mar 08, 2023	3095	0	3972	0
Mar 09, 2023	3107	0	4021	0
Mar 10, 2023	3203	90	7825	6188
Mar 11, 2023	3325	0	2909	6072
Mar 12, 2023	3331	0	898	4558
Mar 13, 2023	3240	50	5774	1235
Mar 14, 2023	3366	27	4534	9937
Mar 15, 2023	3534	24	4462	8348
Mar 16, 2023	3666	24	3893	7932
Mar 17, 2023	3701	26	3819	7228
Mar 18, 2023	3777	0	2916	7210
Mar 19, 2023	3841	0	841	5459
Mar 20, 2023	3660	63	5651	1470
Mar 21, 2023	3809	35	4462	11519
Mar 22, 2023	4100	13	4161	9762
Mar 23, 2023	4178	29	3181	9249
Mar 24, 2023	4244	15	3984	8839
Mar 25, 2023	4352	0	-15	8435
Mar 26, 2023	4532	0	953	6211
Mar 27, 2023	4425	65	0	7
Mar 28, 2023	4755	39	-65	12933
Mar 29, 2023	4861	36	-39	10885
Mar 30, 2023	5012	0	-36	0
Mar 31, 2023	5226	69	12260	9211
Apr 01, 2023	5410	0	4489	8455
Apr 02, 2023	5655	0	1235	6027
Apr 03, 2023	5549	58	9937	1453
Apr 04, 2023	5837	0	-58	0
Apr 05, 2023	5945	58	16280	9922
Apr 06, 2023	6111	35	7170	9374
Apr 07, 2023	6360	28	7175	8786
Apr 08, 2023	6419	0	5431	7739
Apr 09, 2023	6686	0	1470	6474
Apr 10, 2023	6599	0	11519	1342
Apr 11, 2023	6827	0	9762	1884
Apr 12, 2023	7457	59	9249	14207
Apr 13, 2023	7719	0	8780	10678
Apr 14, 2023	8259	108	8435	9467
Apr 15, 2023	8689	0	6103	8595
Apr 16, 2023	9041	0	7	5805
Apr 17, 2023	9024	0	12933	1411
Apr 18, 2023	9776	140	10885	10616
Apr 19, 2023	10448	0	-140	8807
Apr 20, 2023	10881	0	9211	8201
Apr 21, 2023	11002	125	8455	7400
Apr 22, 2023	11141	0	5902	6796
Apr 23, 2023	10576	0	1453	5008
Apr 24, 2023	10580	0	0	1185
Apr 25, 2023	10898	136	9922	8895
Apr 26, 2023	11092	0	9238	7490
Apr 27, 2023	11129	0	8786	6609
Apr 28, 2023	11849	131	7739	6144
Apr 29, 2023	13099	0	6343	5642
Apr 30, 2023	13843	0	1342	4030
May 01, 2023	13880	0	1884	1098
May 02, 2023	14205	89	14207	1065
May 03, 2023	15707	0	10589	8715
May 04, 2023	16953	0	9467	6161
May 05, 2023	17909	166	8595	5505
May 06, 2023	18480	0	5639	5103
May 07, 2023	18496	0	1411	3301
May 08, 2023	17829	0	10616	759
May 09, 2023	18426	51	8807	1044
May 10, 2023	18877	0	8150	6708
May 11, 2023	19067	0	0	0
May 12, 2023	18918	108	14196	9003
May 13, 2023	18542	0	4900	3706
May 14, 2023	18179	0	1185	2563
May 15, 2023	16677	0	8895	623
May 16, 2023	16553	82	7490	5118
May 17, 2023	16558	0	6527	4149
May 18, 2023	16305	0	0	0
May 19, 2023	15737	0	6144	0
May 20, 2023	15707	0	5642	0
May 21, 2023	15207	0	4030	0
May 22, 2023	14657	76	2163	677
May 23, 2023	13761	79	8639	5901
May 24, 2023	13782	0	6082	4905
May 25, 2023	13752	0	5505	4220
May 26, 2023	13659	56	5103	3724
May 27, 2023	13775	0	3245	3317
May 28, 2023	13431	0	759	2284
May 29, 2023	12843	0	1044	592
May 30, 2023	12656	48	6708	902
May 31, 2023	12450	0	-48	5210
Jun 01, 2023	12488	0	9003	3735
Jun 02, 2023	12217	62	3706	3204
Jun 03, 2023	11846	0	2501	2797
Jun 04, 2023	11680	0	623	2082
Jun 05, 2023	11285	0	5118	443
Jun 06, 2023	11213	51	4149	3590
Jun 07, 2023	10930	0	-51	2762
Jun 08, 2023	10788	0	0	2603
Jun 09, 2023	10597	56	0	2357
Jun 10, 2023	10541	0	-56	2135
Jun 11, 2023	10483	0	677	1282
Jun 12, 2023	10144	0	5901	332
Jun 13, 2023	10043	28	4905	2631
Jun 14, 2023	10027	0	4192	2069
Jun 15, 2023	9974	0	3724	545
Jun 16, 2023	9948	40	3317	2895
Jun 17, 2023	9925	0	2244	1482
Jun 18, 2023	9719	0	592	1080
Jun 19, 2023	9606	0	902	270
Jun 20, 2023	9480	45	5210	2071
Jun 21, 2023	9375	0	3690	1702
Jun 22, 2023	9245	0	3204	1420
Jun 23, 2023	9127	23	2797	1232
Jun 24, 2023	9040	0	2059	1217
Jun 25, 2023	9027	0	443	776
Jun 26, 2023	8932	0	3590	213
Jun 27, 2023	8836	26	2762	1680
Jun 28, 2023	8800	0	2577	1148
Jun 29, 2023	8730	0	2357	1106
Jun 30, 2023	8492	0	2135	1106
Jul 01, 2023	8528	0	0	0
Jul 02, 2023	8428	0	1282	0
Jul 03, 2023	8245	0	332	0
Jul 04, 2023	8136	0	2631	0
Jul 05, 2023	7969	0	2069	0
Jul 06, 2023	7945	0	545	0
Jul 07, 2023	7895	0	2895	0
Jul 08, 2023	7786	0	1482	0
Jul 09, 2023	7747	0	1080	0
Jul 10, 2023	6916	0	270	0
Jul 11, 2023	6029	0	2071	0
Jul 12, 2023	5542	0	1702	0
Jul 13, 2023	5460	0	1420	0
Jul 14, 2023	5401	0	1232	0
Jul 15, 2023	5413	0	1217	0
Jul 16, 2023	5377	0	776	0
Jul 17, 2023	5090	0	213	0
Jul 18, 2023	5081	0	1680	0
Jul 19, 2023	5081	0	1148	0
Jul 20, 2023	5033	0	1106	0
Jul 21, 2023	4989	0	1106	0
Jul 22, 2023	4989	0	0	0
Jul 23, 2023	4973	0	0	0
Jul 24, 2023	4945	0	0	0
Jul 25, 2023	4901	0	0	0
Jul 26, 2023	4883	0	0	0
Jul 27, 2023	4888	0	0	0
Jul 28, 2023	4866	0	0	0
Jul 29, 2023	4858	0	0	0
Jul 30, 2023	4858	0	0	0
Jul 31, 2023	4858	0	0	0
Aug 01, 2023	4858	0	0	0
Aug 02, 2023	4858	0	0	0
Aug 03, 2023	4864	0	0	0
Aug 04, 2023	4868	0	0	0
Aug 05, 2023	4984	0	0	0
Aug 06, 2023	4886	0	0	0
Aug 07, 2023	4886	0	0	0
Aug 08, 2023	4886	0	0	0
Aug 09, 2023	4886	0	0	0
Aug 10, 2023	4886	0	0	0
Aug 11, 2023	4886	0	0	0
Aug 12, 2023	4886	0	0	0
Aug 13, 2023	4886	0	0	0
Aug 14, 2023	4886	0	0	0
Aug 15, 2023	4886	0	0	0
Aug 16, 2023	4886	0	0	0
Aug 17, 2023	4886	0	0	0
Aug 18, 2023	4886	0	0	0
Aug 19, 2023	4886	0	0	0
Aug 20, 2023	4886	0	0	0
Aug 21, 2023	4886	0	0	0
Aug 22, 2023	4886	0	0	0
Aug 23, 2023	4886	0	0	0
Aug 24, 2023	4886	0	0	0
Aug 25, 2023	4886	0	0	0
Aug 26, 2023	4886	0	0	0
Aug 27, 2023	4886	0	0	0
Aug 28, 2023	4886	0	0	0
Aug 29, 2023	4886	0	0	0
Aug 30, 2023	4886	0	0	0
Aug 31, 2023	4886	0	0	0
Sep 01, 2023	4886	0	0	0
Sep 02, 2023	4886	0	0	0
Sep 03, 2023	4687	0	0	0
Sep 04, 2023	4693	0	0	0
Sep 05, 2023	4693	0	0	0
Sep 06, 2023	4693	0	0	0
Sep 07, 2023	4693	0	0	0
Sep 08, 2023	4693	0	0	0
Sep 09, 2023	4693	0	0	0
Sep 10, 2023	4693	0	0	0
Sep 11, 2023	4777	0	0	0
Sep 12, 2023	4784	0	0	0
Sep 13, 2023	4784	0	0	0
Sep 14, 2023	4784	0	0	0
Sep 15, 2023	4784	0	0	0
Sep 16, 2023	4784	0	0	0
Sep 17, 2023	4830	0	0	0
Sep 18, 2023	4684	0	0	0
Sep 19, 2023	4684	0	0	0
Sep 20, 2023	4684	0	0	0
Sep 21, 2023	4684	0	0	0
Sep 22, 2023	4684	0	0	0
Sep 23, 2023	4684	0	0	0
Sep 24, 2023	4684	0	0	0
Sep 25, 2023	4684	0	0	0
Sep 26, 2023	4684	0	0	0
Sep 27, 2023	4684	0	0	0
Sep 28, 2023	4684	0	0	0
Sep 29, 2023	4684	0	0	0
Sep 30, 2023	4684	0	0	0
Oct 01, 2023	4684	0	0	0
Oct 02, 2023	4684	0	0	0
Oct 03, 2023	4684	0	0	0
Oct 04, 2023	4684	0	0	0
Oct 05, 2023	4684	0	0	0
Oct 06, 2023	4684	0	0	0
Oct 07, 2023	4684	0	0	0
Oct 08, 2023	4782	0	0	0
Oct 09, 2023	4782	0	0	0
Oct 10, 2023	4782	0	0	0
Oct 11, 2023	4782	0	0	0
Oct 12, 2023	4782	0	0	0
Oct 13, 2023	4782	0	0	0
Oct 14, 2023	4782	0	0	0
Oct 15, 2023	4814	0	0	0
Oct 16, 2023	4814	0	0	0
Oct 17, 2023	4814	0	0	0
Oct 18, 2023	4814	0	0	0
Oct 19, 2023	4814	0	0	0
Oct 20, 2023	4814	0	0	0
Oct 21, 2023	4814	0	0	0
Oct 22, 2023	4862	0	0	0
Oct 23, 2023	4862	0	0	0
Oct 24, 2023	4862	0	0	0
Oct 25, 2023	4862	0	0	0
Oct 26, 2023	4862	0	0	0
Oct 27, 2023	4862	0	0	0
Oct 28, 2023	4862	0	0	0
Oct 29, 2023	4862	0	0	0
Oct 30, 2023	4862	0	0	0
Oct 31, 2023	4862	0	0	0
Nov 01, 2023	4862	0	0	0
Nov 02, 2023	4862	0	0	0
Nov 03, 2023	4862	0	0	0
Nov 04, 2023	4903	0	0	0
Nov 05, 2023	4903	0	0	0
Nov 06, 2023	4903	0	0	0
Nov 07, 2023	4903	0	0	0
Nov 08, 2023	4903	0	0	0
Nov 09, 2023	4903	0	0	0
Nov 10, 2023	4903	0	0	0
Nov 11, 2023	4967	0	0	0
Nov 12, 2023	4967	0	0	0
Nov 13, 2023	4967	0	0	0
Nov 14, 2023	4967	0	0	0
Nov 15, 2023	4967	0	0	0
Nov 16, 2023	4967	0	0	0
Nov 17, 2023	4967	0	0	0
Nov 18, 2023	5036	0	0	0
Nov 19, 2023	5036	0	0	0
Nov 20, 2023	5036	0	0	0
Nov 21, 2023	5036	0	0	0
Nov 22, 2023	5036	0	0	0
Nov 23, 2023	5036	0	0	0
Nov 24, 2023	5145	0	0	0
Nov 25, 2023	5145	0	0	0
Nov 26, 2023	5145	0	0	0
Nov 27, 2023	5145	0	0	0
Nov 28, 2023	5145	0	0	0
Nov 29, 2023	5145	0	0	0
Nov 30, 2023	5145	0	0	0
Dec 01, 2023	5259	0	0	0
Dec 02, 2023	5259	0	0	0
Dec 03, 2023	5259	0	0	0
Dec 04, 2023	5259	0	0	0
Dec 05, 2023	5259	0	0	0
Dec 06, 2023	5259	0	0	0
Dec 07, 2023	5259	0	0	0
Dec 08, 2023	5459	0	0	0
Dec 09, 2023	5459	0	0	0
Dec 10, 2023	5457	0	0	0
Dec 11, 2023	5457	0	0	0
Dec 12, 2023	5457	0	0	0
Dec 13, 2023	5457	0	0	0
Dec 14, 2023	5457	0	0	0
Dec 15, 2023	5457	0	0	0
Dec 16, 2023	5457	0	0	0
Dec 17, 2023	7904	0	0	0
Dec 18, 2023	7904	0	0	0
Dec 19, 2023	7904	0	0	0
Dec 20, 2023	7904	0	0	0
Dec 21, 2023	7904	0	0	0
Dec 22, 2023	7904	0	0	0
Dec 23, 2023	7904	0	0	0
Dec 24, 2023	10772	0	0	0
Dec 25, 2023	10772	0	0	0
Dec 26, 2023	10772	0	0	0
Dec 27, 2023	10772	0	0	0
Dec 28, 2023	10772	0	0	0
Dec 29, 2023	10772	0	0	0
Dec 30, 2023	10772	0	0	0
Dec 31, 2023	10754	0	0	0
Jan 01, 2024	10754	0	0	0
Jan 02, 2024	10754	0	0	0
Jan 03, 2024	10754	0	0	0
Jan 04, 2024	10754	0	0	0
Jan 05, 2024	12864	0	0	0
Jan 06, 2024	12864	0	0	0
Jan 07, 2024	12841	0	0	0
Jan 08, 2024	12841	0	0	0
Jan 09, 2024	12841	0	0	0
Jan 10, 2024	12841	0	0	0
Jan 11, 2024	12841	0	0	0
Jan 12, 2024	14437	0	0	0
Jan 13, 2024	14437	0	0	0
Jan 14, 2024	14417	0	0	0
Jan 15, 2024	14417	0	0	0
Jan 16, 2024	14417	0	0	0
Jan 17, 2024	14417	0	0	0
Jan 18, 2024	14417	0	0	0
Jan 19, 2024	16283	0	0	0
Jan 20, 2024	16283	0	0	0
Jan 21, 2024	17613	0	0	0
Jan 22, 2024	17613	0	0	0
Jan 23, 2024	17613	0	0	0
Jan 24, 2024	17613	0	0	0
Jan 25, 2024	17613	0	0	0
Jan 26, 2024	17613	0	0	0
Jan 27, 2024	17613	0	0	0
Jan 28, 2024	17613	0	0	0
Jan 29, 2024	17613	0	0	0
Jan 30, 2024	17613	0	0	0
Jan 31, 2024	17613	0	0	0
Feb 01, 2024	17613	0	0	0
Feb 02, 2024	17613	0	0	0
Feb 03, 2024	17613	0	0	0
Feb 04, 2024	17613	0	0	0
Feb 05, 2024	17613	0	0	0
Feb 06, 2024	17613	0	0	0
Feb 07, 2024	17613	0	0	0
Feb 08, 2024	17613	0	0	0
Feb 09, 2024	17613	0	0	0
Feb 10, 2024	19083	0	0	0
Feb 11, 2024	19083	0	0	0
Feb 12, 2024	19083	0	0	0
Feb 13, 2024	19083	0	0	0
Feb 14, 2024	19083	0	0	0
Feb 15, 2024	19083	0	0	0
Feb 16, 2024	19083	0	0	0
Feb 17, 2024	19468	0	0	0
Feb 18, 2024	19468	0	0	0
Feb 19, 2024	19468	0	0	0
Feb 20, 2024	19468	0	0	0
Feb 21, 2024	19468	0	0	0
Feb 22, 2024	19468	0	0	0
Feb 23, 2024	19673	0	0	0
Feb 24, 2024	19673	0	0	0
Feb 25, 2024	19673	0	0	0
Feb 26, 2024	19673	0	0	0
Feb 27, 2024	19673	0	0	0
Feb 28, 2024	19673	0	0	0
Feb 29, 2024	19673	0	0	0
Mar 01, 2024	19673	0	0	0
Mar 02, 2024	19839	0	0	0
Mar 03, 2024	19839	0	0	0
Mar 04, 2024	19839	0	0	0
Mar 05, 2024	19839	0	0	0
Mar 06, 2024	19839	0	0	0
Mar 07, 2024	19839	0	0	0
Mar 08, 2024	19839	0	0	0
Mar 09, 2024	19921	0	0	0
Mar 10, 2024	19921	0	0	0
Mar 11, 2024	19921	0	0	0
Mar 12, 2024	19921	0	0	0
Mar 13, 2024	19921	0	0	0
Mar 14, 2024	19921	0	0	0
Mar 15, 2024	19921	0	0	0
Mar 16, 2024	19921	0	0	0
Mar 17, 2024	19921	0	0	0
Mar 18, 2024	19921	0	0	0
Mar 19, 2024	19921	0	0	0
Mar 20, 2024	19921	0	0	0
Mar 21, 2024	19921	0	0	0
Mar 22, 2024	19921	0	0	0
Mar 23, 2024	19995	0	0	0
