Feb 15, 2020	0	null	null	null
Feb 16, 2020	0	null	0	0
Feb 17, 2020	0	null	0	0
Feb 18, 2020	0	null	0	0
Feb 19, 2020	0	null	0	0
Feb 20, 2020	0	0	0	0
Feb 21, 2020	0	2	0	0
Feb 22, 2020	0	2	0	0
Feb 23, 2020	0	2	1	0
Feb 24, 2020	0	4	2	0
Feb 25, 2020	0	4	22	2
Feb 26, 2020	0	3	0	4
Feb 27, 2020	0	7	29	19
Feb 28, 2020	0	8	19	18
Feb 29, 2020	0	9	50	39
Mar 01, 2020	0	11	52	27
Mar 02, 2020	0	12	116	56
Mar 03, 2020	0	11	144	20
Mar 04, 2020	0	15	117	67
Mar 05, 2020	0	16	187	126
Mar 06, 2020	0	16	174	209
Mar 07, 2020	0	21	756	269
Mar 08, 2020	0	49	465	236
Mar 09, 2020	0	43	260	185
Mar 10, 2020	0	54	337	338
Mar 11, 2020	0	63	228	452
Mar 12, 2020	0	75	317	540
Mar 13, 2020	0	85	253	714
Mar 14, 2020	0	97	810	761
Mar 15, 2020	0	113	251	840
Mar 16, 2020	0	129	406	1100
Mar 17, 2020	0	135	393	997
Mar 18, 2020	0	147	321	1277
Mar 19, 2020	0	149	269	1691
Mar 20, 2020	0	149	766	1469
Mar 21, 2020	0	123	890	1678
Mar 22, 2020	0	129	278	1417
Mar 23, 2020	0	127	463	3488
Mar 24, 2020	0	122	537	2224
Mar 25, 2020	0	143	712	2662
Mar 26, 2020	0	157	832	3564
Mar 27, 2020	0	144	676	3462
Mar 28, 2020	0	139	546	4191
Mar 29, 2020	0	123	712	2362
Mar 30, 2020	0	117	1520	3977
Mar 31, 2020	0	141	745	6887
Apr 01, 2020	0	138	817	4418
Apr 02, 2020	0	124	1238	1923
Apr 03, 2020	0	134	1224	4755
Apr 04, 2020	0	158	1801	3877
Apr 05, 2020	0	151	2275	1703
Apr 06, 2020	0	136	2225	3555
Apr 07, 2020	0	133	2803	3432
Apr 08, 2020	0	121	2773	3526
Apr 09, 2020	0	117	2497	3895
Apr 10, 2020	0	122	3156	3946
Apr 11, 2020	0	125	6482	2829
Apr 12, 2020	0	117	1947	1466
Apr 13, 2020	0	111	2089	2428
Apr 14, 2020	0	98	2146	4996
Apr 15, 2020	0	94	1804	2393
Apr 16, 2020	0	92	2296	2400
Apr 17, 2020	0	89	1835	368
Apr 18, 2020	0	73	1923	2335
Apr 19, 2020	0	87	1036	714
Apr 20, 2020	0	91	2250	1864
Apr 21, 2020	0	88	1692	2423
Apr 22, 2020	0	94	2148	1661
Apr 23, 2020	0	90	1730	1502
Apr 24, 2020	0	93	1756	1611
Apr 25, 2020	0	76	1594	1397
Apr 26, 2020	0	60	1464	419
Apr 27, 2020	0	96	1276	3420
Apr 28, 2020	0	71	1506	1381
Apr 29, 2020	0	80	1352	1675
Apr 30, 2020	0	71	1312	1061
May 01, 2020	0	63	1215	563
May 02, 2020	0	65	1032	740
May 03, 2020	0	47	1072	287
May 04, 2020	0	74	957	537
May 05, 2020	0	63	1096	1029
May 06, 2020	0	78	1112	3898
May 07, 2020	0	68	1157	586
May 08, 2020	0	55	1093	598
May 09, 2020	0	48	1227	403
May 10, 2020	0	51	1079	195
May 11, 2020	0	45	1279	425
May 12, 2020	0	48	935	659
May 13, 2020	0	50	1071	473
May 14, 2020	0	71	1111	580
May 15, 2020	0	48	1297	524
May 16, 2020	0	35	1311	347
May 17, 2020	0	51	1317	112
May 18, 2020	0	69	1197	459
May 19, 2020	0	62	1512	489
May 20, 2020	0	64	1635	389
May 21, 2020	0	66	1756	296
May 22, 2020	0	51	1712	366
May 23, 2020	0	59	1796	233
May 24, 2020	0	58	1729	107
May 25, 2020	0	34	1912	334
May 26, 2020	0	57	1724	257
May 27, 2020	0	56	1739	178
May 28, 2020	0	63	1812	3098
May 29, 2020	0	50	1943	556
May 30, 2020	0	57	1896	1703
May 31, 2020	0	63	2021	239
Jun 01, 2020	0	81	2156	315
Jun 02, 2020	0	64	2073	283
Jun 03, 2020	0	70	2129	330
Jun 04, 2020	0	59	2279	720
Jun 05, 2020	0	63	2256	573
Jun 06, 2020	0	75	2297	543
Jun 07, 2020	0	72	2311	322
Jun 08, 2020	0	70	2011	198
Jun 09, 2020	0	74	2097	378
Jun 10, 2020	0	81	2133	511
Jun 11, 2020	0	78	2073	399
Jun 12, 2020	0	75	1986	681
Jun 13, 2020	0	71	2099	494
Jun 14, 2020	0	107	1926	382
Jun 15, 2020	0	113	1916	143
Jun 16, 2020	0	115	2085	323
Jun 17, 2020	0	120	2137	430
Jun 18, 2020	0	87	2179	438
Jun 19, 2020	0	120	2201	761
Jun 20, 2020	0	115	2192	602
Jun 21, 2020	0	116	2207	267
Jun 22, 2020	0	119	2836	350
Jun 23, 2020	0	121	2733	485
Jun 24, 2020	0	133	2936	76
Jun 25, 2020	0	134	3007	0
Jun 26, 2020	0	109	2749	1490
Jun 27, 2020	0	125	2809	490
Jun 28, 2020	0	144	2649	490
Jun 29, 2020	0	162	2870	263
Jun 30, 2020	0	147	2578	508
Jul 01, 2020	0	141	2729	861
Jul 02, 2020	0	148	2611	618
Jul 03, 2020	0	154	2348	546
Jul 04, 2020	0	148	2503	526
Jul 05, 2020	0	163	2381	600
Jul 06, 2020	0	160	2753	165
Jul 07, 2020	0	200	2917	446
Jul 08, 2020	0	153	2463	622
Jul 09, 2020	0	221	2713	583
Jul 10, 2020	0	142	2839	617
Jul 11, 2020	0	188	2651	628
Jul 12, 2020	0	194	2327	627
Jul 13, 2020	0	203	2546	270
Jul 14, 2020	0	179	2731	480
Jul 15, 2020	0	199	2291	390
Jul 16, 2020	0	198	3047	501
Jul 17, 2020	0	183	2265	785
Jul 18, 2020	0	188	2427	812
Jul 19, 2020	0	209	2488	812
Jul 20, 2020	0	217	2299	328
Jul 21, 2020	0	229	2264	548
Jul 22, 2020	0	219	2489	937
Jul 23, 2020	0	221	2390	997
Jul 24, 2020	0	215	1982	1060
Jul 25, 2020	0	195	2107	956
Jul 26, 2020	0	216	1894	955
Jul 27, 2020	0	212	1931	482
Jul 28, 2020	0	235	1875	680
Jul 29, 2020	0	196	2097	1306
Jul 30, 2020	0	226	2084	1292
Jul 31, 2020	0	197	2319	1263
Aug 01, 2020	0	216	2311	0
Aug 02, 2020	0	208	2272	2646
Aug 03, 2020	0	215	2126	522
Aug 04, 2020	0	212	2307	975
Aug 05, 2020	0	185	2397	1591
Aug 06, 2020	0	174	2531	1505
Aug 07, 2020	0	156	2261	2147
Aug 08, 2020	0	132	2398	1910
Aug 09, 2020	0	163	2249	1909
Aug 10, 2020	0	189	2271	737
Aug 11, 2020	0	184	1978	1311
Aug 12, 2020	0	188	1624	2369
Aug 13, 2020	0	174	1814	2505
Aug 14, 2020	0	169	1753	2671
Aug 15, 2020	0	161	1819	3106
Aug 16, 2020	0	147	1856	2829
Aug 17, 2020	0	165	1671	463
Aug 18, 2020	0	168	1724	2100
Aug 19, 2020	0	153	1647	3544
Aug 20, 2020	0	139	1708	4477
Aug 21, 2020	0	112	1630	4304
Aug 22, 2020	0	126	1836	3380
Aug 23, 2020	0	141	1762	4596
Aug 24, 2020	0	133	1901	1835
Aug 25, 2020	0	125	1693	3101
Aug 26, 2020	0	119	1812	5095
Aug 27, 2020	0	117	1768	5735
Aug 28, 2020	0	112	1632	6925
Aug 29, 2020	0	110	1577	5117
Aug 30, 2020	0	103	1574	5080
Aug 31, 2020	0	109	1812	2892
Sep 01, 2020	0	101	1891	4675
Sep 02, 2020	0	125	1677	6585
Sep 03, 2020	0	129	1794	6716
Sep 04, 2020	0	118	1713	8423
Sep 05, 2020	0	110	1823	8024
Sep 06, 2020	0	139	1769	6636
Sep 07, 2020	0	117	1672	3944
Sep 08, 2020	0	132	1842	6141
Sep 09, 2020	0	127	1697	8049
Sep 10, 2020	0	129	1731	9237
Sep 11, 2020	0	115	1697	8827
Sep 12, 2020	0	116	1977	9911
Sep 13, 2020	0	128	1726	6741
Sep 14, 2020	0	156	1771	5779
Sep 15, 2020	0	140	1971	7369
Sep 16, 2020	0	179	2035	9182
Sep 17, 2020	0	176	1829	9941
Sep 18, 2020	0	144	1657	12402
Sep 19, 2020	0	166	2127	12667
Sep 20, 2020	0	183	1938	9918
Sep 21, 2020	0	177	1953	4972
Sep 22, 2020	0	178	2214	9392
Sep 23, 2020	0	184	2109	12267
Sep 24, 2020	0	175	1983	15105
Sep 25, 2020	0	207	2013	14825
Sep 26, 2020	0	172	2209	13525
Sep 27, 2020	0	195	2119	10438
Sep 28, 2020	0	190	2361	3819
Sep 29, 2020	0	207	2196	7555
Sep 30, 2020	0	183	2229	12054
Oct 01, 2020	0	211	2412	13110
Oct 02, 2020	0	187	1896	11400
Oct 03, 2020	0	179	2411	15927
Oct 04, 2020	0	211	2291	11792
Oct 05, 2020	0	235	2327	4771
Oct 06, 2020	0	227	2507	9843
Oct 07, 2020	0	239	2309	17592
Oct 08, 2020	0	230	2191	17013
Oct 09, 2020	0	210	2079	19087
Oct 10, 2020	0	195	2571	25240
Oct 11, 2020	0	251	2439	15110
Oct 12, 2020	0	272	2732	7981
Oct 13, 2020	0	254	2719	12193
Oct 14, 2020	0	279	2991	21200
Oct 15, 2020	0	256	3223	28736
Oct 16, 2020	0	265	2856	23542
Oct 17, 2020	0	253	3011	30431
Oct 18, 2020	0	252	3479	28000
Oct 19, 2020	0	337	3960	12428
Oct 20, 2020	0	322	3316	19208
Oct 21, 2020	0	312	4033	25034
Oct 22, 2020	0	304	3965	39060
Oct 23, 2020	0	335	4011	39445
Oct 24, 2020	0	335	4206	42626
Oct 25, 2020	0	296	4163	48808
Oct 26, 2020	0	337	4196	25123
Oct 27, 2020	0	346	4361	31360
Oct 28, 2020	0	415	4306	34194
Oct 29, 2020	0	399	4681	44705
Oct 30, 2020	0	365	4702	46185
Oct 31, 2020	0	386	4630	33447
Nov 01, 2020	0	434	4761	45258
Nov 02, 2020	0	440	4556	51104
Nov 03, 2020	0	422	4226	35912
Nov 04, 2020	0	419	4927	39880
Nov 05, 2020	0	406	4887	56292
Nov 06, 2020	0	424	4665	58581
Nov 07, 2020	0	423	5201	83324
Nov 08, 2020	0	459	5176	38059
Nov 09, 2020	0	458	5312	20732
Nov 10, 2020	0	453	5053	22632
Nov 11, 2020	0	462	5411	35488
Nov 12, 2020	0	457	5461	32948
Nov 13, 2020	0	461	5076	24147
Nov 14, 2020	0	452	6105	31937
Nov 15, 2020	0	459	6071	27370
Nov 16, 2020	0	486	5881	10645
Nov 17, 2020	0	482	6075	13630
Nov 18, 2020	0	480	6209	26636
Nov 19, 2020	0	476	6721	19848
Nov 20, 2020	0	479	5321	21473
Nov 21, 2020	0	431	7111	16780
Nov 22, 2020	0	475	7309	12347
Nov 23, 2020	0	453	6961	4178
Nov 24, 2020	0	483	7309	8591
Nov 25, 2020	0	469	7891	15280
Nov 26, 2020	0	482	7669	12728
Nov 27, 2020	0	406	6790	11692
Nov 28, 2020	0	390	8766	11806
Nov 29, 2020	0	390	9461	9182
Nov 30, 2020	0	371	9859	3758
Dec 01, 2020	0	382	9812	7585
Dec 02, 2020	0	362	10091	13198
Dec 03, 2020	0	358	11261	11914
Dec 04, 2020	0	347	8791	10530
Dec 05, 2020	0	321	11602	12127
Dec 06, 2020	0	294	11090	10344
Dec 07, 2020	0	284	12157	3201
Dec 08, 2020	0	323	11269	12869
Dec 09, 2020	0	295	11415	13697
Dec 10, 2020	0	283	12528	12904
Dec 11, 2020	0	233	9686	12581
Dec 12, 2020	0	221	13000	13088
Dec 13, 2020	0	247	11417	10823
Dec 14, 2020	0	251	10961	2874
Dec 15, 2020	0	223	10045	10822
Dec 16, 2020	0	213	11154	16531
Dec 17, 2020	0	212	12083	17130
Dec 18, 2020	0	178	8961	14709
Dec 19, 2020	0	175	10469	16484
Dec 20, 2020	0	177	9111	12011
Dec 21, 2020	0	191	9312	5440
Dec 22, 2020	0	187	9632	11069
Dec 23, 2020	0	153	10196	14010
Dec 24, 2020	0	152	10491	20302
Dec 25, 2020	0	132	9051	19015
Dec 26, 2020	0	134	8812	2903
Dec 27, 2020	0	119	9312	8279
Dec 28, 2020	0	121	8891	2778
Dec 29, 2020	0	132	8657	10694
Dec 30, 2020	0	149	9306	24828
Dec 31, 2020	0	128	10119	18700
Jan 01, 2021	0	114	6737	18157
Jan 02, 2021	0	101	8756	3253
Jan 03, 2021	0	102	8692	11720
Jan 04, 2021	0	110	7719	3774
Jan 05, 2021	0	98	8291	19228
Jan 06, 2021	0	82	11493	23817
Jan 07, 2021	0	103	10032	20367
Jan 08, 2021	0	85	8101	18594
Jan 09, 2021	0	82	8812	18935
Jan 10, 2021	0	71	7421	14963
Jan 11, 2021	0	91	6849	3362
Jan 12, 2021	0	98	6729	18536
Jan 13, 2021	0	97	5923	22384
Jan 14, 2021	0	81	7211	19921
Jan 15, 2021	0	83	5412	19962
Jan 16, 2021	0	96	6213	20088
Jan 17, 2021	0	86	5913	15618
Jan 18, 2021	0	83	6362	3506
Jan 19, 2021	0	87	6384	22155
Jan 20, 2021	0	84	5929	25135
Jan 21, 2021	0	93	6737	21442
Jan 22, 2021	0	75	7127	21858
Jan 23, 2021	0	69	6799	22451
Jan 24, 2021	0	89	6319	17301
Jan 25, 2021	0	98	6276	3979
Jan 26, 2021	0	79	6297	20726
Jan 27, 2021	0	91	6096	25259
Jan 28, 2021	0	85	6512	22307
Jan 29, 2021	0	71	6399	21451
Jan 30, 2021	0	82	6519	22890
Jan 31, 2021	0	70	7158	18051
Feb 01, 2021	0	79	6254	4079
Feb 02, 2021	0	72	6892	21900
Feb 03, 2021	0	79	6194	24739
Feb 04, 2021	0	67	6190	22005
Feb 05, 2021	0	80	5739	20776
Feb 06, 2021	0	76	6054	19319
Feb 07, 2021	0	57	6180	18501
Feb 08, 2021	0	67	6491	4051
Feb 09, 2021	0	89	6473	17708
Feb 10, 2021	0	61	5769	23824
Feb 11, 2021	0	65	6570	19766
Feb 12, 2021	0	58	6157	19427
Feb 13, 2021	0	74	6712	19924
Feb 14, 2021	0	62	6297	15527
Feb 15, 2021	0	83	6307	4107
Feb 16, 2021	0	89	6491	18384
Feb 17, 2021	0	67	6791	23478
Feb 18, 2021	0	80	6619	21116
Feb 19, 2021	0	77	6931	22631
Feb 20, 2021	0	68	6715	20994
Feb 21, 2021	0	74	6914	20689
Feb 22, 2021	0	89	6599	4360
Feb 23, 2021	0	91	7151	18829
Feb 24, 2021	0	73	6712	29579
Feb 25, 2021	0	94	7055	23839
Feb 26, 2021	0	69	7614	23655
Feb 27, 2021	0	81	6612	22519
Feb 28, 2021	0	93	6591	18724
Mar 01, 2021	0	108	6809	4413
Mar 02, 2021	0	86	6911	21450
Mar 03, 2021	0	86	6872	25139
Mar 04, 2021	0	78	7241	23723
Mar 05, 2021	0	81	7050	22060
Mar 06, 2021	0	82	7349	21871
Mar 07, 2021	0	93	6841	20482
Mar 08, 2021	0	99	7152	4999
Mar 09, 2021	0	81	7409	21868
Mar 10, 2021	0	61	7509	28438
Mar 11, 2021	0	88	6911	25494
Mar 12, 2021	0	53	6409	23676
Mar 13, 2021	0	73	7591	27927
Mar 14, 2021	0	88	7309	24721
Mar 15, 2021	0	100	6813	6073
Mar 16, 2021	0	97	7059	28130
Mar 17, 2021	0	65	7701	36131
Mar 18, 2021	0	89	7316	32844
Mar 19, 2021	0	68	7317	32911
Mar 20, 2021	0	75	7912	33169
Mar 21, 2021	0	73	6513	28699
Mar 22, 2021	0	80	6530	35259
Mar 23, 2021	0	74	6117	23350
Mar 24, 2021	0	94	6943	31334
Mar 25, 2021	0	97	6988	42831
Mar 26, 2021	0	81	7711	39292
Mar 27, 2021	0	85	7706	39995
Mar 28, 2021	0	89	8105	34736
Mar 29, 2021	0	81	7269	26843
Mar 30, 2021	0	91	8319	26580
Mar 31, 2021	0	96	8526	39327
Apr 01, 2021	0	94	8811	47541
Apr 02, 2021	0	117	7805	43804
Apr 03, 2021	0	123	8469	18571
Apr 04, 2021	0	161	8151	57172
Apr 05, 2021	0	172	8409	11576
Apr 06, 2021	0	174	8101	54241
Apr 07, 2021	0	193	8812	28890
Apr 08, 2021	0	185	8679	14892
Apr 09, 2021	0	155	8435	38704
Apr 10, 2021	0	193	9057	40620
Apr 11, 2021	0	258	8912	32747
Apr 12, 2021	0	274	9110	8011
Apr 13, 2021	0	291	9209	36705
Apr 14, 2021	0	304	9709	40827
Apr 15, 2021	0	321	10039	35703
Apr 16, 2021	0	328	12456	34199
Apr 17, 2021	0	319	11191	33653
Apr 18, 2021	0	405	12670	27538
Apr 19, 2021	0	398	11961	6847
Apr 20, 2021	0	395	13212	39882
Apr 21, 2021	0	388	13427	32815
Apr 22, 2021	0	453	13632	32205
Apr 23, 2021	0	380	13201	30349
Apr 24, 2021	0	374	12614	30624
Apr 25, 2021	0	454	14112	22959
Apr 26, 2021	0	496	14712	5586
Apr 27, 2021	0	462	14961	28451
Apr 28, 2021	0	434	15891	29598
Apr 29, 2021	0	385	14983	24904
Apr 30, 2021	0	407	16257	22803
May 01, 2021	0	332	16743	24090
May 02, 2021	0	394	17101	9279
May 03, 2021	0	391	16784	3529
May 04, 2021	0	344	17637	22871
May 05, 2021	0	349	16841	24400
May 06, 2021	0	338	18265	20375
May 07, 2021	0	335	16397	17947
May 08, 2021	0	283	18292	19468
May 09, 2021	0	386	17321	8566
May 10, 2021	0	351	17490	3089
May 11, 2021	0	307	17005	18573
May 12, 2021	0	366	17890	20175
May 13, 2021	0	297	17803	18263
May 14, 2021	0	202	16307	6593
May 15, 2021	0	200	14654	14719
May 16, 2021	0	303	15271	13089
May 17, 2021	0	286	15901	3144
May 18, 2021	0	310	16023	16151
May 19, 2021	0	233	14673	17877
May 20, 2021	0	229	17894	15415
May 21, 2021	0	200	14211	12800
May 22, 2021	0	187	14922	12611
May 23, 2021	0	216	14043	9704
May 24, 2021	0	251	13963	2229
May 25, 2021	0	208	14676	3155
May 26, 2021	0	163	16711	12646
May 27, 2021	0	165	17401	13933
May 28, 2021	0	184	13712	11268
May 29, 2021	0	173	14781	10675
May 30, 2021	0	198	16495	8541
May 31, 2021	0	217	17156	1211
Jun 01, 2021	0	171	18912	9848
Jun 02, 2021	0	161	16512	8743
Jun 03, 2021	0	170	14799	8161
Jun 04, 2021	0	155	13795	6953
Jun 05, 2021	0	128	14390	6654
Jun 06, 2021	0	122	15309	5070
Jun 07, 2021	0	120	13571	1166
Jun 08, 2021	0	179	12291	6016
Jun 09, 2021	0	157	12419	5557
Jun 10, 2021	0	153	21409	4475
Jun 11, 2021	0	124	12711	3871
Jun 12, 2021	0	115	15479	3972
Jun 13, 2021	0	187	12511	2855
Jun 14, 2021	0	119	13809	689
Jun 15, 2021	0	134	16609	3235
Jun 16, 2021	0	129	13224	3058
Jun 17, 2021	0	139	12309	2044
Jun 18, 2021	0	127	13869	3181
Jun 19, 2021	0	108	13401	2624
Jun 20, 2021	0	111	12307	1815
Jun 21, 2021	0	136	11909	487
Jun 22, 2021	0	116	11476	2204
Jun 23, 2021	0	112	12309	2320
Jun 24, 2021	0	144	13091	2007
Jun 25, 2021	0	115	12490	1986
Jun 26, 2021	0	123	13109	2128
Jun 27, 2021	0	134	12929	1578
Jun 28, 2021	0	140	12409	509
Jun 29, 2021	0	142	14219	2314
Jun 30, 2021	0	137	14567	2457
Jul 01, 2021	0	125	13111	2664
Jul 02, 2021	0	127	12201	2683
Jul 03, 2021	0	111	12690	3006
Jul 04, 2021	0	165	11436	2549
Jul 05, 2021	0	157	14608	796
Jul 06, 2021	0	146	12712	3585
Jul 07, 2021	0	166	14235	4081
Jul 08, 2021	0	136	13198	4442
Jul 09, 2021	0	146	14176	4580
Jul 10, 2021	0	151	14895	4696
Jul 11, 2021	0	165	15821	4256
Jul 12, 2021	0	182	15630	1260
Jul 13, 2021	0	166	14619	6950
Jul 14, 2021	0	184	13783	8875
Jul 15, 2021	0	201	16074	3617
Jul 16, 2021	0	199	15601	10908
Jul 17, 2021	0	175	16731	10949
Jul 18, 2021	0	195	16711	12532
Jul 19, 2021	0	213	17593	4151
Jul 20, 2021	0	250	16181	18181
Jul 21, 2021	0	213	17112	21539
Jul 22, 2021	0	226	18190	21909
Jul 23, 2021	0	210	16309	19561
Jul 24, 2021	0	259	18727	25624
Jul 25, 2021	0	268	17684	15242
Jul 26, 2021	0	322	17490	5307
Jul 27, 2021	0	357	17633	26871
Jul 28, 2021	0	303	18184	27934
Jul 29, 2021	0	292	18902	25190
Jul 30, 2021	0	270	19298	24309
Jul 31, 2021	0	286	18909	23471
Aug 01, 2021	0	366	17923	19600
Aug 02, 2021	0	411	19338	5184
Aug 03, 2021	0	378	20117	26829
Aug 04, 2021	0	409	20148	28784
Aug 05, 2021	0	434	22967	26460
Aug 06, 2021	0	458	24703	25077
Aug 07, 2021	0	387	22795	25755
Aug 08, 2021	0	542	23772	20450
Aug 09, 2021	0	588	26540	5775
Aug 10, 2021	0	508	25738	28576
Aug 11, 2021	0	536	26911	30920
Aug 12, 2021	0	568	28792	28554
Aug 13, 2021	0	527	27513	26453
Aug 14, 2021	0	466	26299	24427
Aug 15, 2021	0	620	28112	21172
Aug 16, 2021	0	655	28217	5829
Aug 17, 2021	0	625	29331	28114
Aug 18, 2021	0	583	27639	28405
Aug 19, 2021	0	564	26441	23973
Aug 20, 2021	0	555	27628	22319
Aug 21, 2021	0	544	34612	22636
Aug 22, 2021	0	684	29664	17300
Aug 23, 2021	0	610	28552	5166
Aug 24, 2021	0	709	32187	24853
Aug 25, 2021	0	665	27633	23706
Aug 26, 2021	0	694	32178	19683
Aug 27, 2021	0	571	31969	18249
Aug 28, 2021	0	614	32107	17590
Aug 29, 2021	0	581	29644	13630
Aug 30, 2021	0	669	28663	3795
Aug 31, 2021	0	643	30522	19425
Sep 01, 2021	0	599	31388	17621
Sep 02, 2021	0	595	32193	15911
Sep 03, 2021	0	561	32503	13466
Sep 04, 2021	0	515	30881	13336
Sep 05, 2021	0	610	29922	10410
Sep 06, 2021	0	583	31269	3042
Sep 07, 2021	0	635	28657	14534
Sep 08, 2021	0	538	30911	12828
Sep 09, 2021	0	505	28163	10969
Sep 10, 2021	0	445	28091	9966
Sep 11, 2021	0	444	28514	9601
Sep 12, 2021	0	487	29817	7679
Sep 13, 2021	0	448	28979	2062
Sep 14, 2021	0	408	29812	10327
Sep 15, 2021	0	452	27531	9144
Sep 16, 2021	0	453	28146	8128
Sep 17, 2021	0	364	25491	7373
Sep 18, 2021	0	355	28701	7414
Sep 19, 2021	0	391	28102	5814
Sep 20, 2021	0	344	27119	1515
Sep 21, 2021	0	379	27106	7851
Sep 22, 2021	0	286	27548	6794
Sep 23, 2021	0	317	26094	6229
Sep 24, 2021	0	284	25011	5879
Sep 25, 2021	0	280	23102	6012
Sep 26, 2021	0	288	23109	4706
Sep 27, 2021	0	289	22011	1309
Sep 28, 2021	0	239	22011	6765
Sep 29, 2021	0	272	21564	5835
Sep 30, 2021	0	268	22019	5204
Oct 01, 2021	0	235	21859	4935
Oct 02, 2021	0	217	21931	4948
Oct 03, 2021	0	229	20145	3744
Oct 04, 2021	0	238	20169	1138
Oct 05, 2021	0	216	20091	5558
Oct 06, 2021	0	216	17161	4946
Oct 07, 2021	0	233	16951	4615
Oct 08, 2021	0	185	16097	4470
Oct 09, 2021	0	173	15419	4734
Oct 10, 2021	0	222	16484	3991
Oct 11, 2021	0	276	16011	1120
Oct 12, 2021	0	213	15946	5880
Oct 13, 2021	0	194	14819	5578
Oct 14, 2021	0	223	15849	5187
Oct 15, 2021	0	197	14357	6099
Oct 16, 2021	0	181	15011	4899
Oct 17, 2021	0	199	14116	3778
Oct 18, 2021	0	181	9196	1057
Oct 19, 2021	0	167	14179	5934
Oct 20, 2021	0	162	13706	6036
Oct 21, 2021	0	178	14286	6127
Oct 22, 2021	0	165	13021	6366
Oct 23, 2021	0	124	14369	6291
Oct 24, 2021	0	171	13826	5005
Oct 25, 2021	0	140	13291	1295
Oct 26, 2021	0	156	13261	6603
Oct 27, 2021	0	197	12086	6528
Oct 28, 2021	0	159	13291	6461
Oct 29, 2021	0	123	13117	6433
Oct 30, 2021	0	128	12952	7360
Oct 31, 2021	0	177	14126	6329
Nov 01, 2021	0	153	13116	1866
Nov 02, 2021	0	160	12736	2039
Nov 03, 2021	0	147	12682	10050
Nov 04, 2021	0	158	13602	9502
Nov 05, 2021	0	132	13295	8998
Nov 06, 2021	0	120	14299	9605
Nov 07, 2021	0	126	13219	8547
Nov 08, 2021	0	140	13696	2197
Nov 09, 2021	0	112	14136	12476
Nov 10, 2021	0	135	13785	11883
Nov 11, 2021	0	123	13066	12603
Nov 12, 2021	0	109	14209	3860
Nov 13, 2021	0	124	12802	14646
Nov 14, 2021	0	125	12491	12496
Nov 15, 2021	0	105	12304	3241
Nov 16, 2021	0	134	12640	19778
Nov 17, 2021	0	125	13288	20294
Nov 18, 2021	0	103	12306	20366
Nov 19, 2021	0	100	12891	21220
Nov 20, 2021	0	118	11985	22678
Nov 21, 2021	0	104	12062	19749
Nov 22, 2021	0	89	11635	5266
Nov 23, 2021	0	140	12029	30454
Nov 24, 2021	0	95	11936	32591
Nov 25, 2021	0	96	11628	33464
Nov 26, 2021	0	86	11217	34436
Nov 27, 2021	0	87	11196	37218
Nov 28, 2021	0	80	10182	31648
Nov 29, 2021	0	82	10193	8279
Nov 30, 2021	0	119	10029	47177
Dec 01, 2021	0	82	9104	49610
Dec 02, 2021	0	76	8958	48416
Dec 03, 2021	0	78	7369	49858
Dec 04, 2021	0	58	7298	51624
Dec 05, 2021	0	76	7117	42252
Dec 06, 2021	0	77	7186	11308
Dec 07, 2021	0	79	6473	59019
Dec 08, 2021	0	90	6492	61340
Dec 09, 2021	0	78	6958	56854
Dec 10, 2021	0	79	6592	55339
Dec 11, 2021	0	58	6356	53720
Dec 12, 2021	0	61	6218	43848
Dec 13, 2021	0	42	5813	12036
Dec 14, 2021	0	67	5162	63405
Dec 15, 2021	0	52	5169	65713
Dec 16, 2021	0	63	5163	60866
Dec 17, 2021	0	46	4836	58128
Dec 18, 2021	0	41	4126	58536
Dec 19, 2021	0	50	4417	48473
Dec 20, 2021	0	41	5212	15075
Dec 21, 2021	0	43	3206	72832
Dec 22, 2021	0	44	3629	84272
Dec 23, 2021	0	51	3019	91608
Dec 24, 2021	0	44	2807	94124
Dec 25, 2021	0	42	2061	104611
Dec 26, 2021	0	52	2167	27697
Dec 27, 2021	0	34	2117	30383
Dec 28, 2021	0	40	2137	179807
Dec 29, 2021	0	53	1983	208099
Dec 30, 2021	0	45	2206	206243
Dec 31, 2021	0	34	2269	232200
Jan 01, 2022	0	33	2081	219126
Jan 02, 2022	0	41	1726	58432
Jan 03, 2022	0	22	1692	67461
Jan 04, 2022	0	34	1658	271686
Jan 05, 2022	0	42	1643	332252
Jan 06, 2022	0	24	1638	261481
Jan 07, 2022	0	19	1429	328214
Jan 08, 2022	0	26	1526	303669
Jan 09, 2022	0	31	1329	296097
Jan 10, 2022	0	37	1429	93896
Jan 11, 2022	0	25	1429	368149
Jan 12, 2022	0	32	1963	361719
Jan 13, 2022	0	30	1953	305322
Jan 14, 2022	0	24	2094	329371
Jan 15, 2022	0	18	1953	324580
Jan 16, 2022	0	31	2013	278129
Jan 17, 2022	0	20	2173	102144
Jan 18, 2022	0	18	2164	464769
Jan 19, 2022	0	19	2234	436167
Jan 20, 2022	0	20	2195	425183
Jan 21, 2022	0	20	2318	400851
Jan 22, 2022	0	30	2294	389320
Jan 23, 2022	0	28	2319	301614
Jan 24, 2022	0	21	2416	108481
Jan 25, 2022	0	23	2314	501635
Jan 26, 2022	0	29	3294	428008
Jan 27, 2022	0	30	3513	392168
Jan 28, 2022	0	23	3534	353503
Jan 29, 2022	0	24	3261	332398
Jan 30, 2022	0	44	3615	249448
Jan 31, 2022	0	30	4152	82657
Feb 01, 2022	0	50	4173	416896
Feb 02, 2022	0	59	4519	315363
Feb 03, 2022	0	61	6219	274352
Feb 04, 2022	0	57	9213	241049
Feb 05, 2022	0	64	8126	214542
Feb 06, 2022	0	85	14216	155439
Feb 07, 2022	0	104	18679	46001
Feb 08, 2022	0	114	20159	235267
Feb 09, 2022	0	116	24163	179614
Feb 10, 2022	0	130	22174	153025
Feb 11, 2022	0	143	22157	131376
Feb 12, 2022	0	133	21034	118611
Feb 13, 2022	0	148	17453	86562
Feb 14, 2022	0	168	28473	26475
Feb 15, 2022	0	167	24342	142253
Feb 16, 2022	0	185	22136	98735
Feb 17, 2022	0	182	29143	92345
Feb 18, 2022	0	187	24567	82553
Feb 19, 2022	0	191	31241	76638
Feb 20, 2022	0	242	31291	59003
Feb 21, 2022	0	236	27516	17195
Feb 22, 2022	0	223	22317	97382
Feb 23, 2022	0	227	21623	66833
Feb 24, 2022	0	226	18392	66732
Feb 25, 2022	0	214	22649	58138
Feb 26, 2022	0	224	14216	53623
Feb 27, 2022	0	241	17493	42600
Feb 28, 2022	0	207	18062	13483
Mar 01, 2022	0	226	13514	79794
Mar 02, 2022	0	203	12376	57697
Mar 03, 2022	0	172	18416	60225
Mar 04, 2022	0	154	12637	57789
Mar 05, 2022	0	154	9873	53678
Mar 06, 2022	0	201	11314	45328
Mar 07, 2022	0	168	9493	14496
Mar 08, 2022	0	144	7259	93050
Mar 09, 2022	0	173	7164	69190
Mar 10, 2022	0	139	7658	74818
Mar 11, 2022	0	120	6379	72399
Mar 12, 2022	0	139	5926	72443
Mar 13, 2022	0	118	5752	60422
Mar 14, 2022	0	114	5984	18853
Mar 15, 2022	0	117	5921	116618
Mar 16, 2022	0	109	6496	108832
Mar 17, 2022	0	98	6731	101747
Mar 18, 2022	0	91	6924	97579
Mar 19, 2022	0	72	5167	98104
Mar 20, 2022	0	60	5349	81283
Mar 21, 2022	0	52	6193	24179
Mar 22, 2022	0	73	4637	180777
Mar 23, 2022	0	67	4370	145560
Mar 24, 2022	0	63	4382	148635
Mar 25, 2022	0	52	4127	143571
Mar 26, 2022	0	54	4295	139517
Mar 27, 2022	0	50	4291	110174
Mar 28, 2022	0	42	3956	29455
Mar 29, 2022	0	46	4526	217480
Mar 30, 2022	0	49	5137	169024
Mar 31, 2022	0	46	5207	169311
Apr 01, 2022	0	36	4192	148629
Apr 02, 2022	0	37	4196	132114
Apr 03, 2022	0	38	4912	102266
Apr 04, 2022	0	53	3826	27648
Apr 05, 2022	0	39	5193	203021
Apr 06, 2022	0	44	4136	161950
Apr 07, 2022	0	41	4636	158792
Apr 08, 2022	0	36	5234	148768
Apr 09, 2022	0	49	3967	141690
Apr 10, 2022	0	39	4926	107654
Apr 11, 2022	0	34	3769	25492
Apr 12, 2022	0	28	4413	190762
Apr 13, 2022	0	33	3467	146426
Apr 14, 2022	0	33	4155	137342
Apr 15, 2022	0	33	3816	125394
Apr 16, 2022	0	23	3740	111583
Apr 17, 2022	0	29	3624	86650
Apr 18, 2022	0	25	3102	19810
Apr 19, 2022	0	23	3061	25465
Apr 20, 2022	0	19	2934	155711
Apr 21, 2022	0	23	3104	104007
Apr 22, 2022	0	11	2925	88389
Apr 23, 2022	0	32	3021	80571
Apr 24, 2022	0	13	2963	58954
Apr 25, 2022	0	21	2516	13984
Apr 26, 2022	0	28	2816	97498
Apr 27, 2022	0	17	2861	67711
Apr 28, 2022	0	17	2613	59760
Apr 29, 2022	0	14	2723	52919
Apr 30, 2022	0	11	3019	49482
May 01, 2022	0	13	3014	36726
May 02, 2022	0	18	2842	8737
May 03, 2022	0	17	2643	67017
May 04, 2022	0	7	2856	47925
May 05, 2022	0	7	2193	44225
May 06, 2022	0	12	2659	40224
May 07, 2022	0	8	2549	37958
May 08, 2022	0	12	3162	29324
May 09, 2022	0	12	2811	7354
May 10, 2022	0	3	2467	56449
May 11, 2022	0	6	2072	40299
May 12, 2022	0	3	2013	36047
May 13, 2022	0	8	1894	32773
May 14, 2022	0	7	2191	30459
May 15, 2022	0	8	1967	22844
May 16, 2022	0	8	2076	5936
May 17, 2022	0	4	1876	43727
May 18, 2022	0	8	1946	29995
May 19, 2022	0	9	1758	27842
May 20, 2022	0	9	1864	24332
May 21, 2022	0	9	1857	22507
May 22, 2022	0	3	1774	16965
May 23, 2022	0	7	1812	4386
May 24, 2022	0	7	1738	32029
May 25, 2022	0	5	1806	22006
May 26, 2022	0	3	1783	21234
May 27, 2022	0	6	1746	4811
May 28, 2022	0	4	1628	23582
May 29, 2022	0	2	1637	16440
May 30, 2022	0	2	1681	4673
May 31, 2022	0	5	1625	35142
Jun 01, 2022	0	3	1582	26144
Jun 02, 2022	0	0	1253	25365
Jun 03, 2022	0	3	1212	25130
Jun 04, 2022	0	7	1103	25172
Jun 05, 2022	0	3	901	20542
Jun 06, 2022	0	1	713	6184
Jun 07, 2022	0	7	710	11627
Jun 08, 2022	0	3	511	53802
Jun 09, 2022	0	1	511	40151
Jun 10, 2022	0	0	411	17152
Jun 11, 2022	0	6	316	0
Jun 12, 2022	0	1	307	79397
Jun 13, 2022	0	2	281	8474
Jun 14, 2022	0	1	274	65425
Jun 15, 2022	0	4	211	51954
Jun 16, 2022	0	3	196	53081
Jun 17, 2022	0	1	163	50605
Jun 18, 2022	0	2	186	50266
Jun 19, 2022	0	0	163	40125
Jun 20, 2022	0	3	176	11566
Jun 21, 2022	0	4	191	95217
Jun 22, 2022	0	3	176	77967
Jun 23, 2022	0	4	159	79852
Jun 24, 2022	0	2	204	79262
Jun 25, 2022	0	4	164	80926
Jun 26, 2022	0	2	211	66301
Jun 27, 2022	0	1	234	17601
Jun 28, 2022	0	0	237	147248
Jun 29, 2022	0	0	211	124724
Jun 30, 2022	0	3	248	133346
Jul 01, 2022	0	1	194	125066
Jul 02, 2022	0	0	198	122639
Jul 03, 2022	0	6	237	96191
Jul 04, 2022	0	8	193	24418
Jul 05, 2022	0	4	173	206554
Jul 06, 2022	0	5	194	154615
Jul 07, 2022	0	7	193	161265
Jul 08, 2022	0	7	203	140997
Jul 09, 2022	0	2	188	116405
Jul 10, 2022	0	10	654	110589
Jul 11, 2022	0	5	0	24343
Jul 12, 2022	0	7	389	182006
Jul 13, 2022	0	5	516	127642
Jul 14, 2022	0	8	486	119285
Jul 15, 2022	0	13	693	23027
Jul 16, 2022	0	9	526	124009
Jul 17, 2022	0	13	643	73668
Jul 18, 2022	0	14	653	17733
Jul 19, 2022	0	19	673	134188
Jul 20, 2022	0	32	716	89982
Jul 21, 2022	0	29	626	80869
Jul 22, 2022	0	31	643	74348
Jul 23, 2022	0	26	711	68532
Jul 24, 2022	0	34	783	50032
Jul 25, 2022	0	33	1024	11195
Jul 26, 2022	0	41	829	87562
Jul 27, 2022	0	37	924	58638
Jul 28, 2022	0	42	938	51594
Jul 29, 2022	0	54	1245	45515
Jul 30, 2022	0	46	1137	41274
Jul 31, 2022	0	61	1342	31535
Aug 01, 2022	0	62	1659	7249
Aug 02, 2022	0	74	2419	54519
Aug 03, 2022	0	75	2619	38788
Aug 04, 2022	0	81	3954	33799
Aug 05, 2022	0	47	4628	30592
Aug 06, 2022	0	61	4619	28518
Aug 07, 2022	0	63	5973	21528
Aug 08, 2022	0	54	6438	5090
Aug 09, 2022	0	49	8197	38230
Aug 10, 2022	0	90	9648	27081
Aug 11, 2022	0	84	9537	24312
Aug 12, 2022	0	68	10597	22638
Aug 13, 2022	0	55	10714	21175
Aug 14, 2022	0	83	10241	16347
Aug 15, 2022	0	71	9258	4564
Aug 16, 2022	0	78	9248	6331
Aug 17, 2022	0	67	11420	35745
Aug 18, 2022	0	62	8824	23605
Aug 19, 2022	0	66	8134	20236
Aug 20, 2022	0	44	7649	19870
Aug 21, 2022	0	55	7291	14820
Aug 22, 2022	0	62	8163	4012
Aug 23, 2022	0	56	7647	28988
Aug 24, 2022	0	45	7437	21289
Aug 25, 2022	0	62	7016	19837
Aug 26, 2022	0	35	7113	18116
Aug 27, 2022	0	37	6634	17833
Aug 28, 2022	0	44	6419	14110
Aug 29, 2022	0	48	4673	3806
Aug 30, 2022	0	44	3816	27358
Aug 31, 2022	0	47	4117	19240
Sep 01, 2022	0	27	3286	18646
Sep 02, 2022	0	23	2813	16399
Sep 03, 2022	0	30	2394	15597
Sep 04, 2022	0	48	2116	12894
Sep 05, 2022	0	24	2135	3443
Sep 06, 2022	0	29	1319	26918
Sep 07, 2022	0	37	1091	20142
Sep 08, 2022	0	23	984	19866
Sep 09, 2022	0	27	917	19087
Sep 10, 2022	0	19	943	19517
Sep 11, 2022	0	24	882	16422
Sep 12, 2022	0	21	881	4579
Sep 13, 2022	0	22	846	41850
Sep 14, 2022	0	22	821	33575
Sep 15, 2022	0	15	743	33263
Sep 16, 2022	0	15	707	28686
Sep 17, 2022	0	14	743	33162
Sep 18, 2022	0	14	637	23137
Sep 19, 2022	0	18	517	5219
Sep 20, 2022	0	25	514	51816
Sep 21, 2022	0	14	411	38250
Sep 22, 2022	0	6	429	38464
Sep 23, 2022	0	3	394	37524
Sep 24, 2022	0	15	388	38024
Sep 25, 2022	0	12	389	31365
Sep 26, 2022	0	8	377	7489
Sep 27, 2022	0	7	382	73639
Sep 28, 2022	0	7	317	53410
Sep 29, 2022	0	5	311	51366
Sep 30, 2022	0	5	281	48261
Oct 01, 2022	0	3	311	46596
Oct 02, 2022	0	10	284	37453
Oct 03, 2022	0	9	262	8690
Oct 04, 2022	0	10	249	89185
Oct 05, 2022	0	8	210	66564
Oct 06, 2022	0	3	188	65537
Oct 07, 2022	0	2	194	61121
Oct 08, 2022	0	7	184	57270
Oct 09, 2022	0	8	192	42626
Oct 10, 2022	0	4	204	9373
Oct 11, 2022	0	8	223	94753
Oct 12, 2022	0	4	194	67948
Oct 13, 2022	0	4	211	64218
Oct 14, 2022	0	4	201	58695
Oct 15, 2022	0	6	186	55394
Oct 16, 2022	0	3	199	41973
Oct 17, 2022	0	4	201	9421
Oct 18, 2022	0	4	196	87666
Oct 19, 2022	0	4	188	63031
Oct 20, 2022	0	5	190	56793
Oct 21, 2022	0	4	184	49087
Oct 22, 2022	0	3	176	43746
Oct 23, 2022	0	1	179	31470
Oct 24, 2022	0	4	211	6907
Oct 25, 2022	0	7	183	59653
Oct 26, 2022	0	4	194	41185
Oct 27, 2022	0	3	196	37089
Oct 28, 2022	0	3	191	25783
Oct 29, 2022	0	6	163	22723
Oct 30, 2022	0	0	172	16456
Oct 31, 2022	0	5	183	3768
Nov 01, 2022	0	4	173	29525
Nov 02, 2022	0	0	0	5691
Nov 03, 2022	0	3	364	42025
Nov 04, 2022	0	4	166	29438
Nov 05, 2022	0	5	166	26840
Nov 06, 2022	0	4	143	21178
Nov 07, 2022	0	4	177	3645
Nov 08, 2022	0	4	152	40591
Nov 09, 2022	0	1	159	28702
Nov 10, 2022	0	2	152	27068
Nov 11, 2022	0	2	141	26353
Nov 12, 2022	0	1	136	5577
Nov 13, 2022	0	2	134	27155
Nov 14, 2022	0	1	121	6017
Nov 15, 2022	0	0	116	48971
Nov 16, 2022	0	2	114	34878
Nov 17, 2022	0	2	113	33331
Nov 18, 2022	0	3	102	37177
Nov 19, 2022	0	5	82	47088
Nov 20, 2022	0	1	71	14204
Nov 21, 2022	0	1	71	29335
Nov 22, 2022	0	3	71	64772
Nov 23, 2022	0	2	53	49188
Nov 24, 2022	0	1	41	50530
Nov 25, 2022	0	0	35	48629
Nov 26, 2022	0	0	31	48331
Nov 27, 2022	0	0	38	37675
Nov 28, 2022	0	0	42	9304
Nov 29, 2022	0	0	33	91814
Nov 30, 2022	0	0	31	68382
Dec 01, 2022	0	1	29	69253
Dec 02, 2022	0	0	28	59008
Dec 03, 2022	0	3	31	52908
Dec 04, 2022	0	3	35	40006
Dec 05, 2022	0	5	29	10591
Dec 06, 2022	0	3	27	105516
Dec 07, 2022	0	1	26	75752
Dec 08, 2022	0	2	32	71597
Dec 09, 2022	0	1	29	65509
Dec 10, 2022	0	6	24	61482
Dec 11, 2022	0	0	33	46422
Dec 12, 2022	0	0	36	10878
Dec 13, 2022	0	0	0	97037
Dec 14, 2022	0	0	60	70224
Dec 15, 2022	0	1	27	62541
Dec 16, 2022	0	0	0	56361
Dec 17, 2022	0	2	59	52544
Dec 18, 2022	0	3	27	37264
Dec 19, 2022	0	0	33	8213
Dec 20, 2022	0	3	36	71212
Dec 21, 2022	0	5	29	54613
Dec 22, 2022	0	0	27	49517
Dec 23, 2022	0	1	33	43766
Dec 24, 2022	0	0	33	40744
Dec 25, 2022	0	1	37	23681
Dec 26, 2022	0	1	26	5429
Dec 27, 2022	0	2	33	30989
Dec 28, 2022	0	0	36	26081
Dec 29, 2022	0	5	38	24436
Dec 30, 2022	0	0	34	23808
Dec 31, 2022	0	3	41	21836
Jan 01, 2023	0	3	33	15005
Jan 02, 2023	0	5	41	2246
Jan 03, 2023	0	3	38	22916
Jan 04, 2023	0	0	36	14105
Jan 05, 2023	0	3	30	11537
Jan 06, 2023	0	5	42	10383
Jan 07, 2023	0	2	41	8961
Jan 08, 2023	0	2	36	6557
Jan 09, 2023	0	2	46	1702
Jan 10, 2023	0	7	35	11715
Jan 11, 2023	0	3	51	7635
Jan 12, 2023	0	2	42	7159
Jan 13, 2023	0	1	38	6238
Jan 14, 2023	0	1	36	5429
Jan 15, 2023	0	3	48	4166
Jan 16, 2023	0	0	52	1235
Jan 17, 2023	0	1	39	8381
Jan 18, 2023	0	0	54	5894
Jan 19, 2023	0	2	46	4992
Jan 20, 2023	0	2	49	4475
Jan 21, 2023	0	2	38	4324
Jan 22, 2023	0	1	47	3477
Jan 23, 2023	0	2	42	1027
Jan 24, 2023	0	4	53	7263
Jan 25, 2023	0	3	46	5347
Jan 26, 2023	0	0	63	5287
Jan 27, 2023	0	0	63	4681
Jan 28, 2023	0	0	48	4513
Jan 29, 2023	0	3	54	3802
Jan 30, 2023	0	0	63	982
Jan 31, 2023	0	2	53	6860
Feb 01, 2023	0	2	64	4506
Feb 02, 2023	0	1	54	4021
Feb 03, 2023	0	2	56	3618
Feb 04, 2023	0	2	46	3312
Feb 05, 2023	0	1	57	2632
Feb 06, 2023	0	7	43	718
Feb 07, 2023	0	4	63	4999
Feb 08, 2023	0	3	64	3991
Feb 09, 2023	0	4	63	3653
Feb 10, 2023	0	4	64	3366
Feb 11, 2023	0	0	0	3187
Feb 12, 2023	0	2	122	2469
Feb 13, 2023	0	2	61	706
Feb 14, 2023	0	5	71	4986
Feb 15, 2023	0	1	72	3972
Feb 16, 2023	0	4	71	4021
Feb 17, 2023	0	0	0	3589
Feb 18, 2023	0	4	0	4236
Feb 19, 2023	0	7	214	2999
Feb 20, 2023	0	8	70	898
Feb 21, 2023	0	5	61	5774
Feb 22, 2023	0	7	73	4584
Feb 23, 2023	0	4	68	4489
Feb 24, 2023	0	4	66	3917
Feb 25, 2023	0	3	57	3843
Feb 26, 2023	0	7	76	2942
Feb 27, 2023	0	3	78	841
Feb 28, 2023	0	0	82	5651
Mar 01, 2023	0	13	92	4525
Mar 02, 2023	0	6	61	4196
Mar 03, 2023	0	3	54	3194
Mar 04, 2023	0	11	69	4013
Mar 05, 2023	0	15	63	0
Mar 06, 2023	0	9	92	953
Mar 07, 2023	0	5	73	0
Mar 08, 2023	0	15	94	0
Mar 09, 2023	0	19	124	0
Mar 10, 2023	0	15	96	6188
Mar 11, 2023	0	13	96	6072
Mar 12, 2023	0	12	0	4558
Mar 13, 2023	0	12	0	1235
Mar 14, 2023	0	16	0	9937
Mar 15, 2023	0	16	0	8348
Mar 16, 2023	0	11	0	7932
Mar 17, 2023	0	18	0	7228
Mar 18, 2023	0	18	0	7210
Mar 19, 2023	0	19	0	5459
Mar 20, 2023	0	22	2211	1470
Mar 21, 2023	0	20	0	11519
Mar 22, 2023	0	63	0	9762
Mar 23, 2023	0	0	0	9249
Mar 24, 2023	0	0	0	8839
Mar 25, 2023	0	24	0	8435
Mar 26, 2023	0	0	0	6211
Mar 27, 2023	0	29	0	7
Mar 28, 2023	0	25	0	12933
Mar 29, 2023	0	0	0	10885
Mar 30, 2023	0	0	0	0
Mar 31, 2023	0	22	0	9211
Apr 01, 2023	0	0	0	8455
Apr 02, 2023	0	0	0	6027
Apr 03, 2023	0	0	0	1453
Apr 04, 2023	0	95	0	0
Apr 05, 2023	0	45	0	9922
Apr 06, 2023	0	30	0	9374
Apr 07, 2023	0	0	0	8786
Apr 08, 2023	0	68	0	7739
Apr 09, 2023	0	37	0	6474
Apr 10, 2023	0	0	0	1342
Apr 11, 2023	0	0	0	1884
Apr 12, 2023	0	116	0	14207
Apr 13, 2023	0	32	0	10678
Apr 14, 2023	0	28	0	9467
Apr 15, 2023	0	34	0	8595
Apr 16, 2023	0	27	0	5805
Apr 17, 2023	0	29	0	1411
Apr 18, 2023	0	0	0	10616
Apr 19, 2023	0	28	0	8807
Apr 20, 2023	0	26	0	8201
Apr 21, 2023	0	23	0	7400
Apr 22, 2023	0	0	0	6796
Apr 23, 2023	0	0	0	5008
Apr 24, 2023	0	72	0	1185
Apr 25, 2023	0	36	0	8895
Apr 26, 2023	0	19	0	7490
Apr 27, 2023	0	17	0	6609
Apr 28, 2023	0	0	0	6144
Apr 29, 2023	0	0	0	5642
Apr 30, 2023	0	0	0	4030
May 01, 2023	0	39	0	1098
May 02, 2023	0	11	0	1065
May 03, 2023	0	10	0	8715
May 04, 2023	0	11	0	6161
May 05, 2023	0	0	0	5505
May 06, 2023	0	0	0	5103
May 07, 2023	0	36	0	3301
May 08, 2023	0	8	0	759
May 09, 2023	0	7	0	1044
May 10, 2023	0	8	0	6708
May 11, 2023	0	0	0	0
May 12, 2023	0	0	0	9003
May 13, 2023	0	12	0	3706
May 14, 2023	0	4	0	2563
May 15, 2023	0	0	0	623
May 16, 2023	0	0	0	5118
May 17, 2023	0	0	0	4149
May 18, 2023	0	0	0	0
May 19, 2023	0	0	0	0
May 20, 2023	0	26	22259	0
May 21, 2023	0	6	121	0
May 22, 2023	0	6	106	677
May 23, 2023	0	3	129	5901
May 24, 2023	0	4	113	4905
May 25, 2023	0	1	123	4220
May 26, 2023	0	1	135	3724
May 27, 2023	0	2	137	3317
May 28, 2023	0	2	139	2284
May 29, 2023	0	1	135	592
May 30, 2023	0	1	127	902
May 31, 2023	0	0	0	5210
Jun 01, 2023	0	1	124	3735
Jun 02, 2023	0	5	0	3204
Jun 03, 2023	0	4	354	2797
Jun 04, 2023	0	0	0	2082
Jun 05, 2023	0	2	0	443
Jun 06, 2023	0	4	330	3590
Jun 07, 2023	0	5	126	2762
Jun 08, 2023	0	2	143	2603
Jun 09, 2023	0	1	0	2357
Jun 10, 2023	0	1	227	2135
Jun 11, 2023	0	2	132	1282
Jun 12, 2023	0	4	92	332
Jun 13, 2023	0	1	98	2631
Jun 14, 2023	0	1	0	2069
Jun 15, 2023	0	0	226	545
Jun 16, 2023	0	0	0	2895
Jun 17, 2023	0	0	0	1482
Jun 18, 2023	0	1	0	1080
Jun 19, 2023	0	0	530	270
Jun 20, 2023	0	0	0	2071
Jun 21, 2023	0	0	0	1702
Jun 22, 2023	0	0	0	1420
Jun 23, 2023	0	0	0	1232
Jun 24, 2023	0	0	0	1217
Jun 25, 2023	0	1	0	776
Jun 26, 2023	0	0	292	213
Jun 27, 2023	0	0	0	1680
Jun 28, 2023	0	0	0	1148
Jun 29, 2023	0	0	0	1106
Jun 30, 2023	0	0	0	1106
Jul 01, 2023	0	0	0	0
Jul 02, 2023	0	3	0	0
Jul 03, 2023	0	0	1185	0
Jul 04, 2023	0	0	0	0
Jul 05, 2023	0	5	0	0
Jul 06, 2023	0	1	369	0
Jul 07, 2023	0	0	0	0
Jul 08, 2023	0	0	0	0
Jul 09, 2023	0	0	0	0
Jul 10, 2023	0	0	0	0
Jul 11, 2023	0	0	0	0
Jul 12, 2023	0	0	0	0
Jul 13, 2023	0	0	0	0
Jul 14, 2023	0	0	0	0
Jul 15, 2023	0	0	0	0
Jul 16, 2023	0	0	0	0
Jul 17, 2023	0	0	0	0
Jul 18, 2023	0	1	796	0
Jul 19, 2023	0	2	0	0
Jul 20, 2023	0	0	0	0
Jul 21, 2023	0	0	0	0
Jul 22, 2023	0	0	0	0
Jul 23, 2023	0	0	0	0
Jul 24, 2023	0	2	1070	0
Jul 25, 2023	0	1	114	0
Jul 26, 2023	0	0	0	0
Jul 27, 2023	0	0	0	0
Jul 28, 2023	0	3	0	0
Jul 29, 2023	0	1	367	0
Jul 30, 2023	0	0	0	0
Jul 31, 2023	0	0	0	0
Aug 01, 2023	0	0	0	0
Aug 02, 2023	0	4	0	0
Aug 03, 2023	0	1	447	0
Aug 04, 2023	0	0	0	0
Aug 05, 2023	0	0	0	0
Aug 06, 2023	0	0	282	0
Aug 07, 2023	0	1	102	0
Aug 08, 2023	0	1	98	0
Aug 09, 2023	0	0	111	0
Aug 10, 2023	0	0	0	0
Aug 11, 2023	0	0	0	0
Aug 12, 2023	0	0	0	0
Aug 13, 2023	0	0	0	0
Aug 14, 2023	0	0	0	0
Aug 15, 2023	0	0	0	0
Aug 16, 2023	0	0	0	0
Aug 17, 2023	0	0	0	0
Aug 18, 2023	0	3	873	0
Aug 19, 2023	0	0	0	0
Aug 20, 2023	0	0	0	0
Aug 21, 2023	0	0	0	0
Aug 22, 2023	0	0	182	0
Aug 23, 2023	0	0	0	0
Aug 24, 2023	0	0	0	0
Aug 25, 2023	0	0	0	0
Aug 26, 2023	0	0	0	0
Aug 27, 2023	0	0	0	0
Aug 28, 2023	0	6	0	0
Aug 29, 2023	0	2	0	0
Aug 30, 2023	0	1	0	0
Aug 31, 2023	0	2	0	0
Sep 01, 2023	0	0	0	0
Sep 02, 2023	0	0	0	0
Sep 03, 2023	0	0	0	0
Sep 04, 2023	0	0	0	0
Sep 05, 2023	0	4	0	0
Sep 06, 2023	0	0	0	0
Sep 07, 2023	0	0	0	0
Sep 08, 2023	0	0	0	0
Sep 09, 2023	0	0	0	0
Sep 10, 2023	0	0	0	0
Sep 11, 2023	0	0	0	0
Sep 12, 2023	0	0	0	0
Sep 13, 2023	0	0	0	0
Sep 14, 2023	0	0	0	0
Sep 15, 2023	0	20	2549	0
Sep 16, 2023	0	0	0	0
Sep 17, 2023	0	8	0	0
Sep 18, 2023	0	0	0	0
Sep 19, 2023	0	0	0	0
Sep 20, 2023	0	0	0	0
Sep 21, 2023	0	0	0	0
Sep 22, 2023	0	0	0	0
Sep 23, 2023	0	0	0	0
Sep 24, 2023	0	22	0	0
Sep 25, 2023	0	0	0	0
Sep 26, 2023	0	0	0	0
Sep 27, 2023	0	0	0	0
Sep 28, 2023	0	0	0	0
Sep 29, 2023	0	0	0	0
Sep 30, 2023	0	0	0	0
Oct 01, 2023	0	24	0	0
Oct 02, 2023	0	0	0	0
Oct 03, 2023	0	0	0	0
Oct 04, 2023	0	0	0	0
Oct 05, 2023	0	0	0	0
Oct 06, 2023	0	0	0	0
Oct 07, 2023	0	0	0	0
Oct 08, 2023	0	26	0	0
Oct 09, 2023	0	0	0	0
Oct 10, 2023	0	0	0	0
Oct 11, 2023	0	0	0	0
Oct 12, 2023	0	0	0	0
Oct 13, 2023	0	0	0	0
Oct 14, 2023	0	0	0	0
Oct 15, 2023	0	44	0	0
Oct 16, 2023	0	0	0	0
Oct 17, 2023	0	0	0	0
Oct 18, 2023	0	0	0	0
Oct 19, 2023	0	0	0	0
Oct 20, 2023	0	0	0	0
Oct 21, 2023	0	0	0	0
Oct 22, 2023	0	0	0	0
Oct 23, 2023	0	50	0	0
Oct 24, 2023	0	0	0	0
Oct 25, 2023	0	0	0	0
Oct 26, 2023	0	0	0	0
Oct 27, 2023	0	0	0	0
Oct 28, 2023	0	0	0	0
Oct 29, 2023	0	50	0	0
Oct 30, 2023	0	0	0	0
Oct 31, 2023	0	0	0	0
Nov 01, 2023	0	0	0	0
Nov 02, 2023	0	0	0	0
Nov 03, 2023	0	0	0	0
Nov 04, 2023	0	0	0	0
Nov 05, 2023	0	53	0	0
Nov 06, 2023	0	0	0	0
Nov 07, 2023	0	0	0	0
Nov 08, 2023	0	0	0	0
Nov 09, 2023	0	0	0	0
Nov 10, 2023	0	0	0	0
Nov 11, 2023	0	0	0	0
Nov 12, 2023	0	29	0	0
Nov 13, 2023	0	0	0	0
Nov 14, 2023	0	0	0	0
Nov 15, 2023	0	0	0	0
Nov 16, 2023	0	0	0	0
Nov 17, 2023	0	0	0	0
Nov 18, 2023	0	0	0	0
Nov 19, 2023	0	26	0	0
Nov 20, 2023	0	0	0	0
Nov 21, 2023	0	0	0	0
Nov 22, 2023	0	0	0	0
Nov 23, 2023	0	0	0	0
Nov 24, 2023	0	0	0	0
Nov 25, 2023	0	0	0	0
Nov 26, 2023	0	17	0	0
Nov 27, 2023	0	0	0	0
Nov 28, 2023	0	0	0	0
Nov 29, 2023	0	0	0	0
Nov 30, 2023	0	0	0	0
Dec 01, 2023	0	0	0	0
Dec 02, 2023	0	0	0	0
Dec 03, 2023	0	19	0	0
Dec 04, 2023	0	0	0	0
Dec 05, 2023	0	0	0	0
Dec 06, 2023	0	0	0	0
Dec 07, 2023	0	0	0	0
Dec 08, 2023	0	0	0	0
Dec 09, 2023	0	0	0	0
Dec 10, 2023	0	0	0	0
Dec 11, 2023	0	0	0	0
Dec 12, 2023	0	0	0	0
Dec 13, 2023	0	0	0	0
Dec 14, 2023	0	0	0	0
Dec 15, 2023	0	0	0	0
Dec 16, 2023	0	0	0	0
Dec 17, 2023	0	17	0	0
Dec 18, 2023	0	0	0	0
Dec 19, 2023	0	0	0	0
Dec 20, 2023	0	0	0	0
Dec 21, 2023	0	0	0	0
Dec 22, 2023	0	0	0	0
Dec 23, 2023	0	0	0	0
Dec 24, 2023	0	10	0	0
Dec 25, 2023	0	0	0	0
Dec 26, 2023	0	0	0	0
Dec 27, 2023	0	0	0	0
Dec 28, 2023	0	0	0	0
Dec 29, 2023	0	0	0	0
Dec 30, 2023	0	0	0	0
Dec 31, 2023	0	11	0	0
Jan 01, 2024	0	0	0	0
Jan 02, 2024	0	0	0	0
Jan 03, 2024	0	0	0	0
Jan 04, 2024	0	0	0	0
Jan 05, 2024	0	0	0	0
Jan 06, 2024	0	0	0	0
Jan 07, 2024	0	0	0	0
Jan 08, 2024	0	0	0	0
Jan 09, 2024	0	0	0	0
Jan 10, 2024	0	0	0	0
Jan 11, 2024	0	0	0	0
Jan 12, 2024	0	0	0	0
Jan 13, 2024	0	0	0	0
Jan 14, 2024	0	5	0	0
Jan 15, 2024	0	0	0	0
Jan 16, 2024	0	0	0	0
Jan 17, 2024	0	0	0	0
Jan 18, 2024	0	0	0	0
Jan 19, 2024	0	0	0	0
Jan 20, 2024	0	0	0	0
Jan 21, 2024	0	10	0	0
Jan 22, 2024	0	0	0	0
Jan 23, 2024	0	0	0	0
Jan 24, 2024	0	0	0	0
Jan 25, 2024	0	0	0	0
Jan 26, 2024	0	0	0	0
Jan 27, 2024	0	0	0	0
Jan 28, 2024	0	8	0	0
Jan 29, 2024	0	0	0	0
Jan 30, 2024	0	0	0	0
Jan 31, 2024	0	0	0	0
Feb 01, 2024	0	0	0	0
Feb 02, 2024	0	0	0	0
Feb 03, 2024	0	0	0	0
Feb 04, 2024	0	14	0	0
Feb 05, 2024	0	0	0	0
Feb 06, 2024	0	0	0	0
Feb 07, 2024	0	0	0	0
Feb 08, 2024	0	0	0	0
Feb 09, 2024	0	0	0	0
Feb 10, 2024	0	0	0	0
Feb 11, 2024	0	0	0	0
Feb 12, 2024	0	0	0	0
Feb 13, 2024	0	0	0	0
Feb 14, 2024	0	0	0	0
Feb 15, 2024	0	0	0	0
Feb 16, 2024	0	0	0	0
Feb 17, 2024	0	0	0	0
Feb 18, 2024	0	0	0	0
Feb 19, 2024	0	0	0	0
Feb 20, 2024	0	0	0	0
Feb 21, 2024	0	0	0	0
Feb 22, 2024	0	0	0	0
Feb 23, 2024	0	0	0	0
Feb 24, 2024	0	0	0	0
Feb 25, 2024	0	0	0	0
Feb 26, 2024	0	0	0	0
Feb 27, 2024	0	0	0	0
Feb 28, 2024	0	0	0	0
Feb 29, 2024	0	0	0	0
Mar 01, 2024	0	0	0	0
Mar 02, 2024	0	0	0	0
Mar 03, 2024	0	0	0	0
Mar 04, 2024	0	0	0	0
Mar 05, 2024	0	0	0	0
Mar 06, 2024	0	0	0	0
Mar 07, 2024	0	0	0	0
Mar 08, 2024	0	0	0	0
Mar 09, 2024	0	0	0	0
Mar 10, 2024	0	0	0	0
Mar 11, 2024	0	0	0	0
Mar 12, 2024	0	0	0	0
Mar 13, 2024	0	0	0	0
Mar 14, 2024	0	0	0	0
Mar 15, 2024	0	0	0	0
Mar 16, 2024	0	0	0	0
Mar 17, 2024	0	0	0	0
Mar 18, 2024	0	0	0	0
Mar 19, 2024	0	0	0	0
Mar 20, 2024	0	0	0	0
Mar 21, 2024	0	0	0	0
Mar 22, 2024	0	0	0	0
Mar 23, 2024	0	0	0	0
