Feb 15, 2020	0	null	0	0
Feb 16, 2020	0	null	0	0
Feb 17, 2020	0	null	0	0
Feb 18, 2020	0	null	0	0
Feb 19, 2020	0	null	0	0
Feb 20, 2020	0	null	0	0
Feb 21, 2020	0	null	0	0
Feb 22, 2020	1	null	0	0
Feb 23, 2020	1	null	0	0
Feb 24, 2020	1	null	0	0
Feb 25, 2020	5	0	0	0
Feb 26, 2020	5	0	0	0
Feb 27, 2020	7	0	0	0
Feb 28, 2020	8	0	0	0
Feb 29, 2020	13	0	0	0
Mar 01, 2020	19	0	0	0
Mar 02, 2020	27	0	0	0
Mar 03, 2020	32	0	0	0
Mar 04, 2020	35	2	0	0
Mar 05, 2020	37	1	0	0
Mar 06, 2020	41	1	0	0
Mar 07, 2020	49	0	0	0
Mar 08, 2020	58	2	0	0
Mar 09, 2020	61	1	0	0
Mar 10, 2020	49	0	0	0
Mar 11, 2020	49	0	0	0
Mar 12, 2020	51	1	0	0
Mar 13, 2020	68	1	0	0
Mar 14, 2020	74	1	0	0
Mar 15, 2020	88	0	0	0
Mar 16, 2020	91	0	0	0
Mar 17, 2020	102	1	0	0
Mar 18, 2020	111	1	0	0
Mar 19, 2020	130	1	0	0
Mar 20, 2020	142	4	0	0
Mar 21, 2020	146	0	0	0
Mar 22, 2020	156	3	0	0
Mar 23, 2020	181	3	0	0
Mar 24, 2020	214	4	0	0
Mar 25, 2020	214	2	0	0
Mar 26, 2020	241	7	0	0
Mar 27, 2020	296	4	0	0
Mar 28, 2020	333	2	0	0
Mar 29, 2020	362	0	0	0
Mar 30, 2020	432	4	0	0
Mar 31, 2020	474	4	0	0
Apr 01, 2020	494	2	0	0
Apr 02, 2020	516	2	0	0
Apr 03, 2020	540	0	0	0
Apr 04, 2020	563	2	0	0
Apr 05, 2020	621	5	0	0
Apr 06, 2020	623	3	0	0
Apr 07, 2020	684	1	0	0
Apr 08, 2020	681	4	0	0
Apr 09, 2020	667	0	0	0
Apr 10, 2020	659	1	0	0
Apr 11, 2020	645	2	0	0
Apr 12, 2020	636	4	0	0
Apr 13, 2020	583	2	0	0
Apr 14, 2020	556	0	0	0
Apr 15, 2020	524	1	0	0
Apr 16, 2020	498	1	0	0
Apr 17, 2020	495	1	0	0
Apr 18, 2020	478	1	0	0
Apr 19, 2020	448	0	0	0
Apr 20, 2020	449	0	0	0
Apr 21, 2020	423	1	0	0
Apr 22, 2020	402	0	0	0
Apr 23, 2020	423	0	0	0
Apr 24, 2020	418	3	0	0
Apr 25, 2020	453	0	0	0
Apr 26, 2020	470	1	0	0
Apr 27, 2020	473	1	0	0
Apr 28, 2020	519	2	0	0
Apr 29, 2020	565	2	0	0
Apr 30, 2020	617	1	0	0
May 01, 2020	645	1	0	0
May 02, 2020	651	1	0	0
May 03, 2020	709	2	0	0
May 04, 2020	704	1	0	0
May 05, 2020	758	4	0	0
May 06, 2020	776	0	0	0
May 07, 2020	815	0	0	0
May 08, 2020	838	2	0	0
May 09, 2020	870	3	0	0
May 10, 2020	924	2	0	0
May 11, 2020	918	1	0	0
May 12, 2020	898	2	0	0
May 13, 2020	951	3	0	0
May 14, 2020	1000	0	0	0
May 15, 2020	987	2	0	0
May 16, 2020	1013	4	0	0
May 17, 2020	1063	2	0	0
May 18, 2020	1117	4	0	0
May 19, 2020	1114	4	0	0
May 20, 2020	1152	3	0	0
May 21, 2020	1254	6	0	0
May 22, 2020	1285	7	0	0
May 23, 2020	1535	5	0	0
May 24, 2020	1571	8	0	0
May 25, 2020	1658	3	0	0
May 26, 2020	1827	6	0	0
May 27, 2020	2056	6	0	0
May 28, 2020	2307	4	0	0
May 29, 2020	2644	6	0	0
May 30, 2020	2874	10	0	0
May 31, 2020	3078	10	0	0
Jun 01, 2020	3378	10	0	0
Jun 02, 2020	3644	20	0	0
Jun 03, 2020	3817	21	0	0
Jun 04, 2020	4231	15	0	0
Jun 05, 2020	4988	14	0	0
Jun 06, 2020	5876	33	0	0
Jun 07, 2020	6834	28	0	0
Jun 08, 2020	7539	24	0	0
Jun 09, 2020	8045	22	0	0
Jun 10, 2020	8774	34	0	0
Jun 11, 2020	9650	31	0	0
Jun 12, 2020	10406	39	0	0
Jun 13, 2020	10886	53	0	0
Jun 14, 2020	11481	58	0	0
Jun 15, 2020	11392	45	0	0
Jun 16, 2020	12126	60	0	0
Jun 17, 2020	12711	61	0	0
Jun 18, 2020	13528	83	0	0
Jun 19, 2020	14222	69	0	0
Jun 20, 2020	14998	88	0	0
Jun 21, 2020	15833	87	0	0
Jun 22, 2020	16724	67	0	0
Jun 23, 2020	17498	84	0	0
Jun 24, 2020	18558	79	0	0
Jun 25, 2020	19651	107	0	0
Jun 26, 2020	20775	122	0	0
Jun 27, 2020	21664	101	0	0
Jun 28, 2020	22524	96	0	0
Jun 29, 2020	22338	83	0	0
Jun 30, 2020	22406	104	0	0
Jul 01, 2020	23207	107	0	0
Jul 02, 2020	23636	110	0	0
Jul 03, 2020	24158	102	0	0
Jul 04, 2020	24909	106	0	0
Jul 05, 2020	24989	105	0	0
Jul 06, 2020	24967	94	0	0
Jul 07, 2020	25764	118	0	0
Jul 08, 2020	26784	94	0	0
Jul 09, 2020	27228	103	0	0
Jul 10, 2020	28120	78	0	0
Jul 11, 2020	29060	95	0	0
Jul 12, 2020	29632	95	0	0
Jul 13, 2020	29487	100	0	0
Jul 14, 2020	27630	95	0	0
Jul 15, 2020	27814	87	0	0
Jul 16, 2020	28310	90	0	0
Jul 17, 2020	28060	94	0	0
Jul 18, 2020	28037	75	0	0
Jul 19, 2020	28221	90	0	0
Jul 20, 2020	27988	88	0	0
Jul 21, 2020	28259	81	0	0
Jul 22, 2020	28676	92	0	0
Jul 23, 2020	28699	80	0	0
Jul 24, 2020	29231	90	0	0
Jul 25, 2020	29972	72	0	0
Jul 26, 2020	30453	78	0	0
Jul 27, 2020	30983	96	0	0
Jul 28, 2020	29735	77	0	0
Jul 29, 2020	30236	68	0	0
Jul 30, 2020	31046	68	0	0
Jul 31, 2020	32434	70	0	0
Aug 01, 2020	32624	64	0	0
Aug 02, 2020	32397	63	0	0
Aug 03, 2020	32841	66	0	0
Aug 04, 2020	33602	83	0	0
Aug 05, 2020	34020	77	0	0
Aug 06, 2020	34417	67	0	0
Aug 07, 2020	35631	75	0	0
Aug 08, 2020	36575	74	0	0
Aug 09, 2020	36948	82	0	0
Aug 10, 2020	38345	72	0	0
Aug 11, 2020	39362	67	0	0
Aug 12, 2020	40307	57	0	0
Aug 13, 2020	41428	53	0	0
Aug 14, 2020	42452	68	0	0
Aug 15, 2020	44098	76	0	0
Aug 16, 2020	45697	75	0	0
Aug 17, 2020	45234	94	0	0
Aug 18, 2020	46833	82	0	0
Aug 19, 2020	48312	85	0	0
Aug 20, 2020	49389	87	0	0
Aug 21, 2020	50356	75	0	0
Aug 22, 2020	51304	70	0	0
Aug 23, 2020	51504	75	0	0
Aug 24, 2020	51077	91	0	0
Aug 25, 2020	51590	77	0	0
Aug 26, 2020	51901	72	0	0
Aug 27, 2020	51686	72	0	0
Aug 28, 2020	51924	74	0	0
Aug 29, 2020	51535	77	0	0
Aug 30, 2020	51338	68	0	0
Aug 31, 2020	51290	83	0	0
Sep 01, 2020	50742	81	0	0
Sep 02, 2020	50878	78	0	0
Sep 03, 2020	52007	74	0	0
Sep 04, 2020	53348	84	0	0
Sep 05, 2020	54038	63	0	0
Sep 06, 2020	54298	90	0	0
Sep 07, 2020	54236	77	0	0
Sep 08, 2020	55597	68	0	0
Sep 09, 2020	56096	75	0	0
Sep 10, 2020	56787	82	0	0
Sep 11, 2020	57395	67	0	0
Sep 12, 2020	57554	60	0	0
Sep 13, 2020	57590	73	0	0
Sep 14, 2020	57260	72	0	0
Sep 15, 2020	57190	80	0	0
Sep 16, 2020	57570	82	0	0
Sep 17, 2020	57953	84	0	0
Sep 18, 2020	57977	76	0	0
Sep 19, 2020	57567	83	0	0
Sep 20, 2020	56889	64	0	0
Sep 21, 2020	56156	70	0	0
Sep 22, 2020	57141	57	0	0
Sep 23, 2020	58893	72	0	0
Sep 24, 2020	59546	45	0	0
Sep 25, 2020	59566	68	0	0
Sep 26, 2020	60116	68	0	0
Sep 27, 2020	59787	55	0	0
Sep 28, 2020	59730	62	0	0
Sep 29, 2020	60356	70	0	0
Sep 30, 2020	61603	59	0	0
Oct 01, 2020	62361	50	0	0
Oct 02, 2020	63157	67	0	0
Oct 03, 2020	62919	49	0	0
Oct 04, 2020	62260	52	0	0
Oct 05, 2020	61327	65	0	0
Oct 06, 2020	61219	67	0	0
Oct 07, 2020	61656	73	0	0
Oct 08, 2020	61068	79	0	0
Oct 09, 2020	59948	52	0	0
Oct 10, 2020	58004	55	0	0
Oct 11, 2020	56321	62	0	0
Oct 12, 2020	55475	60	0	0
Oct 13, 2020	55180	58	0	0
Oct 14, 2020	55798	51	0	0
Oct 15, 2020	55964	65	0	0
Oct 16, 2020	56199	56	0	0
Oct 17, 2020	56035	56	0	0
Oct 18, 2020	55903	56	0	0
Oct 19, 2020	56829	63	0	0
Oct 20, 2020	58098	49	0	0
Oct 21, 2020	58837	52	0	0
Oct 22, 2020	59873	47	0	0
Oct 23, 2020	60248	48	0	0
Oct 24, 2020	60376	55	0	0
Oct 25, 2020	59735	55	0	0
Oct 26, 2020	60134	48	0	0
Oct 27, 2020	61103	53	0	0
Oct 28, 2020	62171	46	0	0
Oct 29, 2020	62554	45	0	0
Oct 30, 2020	62530	47	0	0
Oct 31, 2020	62065	48	0	0
Nov 01, 2020	61540	56	0	0
Nov 02, 2020	61907	51	0	0
Nov 03, 2020	62472	51	0	0
Nov 04, 2020	57507	60	0	0
Nov 05, 2020	58190	47	0	0
Nov 06, 2020	58629	69	0	0
Nov 07, 2020	58810	39	0	0
Nov 08, 2020	58294	44	0	0
Nov 09, 2020	58120	53	0	0
Nov 10, 2020	59213	52	0	0
Nov 11, 2020	60369	50	0	0
Nov 12, 2020	61046	50	0	0
Nov 13, 2020	61060	48	0	0
Nov 14, 2020	61066	43	0	0
Nov 15, 2020	60443	47	0	0
Nov 16, 2020	60265	42	0	0
Nov 17, 2020	59726	40	0	0
Nov 18, 2020	59881	43	0	0
Nov 19, 2020	59902	39	0	0
Nov 20, 2020	59492	49	0	0
Nov 21, 2020	58590	42	0	0
Nov 22, 2020	57911	33	0	0
Nov 23, 2020	57807	38	0	0
Nov 24, 2020	57934	35	0	0
Nov 25, 2020	58047	55	0	0
Nov 26, 2020	58169	39	0	0
Nov 27, 2020	58751	42	0	0
Nov 28, 2020	58084	33	0	0
Nov 29, 2020	57308	24	0	0
Nov 30, 2020	57617	34	0	0
Dec 01, 2020	57891	48	0	0
Dec 02, 2020	58075	34	0	0
Dec 03, 2020	58543	21	0	0
Dec 04, 2020	58463	26	0	0
Dec 05, 2020	58452	24	0	0
Dec 06, 2020	58201	21	0	0
Dec 07, 2020	57830	28	0	0
Dec 08, 2020	57597	17	0	0
Dec 09, 2020	57526	24	0	0
Dec 10, 2020	56760	25	0	0
Dec 11, 2020	56154	23	0	0
Dec 12, 2020	55388	16	0	0
Dec 13, 2020	54609	14	0	0
Dec 14, 2020	53895	24	0	0
Dec 15, 2020	53110	11	0	0
Dec 16, 2020	52875	22	0	0
Dec 17, 2020	52478	14	0	0
Dec 18, 2020	52050	20	0	0
Dec 19, 2020	51433	10	0	0
Dec 20, 2020	50479	17	0	0
Dec 21, 2020	49998	13	0	0
Dec 22, 2020	49434	15	0	0
Dec 23, 2020	49147	12	0	0
Dec 24, 2020	48718	7	0	0
Dec 25, 2020	48316	11	0	0
Dec 26, 2020	47750	12	0	0
Dec 27, 2020	47014	13	0	0
Dec 28, 2020	46423	11	0	0
Dec 29, 2020	45940	9	0	0
Dec 30, 2020	45286	8	0	0
Dec 31, 2020	44637	5	0	0
Jan 01, 2021	43552	11	0	0
Jan 02, 2021	42458	5	0	0
Jan 03, 2021	41220	5	0	0
Jan 04, 2021	39996	10	0	0
Jan 05, 2021	38813	12	0	0
Jan 06, 2021	37754	9	0	0
Jan 07, 2021	36759	4	0	0
Jan 08, 2021	35522	8	0	0
Jan 09, 2021	34460	4	0	0
Jan 10, 2021	33301	14	0	0
Jan 11, 2021	32056	11	0	0
Jan 12, 2021	31055	5	0	0
Jan 13, 2021	29926	4	0	0
Jan 14, 2021	28905	7	0	0
Jan 15, 2021	28170	10	0	0
Jan 16, 2021	26754	3	0	0
Jan 17, 2021	25859	9	0	0
Jan 18, 2021	24878	9	0	0
Jan 19, 2021	23879	9	0	0
Jan 20, 2021	22710	6	0	0
Jan 21, 2021	21705	9	0	0
Jan 22, 2021	20816	7	0	0
Jan 23, 2021	20044	4	0	0
Jan 24, 2021	19228	5	0	0
Jan 25, 2021	18449	7	0	0
Jan 26, 2021	17618	10	0	0
Jan 27, 2021	16914	8	0	0
Jan 28, 2021	15918	6	0	0
Jan 29, 2021	15571	12	0	0
Jan 30, 2021	15024	5	0	0
Jan 31, 2021	14460	6	0	0
Feb 01, 2021	14179	10	0	0
Feb 02, 2021	14093	11	0	0
Feb 03, 2021	14124	11	0	0
Feb 04, 2021	14172	12	0	0
Feb 05, 2021	14506	12	0	0
Feb 06, 2021	15138	8	0	0
Feb 07, 2021	15237	9	0	0
Feb 08, 2021	16096	6	0	0
Feb 09, 2021	17105	8	0	0
Feb 10, 2021	18579	6	0	0
Feb 11, 2021	19950	4	0	0
Feb 12, 2021	21459	13	0	0
Feb 13, 2021	22484	7	0	0
Feb 14, 2021	23614	15	0	0
Feb 15, 2021	25287	6	0	0
Feb 16, 2021	26990	7	0	0
Feb 17, 2021	29317	12	0	0
Feb 18, 2021	31506	16	0	0
Feb 19, 2021	33716	12	0	0
Feb 20, 2021	34998	13	0	0
Feb 21, 2021	36156	27	0	0
Feb 22, 2021	37761	23	0	0
Feb 23, 2021	39334	16	0	0
Feb 24, 2021	41517	13	0	0
Feb 25, 2021	43293	27	0	0
Feb 26, 2021	45155	14	0	0
Feb 27, 2021	45860	18	0	0
Feb 28, 2021	46152	23	0	0
Mar 01, 2021	46021	22	0	0
Mar 02, 2021	47164	30	0	0
Mar 03, 2021	48849	25	0	0
Mar 04, 2021	50472	24	0	0
Mar 05, 2021	52435	30	0	0
Mar 06, 2021	52609	11	0	0
Mar 07, 2021	52435	24	0	0
Mar 08, 2021	52959	24	0	0
Mar 09, 2021	53855	22	0	0
Mar 10, 2021	55539	27	0	0
Mar 11, 2021	57626	26	0	0
Mar 12, 2021	58826	25	0	0
Mar 13, 2021	58771	23	0	0
Mar 14, 2021	58663	32	0	0
Mar 15, 2021	58677	37	0	0
Mar 16, 2021	59341	39	0	0
Mar 17, 2021	61380	33	0	0
Mar 18, 2021	62895	36	0	0
Mar 19, 2021	63875	41	0	0
Mar 20, 2021	64722	32	0	0
Mar 21, 2021	64812	38	0	0
Mar 22, 2021	65350	29	0	0
Mar 23, 2021	65689	30	0	0
Mar 24, 2021	67526	29	0	0
Mar 25, 2021	69225	33	0	0
Mar 26, 2021	71191	29	0	0
Mar 27, 2021	71865	20	0	0
Mar 28, 2021	72281	35	0	0
Mar 29, 2021	73581	37	0	0
Mar 30, 2021	74624	37	0	0
Mar 31, 2021	77041	37	0	0
Apr 01, 2021	78483	37	0	0
Apr 02, 2021	80216	30	0	0
Apr 03, 2021	80538	40	0	0
Apr 04, 2021	80570	33	0	0
Apr 05, 2021	81290	39	0	0
Apr 06, 2021	83332	33	0	0
Apr 07, 2021	86606	37	0	0
Apr 08, 2021	89506	34	0	0
Apr 09, 2021	91963	35	0	0
Apr 10, 2021	93814	37	0	0
Apr 11, 2021	95380	35	0	0
Apr 12, 2021	97610	44	0	0
Apr 13, 2021	99959	39	0	0
Apr 14, 2021	102695	40	0	0
Apr 15, 2021	104653	49	0	0
Apr 16, 2021	105669	30	0	0
Apr 17, 2021	106321	33	0	0
Apr 18, 2021	105662	33	0	0
Apr 19, 2021	105885	45	0	0
Apr 20, 2021	107171	34	0	0
Apr 21, 2021	109447	38	0	0
Apr 22, 2021	110995	30	0	0
Apr 23, 2021	112140	46	0	0
Apr 24, 2021	112105	43	0	0
Apr 25, 2021	110764	40	0	0
Apr 26, 2021	109344	46	0	0
Apr 27, 2021	109139	45	0	0
Apr 28, 2021	108901	44	0	0
Apr 29, 2021	108426	41	0	0
Apr 30, 2021	107688	32	0	0
May 01, 2021	105527	33	0	0
May 02, 2021	102194	38	0	0
May 03, 2021	99881	30	0	0
May 04, 2021	98740	42	0	0
May 05, 2021	97273	32	0	0
May 06, 2021	96380	33	0	0
May 07, 2021	95825	29	0	0
May 08, 2021	94191	39	0	0
May 09, 2021	91585	30	0	0
May 10, 2021	90221	29	0	0
May 11, 2021	88913	34	0	0
May 12, 2021	88141	21	0	0
May 13, 2021	87582	28	0	0
May 14, 2021	84553	27	0	0
May 15, 2021	81371	20	0	0
May 16, 2021	78179	24	0	0
May 17, 2021	76243	41	0	0
May 18, 2021	74034	34	0	0
May 19, 2021	73513	40	0	0
May 20, 2021	72648	33	0	0
May 21, 2021	72331	35	0	0
May 22, 2021	71187	21	0	0
May 23, 2021	69907	32	0	0
May 24, 2021	69216	24	0	0
May 25, 2021	69848	27	0	0
May 26, 2021	71291	26	0	0
May 27, 2021	71821	22	0	0
May 28, 2021	72364	22	0	0
May 29, 2021	70173	23	0	0
May 30, 2021	69265	17	0	0
May 31, 2021	68521	24	0	0
Jun 01, 2021	68318	30	0	0
Jun 02, 2021	68559	31	0	0
Jun 03, 2021	68684	26	0	0
Jun 04, 2021	68689	26	0	0
Jun 05, 2021	67465	30	0	0
Jun 06, 2021	66361	20	0	0
Jun 07, 2021	65810	28	0	0
Jun 08, 2021	65136	23	0	0
Jun 09, 2021	65355	25	0	0
Jun 10, 2021	65919	34	0	0
Jun 11, 2021	66089	20	0	0
Jun 12, 2021	65803	22	0	0
Jun 13, 2021	65711	15	0	0
Jun 14, 2021	66371	31	0	0
Jun 15, 2021	66826	26	0	0
Jun 16, 2021	68167	19	0	0
Jun 17, 2021	69396	30	0	0
Jun 18, 2021	70578	23	0	0
Jun 19, 2021	70331	26	0	0
Jun 20, 2021	70477	25	0	0
Jun 21, 2021	70911	25	0	0
Jun 22, 2021	71850	25	0	0
Jun 23, 2021	74080	33	0	0
Jun 24, 2021	76112	31	0	0
Jun 25, 2021	76891	34	0	0
Jun 26, 2021	77212	28	0	0
Jun 27, 2021	77384	30	0	0
Jun 28, 2021	79002	30	0	0
Jun 29, 2021	80470	35	0	0
Jun 30, 2021	83190	30	0	0
Jul 01, 2021	86121	30	0	0
Jul 02, 2021	87377	40	0	0
Jul 03, 2021	87633	25	0	0
Jul 04, 2021	88704	35	0	0
Jul 05, 2021	90916	29	0	0
Jul 06, 2021	93705	31	0	0
Jul 07, 2021	96923	37	0	0
Jul 08, 2021	100942	31	0	0
Jul 09, 2021	103038	32	0	0
Jul 10, 2021	103714	39	0	0
Jul 11, 2021	105360	33	0	0
Jul 12, 2021	107367	44	0	0
Jul 13, 2021	109667	38	0	0
Jul 14, 2021	113442	47	0	0
Jul 15, 2021	116244	30	0	0
Jul 16, 2021	116731	44	0	0
Jul 17, 2021	116922	38	0	0
Jul 18, 2021	117615	41	0	0
Jul 19, 2021	119158	62	0	0
Jul 20, 2021	120408	59	0	0
Jul 21, 2021	121743	69	0	0
Jul 22, 2021	122511	81	0	0
Jul 23, 2021	123145	66	0	0
Jul 24, 2021	122732	65	0	0
Jul 25, 2021	123332	55	0	0
Jul 26, 2021	125486	60	0	0
Jul 27, 2021	129053	71	0	0
Jul 28, 2021	134285	66	0	0
Jul 29, 2021	138094	49	0	0
Jul 30, 2021	142130	62	0	0
Jul 31, 2021	143669	62	0	0
Aug 01, 2021	145166	77	0	0
Aug 02, 2021	149098	68	0	0
Aug 03, 2021	153320	63	0	0
Aug 04, 2021	159386	73	0	0
Aug 05, 2021	163734	62	0	0
Aug 06, 2021	166415	87	0	0
Aug 07, 2021	165217	59	0	0
Aug 08, 2021	164453	57	0	0
Aug 09, 2021	165318	67	0	0
Aug 10, 2021	165296	66	0	0
Aug 11, 2021	164676	66	0	0
Aug 12, 2021	165007	64	0	0
Aug 13, 2021	165009	75	0	0
Aug 14, 2021	162476	65	0	0
Aug 15, 2021	160042	66	0	0
Aug 16, 2021	159558	68	0	0
Aug 17, 2021	157784	75	0	0
Aug 18, 2021	157592	71	0	0
Aug 19, 2021	156772	72	0	0
Aug 20, 2021	153602	67	0	0
Aug 21, 2021	149824	85	0	0
Aug 22, 2021	145737	74	0	0
Aug 23, 2021	143668	78	0	0
Aug 24, 2021	141021	75	0	0
Aug 25, 2021	140774	73	0	0
Aug 26, 2021	140060	70	0	0
Aug 27, 2021	139172	79	0	0
Aug 28, 2021	136315	73	0	0
Aug 29, 2021	134179	67	0	0
Aug 30, 2021	132699	65	0	0
Aug 31, 2021	132422	66	0	0
Sep 01, 2021	133088	48	0	0
Sep 02, 2021	132715	56	0	0
Sep 03, 2021	130499	60	0	0
Sep 04, 2021	127352	48	0	0
Sep 05, 2021	124485	58	0	0
Sep 06, 2021	122593	62	0	0
Sep 07, 2021	121006	58	0	0
Sep 08, 2021	119303	62	0	0
Sep 09, 2021	116681	51	0	0
Sep 10, 2021	114039	61	0	0
Sep 11, 2021	110389	51	0	0
Sep 12, 2021	107103	51	0	0
Sep 13, 2021	104551	54	0	0
Sep 14, 2021	103103	46	0	0
Sep 15, 2021	101238	35	0	0
Sep 16, 2021	99346	52	0	0
Sep 17, 2021	96216	56	0	0
Sep 18, 2021	93057	36	0	0
Sep 19, 2021	90458	47	0	0
Sep 20, 2021	88725	47	0	0
Sep 21, 2021	87310	42	0	0
Sep 22, 2021	85189	38	0	0
Sep 23, 2021	82763	44	0	0
Sep 24, 2021	81174	46	0	0
Sep 25, 2021	77143	33	0	0
Sep 26, 2021	75586	38	0	0
Sep 27, 2021	73845	32	0	0
Sep 28, 2021	72406	45	0	0
Sep 29, 2021	71237	34	0	0
Sep 30, 2021	70135	39	0	0
Oct 01, 2021	68386	42	0	0
Oct 02, 2021	65777	42	0	0
Oct 03, 2021	64844	21	0	0
Oct 04, 2021	63589	27	0	0
Oct 05, 2021	62788	28	0	0
Oct 06, 2021	62062	20	0	0
Oct 07, 2021	60923	33	0	0
Oct 08, 2021	59851	36	0	0
Oct 09, 2021	57737	28	0	0
Oct 10, 2021	55832	26	0	0
Oct 11, 2021	53543	28	0	0
Oct 12, 2021	51686	29	0	0
Oct 13, 2021	50172	35	0	0
Oct 14, 2021	49350	26	0	0
Oct 15, 2021	48281	32	0	0
Oct 16, 2021	46326	25	0	0
Oct 17, 2021	44835	18	0	0
Oct 18, 2021	43514	29	0	0
Oct 19, 2021	42068	25	0	0
Oct 20, 2021	40492	26	0	0
Oct 21, 2021	39679	39	0	0
Oct 22, 2021	38830	26	0	0
Oct 23, 2021	37651	36	0	0
Oct 24, 2021	36735	24	0	0
Oct 25, 2021	35652	32	0	0
Oct 26, 2021	34641	31	0	0
Oct 27, 2021	33714	37	0	0
Oct 28, 2021	32914	22	0	0
Oct 29, 2021	31850	28	0	0
Oct 30, 2021	30553	27	0	0
Oct 31, 2021	29706	32	0	0
Nov 01, 2021	28860	26	0	0
Nov 02, 2021	28223	27	0	0
Nov 03, 2021	27584	25	0	0
Nov 04, 2021	26874	23	0	0
Nov 05, 2021	26133	26	0	0
Nov 06, 2021	25163	22	0	0
Nov 07, 2021	24657	25	0	0
Nov 08, 2021	24340	28	0	0
Nov 09, 2021	23905	27	0	0
Nov 10, 2021	23183	16	0	0
Nov 11, 2021	22604	30	0	0
Nov 12, 2021	22018	26	0	0
Nov 13, 2021	21222	12	0	0
Nov 14, 2021	20687	20	0	0
Nov 15, 2021	20153	33	0	0
Nov 16, 2021	19761	26	0	0
Nov 17, 2021	19368	18	0	0
Nov 18, 2021	18783	27	0	0
Nov 19, 2021	18335	21	0	0
Nov 20, 2021	17883	14	0	0
Nov 21, 2021	17739	23	0	0
Nov 22, 2021	17266	21	0	0
Nov 23, 2021	16804	26	0	0
Nov 24, 2021	16190	13	0	0
Nov 25, 2021	15728	23	0	0
Nov 26, 2021	15144	17	0	0
Nov 27, 2021	14334	7	0	0
Nov 28, 2021	13530	21	0	0
Nov 29, 2021	12975	14	0	0
Nov 30, 2021	12331	13	0	0
Dec 01, 2021	11993	24	0	0
Dec 02, 2021	11649	15	0	0
Dec 03, 2021	11270	8	0	0
Dec 04, 2021	10822	6	0	0
Dec 05, 2021	10428	12	0	0
Dec 06, 2021	10098	18	0	0
Dec 07, 2021	9755	16	0	0
Dec 08, 2021	9605	12	0	0
Dec 09, 2021	9341	12	0	0
Dec 10, 2021	9207	16	0	0
Dec 11, 2021	8836	6	0	0
Dec 12, 2021	8405	13	0	0
Dec 13, 2021	8128	16	0	0
Dec 14, 2021	7893	13	0	0
Dec 15, 2021	7736	10	0	0
Dec 16, 2021	7333	13	0	0
Dec 17, 2021	6990	12	0	0
Dec 18, 2021	6683	9	0	0
Dec 19, 2021	6551	12	0	0
Dec 20, 2021	6357	11	0	0
Dec 21, 2021	6224	13	0	0
Dec 22, 2021	6068	8	0	0
Dec 23, 2021	5945	13	0	0
Dec 24, 2021	5794	7	0	0
Dec 25, 2021	5542	7	0	0
Dec 26, 2021	5371	8	0	0
Dec 27, 2021	5093	9	0	0
Dec 28, 2021	4921	7	0	0
Dec 29, 2021	4814	5	0	0
Dec 30, 2021	4755	3	0	0
Dec 31, 2021	4612	4	0	0
Jan 01, 2022	4520	5	0	0
Jan 02, 2022	4496	4	0	0
Jan 03, 2022	4452	7	0	0
Jan 04, 2022	4436	8	0	0
Jan 05, 2022	4623	9	0	0
Jan 06, 2022	4941	3	0	0
Jan 07, 2022	5338	4	0	0
Jan 08, 2022	5472	2	0	0
Jan 09, 2022	5951	7	0	0
Jan 10, 2022	7004	5	0	0
Jan 11, 2022	8222	8	0	0
Jan 12, 2022	9973	5	0	0
Jan 13, 2022	11984	4	0	0
Jan 14, 2022	14845	8	0	0
Jan 15, 2022	16982	5	0	0
Jan 16, 2022	20176	5	0	0
Jan 17, 2022	24055	5	0	0
Jan 18, 2022	29884	10	0	0
Jan 19, 2022	35395	5	0	0
Jan 20, 2022	40272	5	0	0
Jan 21, 2022	45427	5	0	0
Jan 22, 2022	48601	6	0	0
Jan 23, 2022	51528	4	0	0
Jan 24, 2022	54515	13	0	0
Jan 25, 2022	59174	9	0	0
Jan 26, 2022	64117	10	0	0
Jan 27, 2022	68257	11	0	0
Jan 28, 2022	72235	17	0	0
Jan 29, 2022	74086	14	0	0
Jan 30, 2022	73996	15	0	0
Jan 31, 2022	75441	13	0	0
Feb 01, 2022	76776	16	0	0
Feb 02, 2022	78711	25	0	0
Feb 03, 2022	79382	25	0	0
Feb 04, 2022	78618	21	0	0
Feb 05, 2022	77989	23	0	0
Feb 06, 2022	76302	17	0	0
Feb 07, 2022	74679	27	0	0
Feb 08, 2022	72912	27	0	0
Feb 09, 2022	71563	30	0	0
Feb 10, 2022	70253	26	0	0
Feb 11, 2022	68282	29	0	0
Feb 12, 2022	65950	23	0	0
Feb 13, 2022	62732	26	0	0
Feb 14, 2022	59547	25	0	0
Feb 15, 2022	56558	35	0	0
Feb 16, 2022	54599	28	0	0
Feb 17, 2022	52964	32	0	0
Feb 18, 2022	50840	16	0	0
Feb 19, 2022	48395	11	0	0
Feb 20, 2022	45607	7	0	0
Feb 21, 2022	43848	18	0	0
Feb 22, 2022	42035	21	0	0
Feb 23, 2022	40788	20	0	0
Feb 24, 2022	39667	14	0	0
Feb 25, 2022	38594	17	0	0
Feb 26, 2022	37228	12	0	0
Feb 27, 2022	35614	15	0	0
Feb 28, 2022	34160	14	0	0
Mar 01, 2022	32344	10	0	0
Mar 02, 2022	31254	14	0	0
Mar 03, 2022	30160	15	0	0
Mar 04, 2022	29304	6	0	0
Mar 05, 2022	28348	7	0	0
Mar 06, 2022	27439	9	0	0
Mar 07, 2022	26352	18	0	0
Mar 08, 2022	25672	8	0	0
Mar 09, 2022	24624	6	0	0
Mar 10, 2022	24026	8	0	0
Mar 11, 2022	23147	4	0	0
Mar 12, 2022	22387	3	0	0
Mar 13, 2022	21480	2	0	0
Mar 14, 2022	20842	6	0	0
Mar 15, 2022	20065	4	0	0
Mar 16, 2022	19678	7	0	0
Mar 17, 2022	19206	3	0	0
Mar 18, 2022	18652	5	0	0
Mar 19, 2022	18201	3	0	0
Mar 20, 2022	17507	2	0	0
Mar 21, 2022	16810	2	0	0
Mar 22, 2022	16012	1	0	0
Mar 23, 2022	15505	2	0	0
Mar 24, 2022	14865	4	0	0
Mar 25, 2022	14482	7	0	0
Mar 26, 2022	13872	4	0	0
Mar 27, 2022	13218	1	0	0
Mar 28, 2022	12870	6	0	0
Mar 29, 2022	12553	4	0	0
Mar 30, 2022	12357	3	0	0
Mar 31, 2022	12119	1	0	0
Apr 01, 2022	11774	3	0	0
Apr 02, 2022	11419	3	0	0
Apr 03, 2022	10842	3	0	0
Apr 04, 2022	10416	4	0	0
Apr 05, 2022	9996	1	0	0
Apr 06, 2022	9683	1	0	0
Apr 07, 2022	9271	2	0	0
Apr 08, 2022	8922	2	0	0
Apr 09, 2022	8586	0	0	0
Apr 10, 2022	8165	2	0	0
Apr 11, 2022	7694	1	0	0
Apr 12, 2022	7279	0	0	0
Apr 13, 2022	6927	2	0	0
Apr 14, 2022	6467	4	0	0
Apr 15, 2022	6081	5	0	0
Apr 16, 2022	5585	1	0	0
Apr 17, 2022	5131	0	0	0
Apr 18, 2022	4659	0	0	0
Apr 19, 2022	4290	2	0	0
Apr 20, 2022	3941	1	0	0
Apr 21, 2022	3604	0	0	0
Apr 22, 2022	3250	2	0	0
Apr 23, 2022	2990	1	0	0
Apr 24, 2022	2748	1	0	0
Apr 25, 2022	2629	2	0	0
Apr 26, 2022	2499	1	0	0
Apr 27, 2022	2428	0	0	0
Apr 28, 2022	2335	1	0	0
Apr 29, 2022	2225	2	0	0
Apr 30, 2022	2134	0	0	0
May 01, 2022	2008	0	0	0
May 02, 2022	1862	0	0	0
May 03, 2022	1683	1	0	0
May 04, 2022	1569	0	0	0
May 05, 2022	1468	0	0	0
May 06, 2022	1388	1	0	0
May 07, 2022	1314	0	0	0
May 08, 2022	1260	0	0	0
May 09, 2022	1200	1	0	0
May 10, 2022	1205	1	0	0
May 11, 2022	1246	0	0	0
May 12, 2022	1278	1	0	0
May 13, 2022	1276	0	0	0
May 14, 2022	1257	0	0	0
May 15, 2022	1257	0	0	0
May 16, 2022	1257	0	0	0
May 17, 2022	1274	0	0	0
May 18, 2022	1255	0	0	0
May 19, 2022	1238	0	0	0
May 20, 2022	1265	0	0	0
May 21, 2022	1222	0	0	0
May 22, 2022	1134	0	0	0
May 23, 2022	1108	2	0	0
May 24, 2022	1086	0	0	0
May 25, 2022	1030	0	0	0
May 26, 2022	1025	0	0	0
May 27, 2022	1025	1	0	0
May 28, 2022	1008	0	0	0
May 29, 2022	974	0	0	0
May 30, 2022	984	0	0	0
May 31, 2022	1011	0	0	0
Jun 01, 2022	1006	0	0	0
Jun 02, 2022	1010	0	0	0
Jun 03, 2022	1024	1	0	0
Jun 04, 2022	1040	0	0	0
Jun 05, 2022	1027	1	0	0
Jun 06, 2022	1046	0	0	0
Jun 07, 2022	1111	0	0	0
Jun 08, 2022	1152	0	0	0
Jun 09, 2022	1237	0	0	0
Jun 10, 2022	1330	0	0	0
Jun 11, 2022	1381	1	0	0
Jun 12, 2022	1380	0	0	0
Jun 13, 2022	1469	1	0	0
Jun 14, 2022	1658	1	0	0
Jun 15, 2022	1859	1	0	0
Jun 16, 2022	2146	0	0	0
Jun 17, 2022	2307	1	0	0
Jun 18, 2022	2495	2	0	0
Jun 19, 2022	2617	0	0	0
Jun 20, 2022	2906	1	0	0
Jun 21, 2022	3418	0	0	0
Jun 22, 2022	4138	0	0	0
Jun 23, 2022	4950	0	0	0
Jun 24, 2022	6017	0	0	0
Jun 25, 2022	7081	0	0	0
Jun 26, 2022	7725	2	0	0
Jun 27, 2022	9141	2	0	0
Jun 28, 2022	10755	4	0	0
Jun 29, 2022	12706	2	0	0
Jun 30, 2022	14662	2	0	0
Jul 01, 2022	16893	1	0	0
Jul 02, 2022	18345	1	0	0
Jul 03, 2022	19723	0	0	0
Jul 04, 2022	21856	4	0	0
Jul 05, 2022	25128	0	0	0
Jul 06, 2022	28725	2	0	0
Jul 07, 2022	31925	4	0	0
Jul 08, 2022	34996	0	0	0
Jul 09, 2022	36447	0	0	0
Jul 10, 2022	36436	1	0	0
Jul 11, 2022	36815	1	0	0
Jul 12, 2022	35841	2	0	0
Jul 13, 2022	36121	2	0	0
Jul 14, 2022	35998	2	0	0
Jul 15, 2022	35994	2	0	0
Jul 16, 2022	35031	4	0	0
Jul 17, 2022	34297	3	0	0
Jul 18, 2022	34067	3	0	0
Jul 19, 2022	34370	1	0	0
Jul 20, 2022	35141	3	0	0
Jul 21, 2022	36016	3	0	0
Jul 22, 2022	36793	4	0	0
Jul 23, 2022	36138	2	0	0
Jul 24, 2022	35418	4	0	0
Jul 25, 2022	35482	3	0	0
Jul 26, 2022	34567	4	0	0
Jul 27, 2022	34575	7	0	0
Jul 28, 2022	33614	4	0	0
Jul 29, 2022	32320	3	0	0
Jul 30, 2022	30753	2	0	0
Jul 31, 2022	28562	2	0	0
Aug 01, 2022	26140	1	0	0
Aug 02, 2022	24607	2	0	0
Aug 03, 2022	23449	3	0	0
Aug 04, 2022	22125	1	0	0
Aug 05, 2022	19890	1	0	0
Aug 06, 2022	18128	2	0	0
Aug 07, 2022	16200	1	0	0
Aug 08, 2022	15058	2	0	0
Aug 09, 2022	13916	2	0	0
Aug 10, 2022	12774	2	0	0
Aug 11, 2022	11633	1	0	0
Aug 12, 2022	10492	1	0	0
Aug 13, 2022	9350	2	0	0
Aug 14, 2022	8209	2	0	0
Aug 15, 2022	8209	0	0	0
Aug 16, 2022	8209	0	0	0
Aug 17, 2022	8209	0	0	0
Aug 18, 2022	8209	0	0	0
Aug 19, 2022	8209	0	0	0
Aug 20, 2022	8209	0	0	0
Aug 21, 2022	8209	0	0	0
Aug 22, 2022	4388	5	0	0
Aug 23, 2022	4388	0	0	0
Aug 24, 2022	4388	0	0	0
Aug 25, 2022	4388	0	0	0
Aug 26, 2022	4388	0	0	0
Aug 27, 2022	4388	0	0	0
Aug 28, 2022	4388	0	0	0
Aug 29, 2022	2563	3	0	0
Aug 30, 2022	2563	0	0	0
Aug 31, 2022	2563	0	0	0
Sep 01, 2022	2563	0	0	0
Sep 02, 2022	2563	0	0	0
Sep 03, 2022	2563	0	0	0
Sep 04, 2022	1504	2	0	0
Sep 05, 2022	1504	0	0	0
Sep 06, 2022	1504	0	0	0
Sep 07, 2022	1504	0	0	0
Sep 08, 2022	1504	0	0	0
Sep 09, 2022	1504	0	0	0
Sep 10, 2022	1504	0	0	0
Sep 11, 2022	1504	0	0	0
Sep 12, 2022	1504	0	0	0
Sep 13, 2022	1504	0	0	0
Sep 14, 2022	1504	0	0	0
Sep 15, 2022	1504	0	0	0
Sep 16, 2022	1504	0	0	0
Sep 17, 2022	1504	0	0	0
Sep 18, 2022	1504	0	0	0
Sep 19, 2022	1504	0	0	0
Sep 20, 2022	698	4	0	0
Sep 21, 2022	698	0	0	0
Sep 22, 2022	698	0	0	0
Sep 23, 2022	698	0	0	0
Sep 24, 2022	698	0	0	0
Sep 25, 2022	698	0	0	0
Sep 26, 2022	923	3	0	0
Sep 27, 2022	923	0	0	0
Sep 28, 2022	923	0	0	0
Sep 29, 2022	923	0	0	0
Sep 30, 2022	923	0	0	0
Oct 01, 2022	923	0	0	0
Oct 02, 2022	923	0	0	0
Oct 03, 2022	838	1	0	0
Oct 04, 2022	838	0	0	0
Oct 05, 2022	838	0	0	0
Oct 06, 2022	838	0	0	0
Oct 07, 2022	838	0	0	0
Oct 08, 2022	838	0	0	0
Oct 09, 2022	838	0	0	0
Oct 10, 2022	464	0	0	0
Oct 11, 2022	464	0	0	0
Oct 12, 2022	464	0	0	0
Oct 13, 2022	464	0	0	0
Oct 14, 2022	464	0	0	0
Oct 15, 2022	464	0	0	0
Oct 16, 2022	464	0	0	0
Oct 17, 2022	464	0	0	0
Oct 18, 2022	464	0	0	0
Oct 19, 2022	464	0	0	0
Oct 20, 2022	464	0	0	0
Oct 21, 2022	464	0	0	0
Oct 22, 2022	464	0	0	0
Oct 23, 2022	464	0	0	0
Oct 24, 2022	301	2	0	0
Oct 25, 2022	301	0	0	0
Oct 26, 2022	301	0	0	0
Oct 27, 2022	301	0	0	0
Oct 28, 2022	301	0	0	0
Oct 29, 2022	301	0	0	0
Oct 30, 2022	301	0	0	0
Oct 31, 2022	361	0	0	0
Nov 01, 2022	361	0	0	0
Nov 02, 2022	361	0	0	0
Nov 03, 2022	361	0	0	0
Nov 04, 2022	361	0	0	0
Nov 05, 2022	361	0	0	0
Nov 06, 2022	361	0	0	0
Nov 07, 2022	497	3	0	0
Nov 08, 2022	497	0	0	0
Nov 09, 2022	497	0	0	0
Nov 10, 2022	497	0	0	0
Nov 11, 2022	497	0	0	0
Nov 12, 2022	497	0	0	0
Nov 13, 2022	497	0	0	0
Nov 14, 2022	648	0	0	0
Nov 15, 2022	648	0	0	0
Nov 16, 2022	648	0	0	0
Nov 17, 2022	648	0	0	0
Nov 18, 2022	648	0	0	0
Nov 19, 2022	648	0	0	0
Nov 20, 2022	648	0	0	0
Nov 21, 2022	963	2	0	0
Nov 22, 2022	963	0	0	0
Nov 23, 2022	963	0	0	0
Nov 24, 2022	963	0	0	0
Nov 25, 2022	963	0	0	0
Nov 26, 2022	963	0	0	0
Nov 27, 2022	963	0	0	0
Nov 28, 2022	1211	1	0	0
Nov 29, 2022	1211	0	0	0
Nov 30, 2022	1211	0	0	0
Dec 01, 2022	1211	0	0	0
Dec 02, 2022	1211	0	0	0
Dec 03, 2022	1211	0	0	0
Dec 04, 2022	1211	0	0	0
Dec 05, 2022	1046	2	0	0
Dec 06, 2022	1046	0	0	0
Dec 07, 2022	1046	0	0	0
Dec 08, 2022	1046	0	0	0
Dec 09, 2022	1046	0	0	0
Dec 10, 2022	1046	0	0	0
Dec 11, 2022	1046	0	0	0
Dec 12, 2022	905	3	0	0
Dec 13, 2022	905	0	0	0
Dec 14, 2022	905	0	0	0
Dec 15, 2022	905	0	0	0
Dec 16, 2022	905	0	0	0
Dec 17, 2022	905	0	0	0
Dec 18, 2022	905	0	0	0
Dec 19, 2022	655	4	0	0
Dec 20, 2022	655	0	0	0
Dec 21, 2022	655	0	0	0
Dec 22, 2022	655	0	0	0
Dec 23, 2022	655	0	0	0
Dec 24, 2022	655	0	0	0
Dec 25, 2022	655	0	0	0
Dec 26, 2022	519	1	0	0
Dec 27, 2022	519	0	0	0
Dec 28, 2022	519	0	0	0
Dec 29, 2022	519	0	0	0
Dec 30, 2022	519	0	0	0
Dec 31, 2022	519	0	0	0
Jan 01, 2023	519	0	0	0
Jan 02, 2023	673	1	0	0
Jan 03, 2023	673	0	0	0
Jan 04, 2023	673	0	0	0
Jan 05, 2023	673	0	0	0
Jan 06, 2023	673	0	0	0
Jan 07, 2023	673	0	0	0
Jan 08, 2023	673	0	0	0
Jan 09, 2023	673	0	0	0
Jan 10, 2023	673	0	0	0
Jan 11, 2023	673	0	0	0
Jan 12, 2023	673	0	0	0
Jan 13, 2023	673	0	0	0
Jan 14, 2023	673	0	0	0
Jan 15, 2023	673	0	0	0
Jan 16, 2023	673	0	0	0
Jan 17, 2023	673	0	0	0
Jan 18, 2023	673	0	0	0
Jan 19, 2023	673	0	0	0
Jan 20, 2023	673	0	0	0
Jan 21, 2023	673	0	0	0
Jan 22, 2023	673	0	0	0
Jan 23, 2023	673	0	0	0
Jan 24, 2023	673	0	0	0
Jan 25, 2023	673	0	0	0
Jan 26, 2023	673	0	0	0
Jan 27, 2023	673	0	0	0
Jan 28, 2023	673	0	0	0
Jan 29, 2023	673	0	0	0
Jan 30, 2023	673	0	0	0
Jan 31, 2023	673	0	0	0
Feb 01, 2023	673	0	0	0
Feb 02, 2023	673	0	0	0
Feb 03, 2023	673	0	0	0
Feb 04, 2023	673	0	0	0
Feb 05, 2023	673	0	0	0
Feb 06, 2023	673	0	0	0
Feb 07, 2023	673	0	0	0
Feb 08, 2023	673	0	0	0
Feb 09, 2023	673	0	0	0
Feb 10, 2023	673	0	0	0
Feb 11, 2023	673	0	0	0
Feb 12, 2023	673	0	0	0
Feb 13, 2023	673	0	0	0
Feb 14, 2023	673	0	0	0
Feb 15, 2023	673	0	0	0
Feb 16, 2023	673	0	0	0
Feb 17, 2023	673	0	0	0
Feb 18, 2023	673	0	0	0
Feb 19, 2023	673	0	0	0
Feb 20, 2023	673	0	0	0
Feb 21, 2023	673	0	0	0
Feb 22, 2023	673	0	0	0
Feb 23, 2023	673	0	0	0
Feb 24, 2023	673	0	0	0
Feb 25, 2023	673	0	0	0
Feb 26, 2023	673	0	0	0
Feb 27, 2023	673	0	0	0
Feb 28, 2023	673	0	0	0
Mar 01, 2023	673	0	0	0
Mar 02, 2023	673	0	0	0
Mar 03, 2023	673	0	0	0
Mar 04, 2023	673	0	0	0
Mar 05, 2023	673	0	0	0
Mar 06, 2023	673	0	0	0
Mar 07, 2023	673	0	0	0
Mar 08, 2023	673	0	0	0
Mar 09, 2023	673	0	0	0
Mar 10, 2023	673	0	0	0
Mar 11, 2023	673	0	0	0
Mar 12, 2023	673	0	0	0
Mar 13, 2023	673	0	0	0
Mar 14, 2023	673	0	0	0
Mar 15, 2023	673	0	0	0
Mar 16, 2023	673	0	0	0
Mar 17, 2023	673	0	0	0
Mar 18, 2023	673	0	0	0
Mar 19, 2023	673	0	0	0
Mar 20, 2023	673	0	0	0
Mar 21, 2023	673	0	0	0
Mar 22, 2023	673	0	0	0
Mar 23, 2023	673	0	0	0
Mar 24, 2023	673	0	0	0
Mar 25, 2023	673	0	0	0
Mar 26, 2023	673	0	0	0
Mar 27, 2023	673	0	0	0
Mar 28, 2023	673	0	0	0
Mar 29, 2023	673	0	0	0
Mar 30, 2023	673	0	0	0
Mar 31, 2023	673	0	0	0
Apr 01, 2023	673	0	0	0
Apr 02, 2023	673	0	0	0
Apr 03, 2023	673	0	0	0
Apr 04, 2023	673	0	0	0
Apr 05, 2023	673	0	0	0
Apr 06, 2023	673	0	0	0
Apr 07, 2023	673	0	0	0
Apr 08, 2023	673	0	0	0
Apr 09, 2023	673	0	0	0
Apr 10, 2023	673	0	0	0
Apr 11, 2023	673	0	0	0
Apr 12, 2023	673	0	0	0
Apr 13, 2023	673	0	0	0
Apr 14, 2023	673	0	0	0
Apr 15, 2023	673	0	0	0
Apr 16, 2023	673	0	0	0
Apr 17, 2023	673	0	0	0
Apr 18, 2023	673	0	0	0
Apr 19, 2023	673	0	0	0
Apr 20, 2023	673	0	0	0
Apr 21, 2023	673	0	0	0
Apr 22, 2023	673	0	0	0
Apr 23, 2023	673	0	0	0
Apr 24, 2023	673	0	0	0
Apr 25, 2023	673	0	0	0
Apr 26, 2023	673	0	0	0
Apr 27, 2023	673	0	0	0
Apr 28, 2023	673	0	0	0
Apr 29, 2023	673	0	0	0
Apr 30, 2023	673	0	0	0
May 01, 2023	673	0	0	0
May 02, 2023	673	0	0	0
May 03, 2023	673	0	0	0
May 04, 2023	673	0	0	0
May 05, 2023	673	0	0	0
May 06, 2023	673	0	0	0
May 07, 2023	673	0	0	0
May 08, 2023	673	0	0	0
May 09, 2023	673	0	0	0
May 10, 2023	673	0	0	0
May 11, 2023	673	0	0	0
May 12, 2023	673	0	0	0
May 13, 2023	673	0	0	0
May 14, 2023	673	0	0	0
May 15, 2023	673	0	0	0
May 16, 2023	673	0	0	0
May 17, 2023	673	0	0	0
May 18, 2023	673	0	0	0
May 19, 2023	673	0	0	0
May 20, 2023	673	0	0	0
May 21, 2023	673	0	0	0
May 22, 2023	673	0	0	0
May 23, 2023	673	0	0	0
May 24, 2023	673	0	0	0
May 25, 2023	673	0	0	0
May 26, 2023	673	0	0	0
May 27, 2023	673	0	0	0
May 28, 2023	673	0	0	0
May 29, 2023	673	0	0	0
May 30, 2023	673	0	0	0
May 31, 2023	673	0	0	0
Jun 01, 2023	673	0	0	0
Jun 02, 2023	673	0	0	0
Jun 03, 2023	673	0	0	0
Jun 04, 2023	673	0	0	0
Jun 05, 2023	673	0	0	0
Jun 06, 2023	673	0	0	0
Jun 07, 2023	673	0	0	0
Jun 08, 2023	673	0	0	0
Jun 09, 2023	673	0	0	0
Jun 10, 2023	673	0	0	0
Jun 11, 2023	673	0	0	0
Jun 12, 2023	673	0	0	0
Jun 13, 2023	673	0	0	0
Jun 14, 2023	673	0	0	0
Jun 15, 2023	673	0	0	0
Jun 16, 2023	673	0	0	0
Jun 17, 2023	673	0	0	0
Jun 18, 2023	673	0	0	0
Jun 19, 2023	673	0	0	0
Jun 20, 2023	673	0	0	0
Jun 21, 2023	673	0	0	0
Jun 22, 2023	673	0	0	0
Jun 23, 2023	673	0	0	0
Jun 24, 2023	673	0	0	0
Jun 25, 2023	673	0	0	0
Jun 26, 2023	673	0	0	0
Jun 27, 2023	673	0	0	0
Jun 28, 2023	673	0	0	0
Jun 29, 2023	673	0	0	0
Jun 30, 2023	673	0	0	0
Jul 01, 2023	673	0	0	0
Jul 02, 2023	673	0	0	0
Jul 03, 2023	673	0	0	0
Jul 04, 2023	673	0	0	0
Jul 05, 2023	673	0	0	0
Jul 06, 2023	673	0	0	0
Jul 07, 2023	673	0	0	0
Jul 08, 2023	673	0	0	0
Jul 09, 2023	673	0	0	0
Jul 10, 2023	673	0	0	0
Jul 11, 2023	673	0	0	0
Jul 12, 2023	673	0	0	0
Jul 13, 2023	673	0	0	0
Jul 14, 2023	673	0	0	0
Jul 15, 2023	673	0	0	0
Jul 16, 2023	673	0	0	0
Jul 17, 2023	673	0	0	0
Jul 18, 2023	673	0	0	0
Jul 19, 2023	673	0	0	0
Jul 20, 2023	673	0	0	0
Jul 21, 2023	673	0	0	0
Jul 22, 2023	673	0	0	0
Jul 23, 2023	673	0	0	0
Jul 24, 2023	673	0	0	0
Jul 25, 2023	673	0	0	0
Jul 26, 2023	673	0	0	0
Jul 27, 2023	673	0	0	0
Jul 28, 2023	673	0	0	0
Jul 29, 2023	673	0	0	0
Jul 30, 2023	673	0	0	0
Jul 31, 2023	673	0	0	0
Aug 01, 2023	673	0	0	0
Aug 02, 2023	673	0	0	0
Aug 03, 2023	673	0	0	0
Aug 04, 2023	673	0	0	0
Aug 05, 2023	673	0	0	0
Aug 06, 2023	673	0	0	0
Aug 07, 2023	673	0	0	0
Aug 08, 2023	673	0	0	0
Aug 09, 2023	673	0	0	0
Aug 10, 2023	673	0	0	0
Aug 11, 2023	673	0	0	0
Aug 12, 2023	673	0	0	0
Aug 13, 2023	673	0	0	0
Aug 14, 2023	673	0	0	0
Aug 15, 2023	673	0	0	0
Aug 16, 2023	673	0	0	0
Aug 17, 2023	673	0	0	0
Aug 18, 2023	673	0	0	0
Aug 19, 2023	673	0	0	0
Aug 20, 2023	673	0	0	0
Aug 21, 2023	673	0	0	0
Aug 22, 2023	673	0	0	0
Aug 23, 2023	673	0	0	0
Aug 24, 2023	673	0	0	0
Aug 25, 2023	673	0	0	0
Aug 26, 2023	673	0	0	0
Aug 27, 2023	673	0	0	0
Aug 28, 2023	673	0	0	0
Aug 29, 2023	673	0	0	0
Aug 30, 2023	673	0	0	0
Aug 31, 2023	673	0	0	0
Sep 01, 2023	673	0	0	0
Sep 02, 2023	673	0	0	0
Sep 03, 2023	673	0	0	0
Sep 04, 2023	673	0	0	0
Sep 05, 2023	673	0	0	0
Sep 06, 2023	673	0	0	0
Sep 07, 2023	673	0	0	0
Sep 08, 2023	673	0	0	0
Sep 09, 2023	673	0	0	0
Sep 10, 2023	673	0	0	0
Sep 11, 2023	673	0	0	0
Sep 12, 2023	673	0	0	0
Sep 13, 2023	673	0	0	0
Sep 14, 2023	673	0	0	0
Sep 15, 2023	673	0	0	0
Sep 16, 2023	673	0	0	0
Sep 17, 2023	673	0	0	0
Sep 18, 2023	673	0	0	0
Sep 19, 2023	673	0	0	0
Sep 20, 2023	673	0	0	0
Sep 21, 2023	673	0	0	0
Sep 22, 2023	673	0	0	0
Sep 23, 2023	673	0	0	0
Sep 24, 2023	673	0	0	0
Sep 25, 2023	673	0	0	0
Sep 26, 2023	673	0	0	0
Sep 27, 2023	673	0	0	0
Sep 28, 2023	673	0	0	0
Sep 29, 2023	673	0	0	0
Sep 30, 2023	673	0	0	0
Oct 01, 2023	673	0	0	0
Oct 02, 2023	673	0	0	0
Oct 03, 2023	673	0	0	0
Oct 04, 2023	673	0	0	0
Oct 05, 2023	673	0	0	0
Oct 06, 2023	673	0	0	0
Oct 07, 2023	673	0	0	0
Oct 08, 2023	673	0	0	0
Oct 09, 2023	673	0	0	0
Oct 10, 2023	673	0	0	0
Oct 11, 2023	673	0	0	0
Oct 12, 2023	673	0	0	0
Oct 13, 2023	673	0	0	0
Oct 14, 2023	673	0	0	0
Oct 15, 2023	673	0	0	0
Oct 16, 2023	673	0	0	0
Oct 17, 2023	673	0	0	0
Oct 18, 2023	673	0	0	0
Oct 19, 2023	673	0	0	0
Oct 20, 2023	673	0	0	0
Oct 21, 2023	673	0	0	0
Oct 22, 2023	673	0	0	0
Oct 23, 2023	673	0	0	0
Oct 24, 2023	673	0	0	0
Oct 25, 2023	673	0	0	0
Oct 26, 2023	673	0	0	0
Oct 27, 2023	673	0	0	0
Oct 28, 2023	673	0	0	0
Oct 29, 2023	673	0	0	0
Oct 30, 2023	673	0	0	0
Oct 31, 2023	673	0	0	0
Nov 01, 2023	673	0	0	0
Nov 02, 2023	673	0	0	0
Nov 03, 2023	673	0	0	0
Nov 04, 2023	673	0	0	0
Nov 05, 2023	673	0	0	0
Nov 06, 2023	673	0	0	0
Nov 07, 2023	673	0	0	0
Nov 08, 2023	673	0	0	0
Nov 09, 2023	673	0	0	0
Nov 10, 2023	673	0	0	0
Nov 11, 2023	673	0	0	0
Nov 12, 2023	673	0	0	0
Nov 13, 2023	673	0	0	0
Nov 14, 2023	673	0	0	0
Nov 15, 2023	673	0	0	0
Nov 16, 2023	673	0	0	0
Nov 17, 2023	673	0	0	0
Nov 18, 2023	673	0	0	0
Nov 19, 2023	673	0	0	0
Nov 20, 2023	673	0	0	0
Nov 21, 2023	673	0	0	0
Nov 22, 2023	673	0	0	0
Nov 23, 2023	673	0	0	0
Nov 24, 2023	673	0	0	0
Nov 25, 2023	673	0	0	0
Nov 26, 2023	673	0	0	0
Nov 27, 2023	673	0	0	0
Nov 28, 2023	673	0	0	0
Nov 29, 2023	673	0	0	0
Nov 30, 2023	673	0	0	0
Dec 01, 2023	673	0	0	0
Dec 02, 2023	673	0	0	0
Dec 03, 2023	673	0	0	0
Dec 04, 2023	673	0	0	0
Dec 05, 2023	673	0	0	0
Dec 06, 2023	673	0	0	0
Dec 07, 2023	673	0	0	0
Dec 08, 2023	673	0	0	0
Dec 09, 2023	673	0	0	0
Dec 10, 2023	673	0	0	0
Dec 11, 2023	673	0	0	0
Dec 12, 2023	673	0	0	0
Dec 13, 2023	673	0	0	0
Dec 14, 2023	673	0	0	0
Dec 15, 2023	673	0	0	0
Dec 16, 2023	673	0	0	0
Dec 17, 2023	673	0	0	0
Dec 18, 2023	673	0	0	0
Dec 19, 2023	673	0	0	0
Dec 20, 2023	673	0	0	0
Dec 21, 2023	673	0	0	0
Dec 22, 2023	673	0	0	0
Dec 23, 2023	673	0	0	0
Dec 24, 2023	673	0	0	0
Dec 25, 2023	673	0	0	0
Dec 26, 2023	673	0	0	0
Dec 27, 2023	673	0	0	0
Dec 28, 2023	673	0	0	0
Dec 29, 2023	673	0	0	0
Dec 30, 2023	673	0	0	0
Dec 31, 2023	673	0	0	0
Jan 01, 2024	673	0	0	0
Jan 02, 2024	673	0	0	0
Jan 03, 2024	673	0	0	0
Jan 04, 2024	673	0	0	0
Jan 05, 2024	673	0	0	0
Jan 06, 2024	673	0	0	0
Jan 07, 2024	673	0	0	0
Jan 08, 2024	673	0	0	0
Jan 09, 2024	673	0	0	0
Jan 10, 2024	673	0	0	0
Jan 11, 2024	673	0	0	0
Jan 12, 2024	673	0	0	0
Jan 13, 2024	673	0	0	0
Jan 14, 2024	673	0	0	0
Jan 15, 2024	673	0	0	0
Jan 16, 2024	673	0	0	0
Jan 17, 2024	673	0	0	0
Jan 18, 2024	673	0	0	0
Jan 19, 2024	673	0	0	0
Jan 20, 2024	673	0	0	0
Jan 21, 2024	673	0	0	0
Jan 22, 2024	673	0	0	0
Jan 23, 2024	673	0	0	0
Jan 24, 2024	673	0	0	0
Jan 25, 2024	673	0	0	0
Jan 26, 2024	673	0	0	0
Jan 27, 2024	673	0	0	0
Jan 28, 2024	673	0	0	0
Jan 29, 2024	673	0	0	0
Jan 30, 2024	673	0	0	0
Jan 31, 2024	673	0	0	0
Feb 01, 2024	673	0	0	0
Feb 02, 2024	673	0	0	0
Feb 03, 2024	673	0	0	0
Feb 04, 2024	673	0	0	0
Feb 05, 2024	673	0	0	0
Feb 06, 2024	673	0	0	0
Feb 07, 2024	673	0	0	0
Feb 08, 2024	673	0	0	0
Feb 09, 2024	673	0	0	0
Feb 10, 2024	673	0	0	0
Feb 11, 2024	673	0	0	0
Feb 12, 2024	673	0	0	0
Feb 13, 2024	673	0	0	0
Feb 14, 2024	673	0	0	0
Feb 15, 2024	673	0	0	0
Feb 16, 2024	673	0	0	0
Feb 17, 2024	673	0	0	0
Feb 18, 2024	673	0	0	0
Feb 19, 2024	673	0	0	0
Feb 20, 2024	673	0	0	0
Feb 21, 2024	673	0	0	0
Feb 22, 2024	673	0	0	0
Feb 23, 2024	673	0	0	0
Feb 24, 2024	673	0	0	0
Feb 25, 2024	673	0	0	0
Feb 26, 2024	673	0	0	0
Feb 27, 2024	673	0	0	0
Feb 28, 2024	673	0	0	0
Feb 29, 2024	673	0	0	0
Mar 01, 2024	673	0	0	0
Mar 02, 2024	673	0	0	0
Mar 03, 2024	673	0	0	0
Mar 04, 2024	673	0	0	0
Mar 05, 2024	673	0	0	0
Mar 06, 2024	673	0	0	0
Mar 07, 2024	673	0	0	0
Mar 08, 2024	673	0	0	0
Mar 09, 2024	673	0	0	0
Mar 10, 2024	673	0	0	0
Mar 11, 2024	673	0	0	0
Mar 12, 2024	673	0	0	0
Mar 13, 2024	673	0	0	0
Mar 14, 2024	673	0	0	0
Mar 15, 2024	673	0	0	0
Mar 16, 2024	673	0	0	0
Mar 17, 2024	673	0	0	0
Mar 18, 2024	673	0	0	0
Mar 19, 2024	673	0	0	0
Mar 20, 2024	673	0	0	0
Mar 21, 2024	673	0	0	0
Mar 22, 2024	673	0	0	0
Mar 23, 2024	673	0	0	0
