Feb 15, 2020	7	null	null	null
Feb 16, 2020	7	0	0	0
Feb 17, 2020	7	0	1	0
Feb 18, 2020	7	0	2	0
Feb 19, 2020	7	0	0	0
Feb 20, 2020	6	0	0	0
Feb 21, 2020	7	0	0	0
Feb 22, 2020	7	0	3	0
Feb 23, 2020	7	0	0	0
Feb 24, 2020	8	0	1	0
Feb 25, 2020	8	0	0	2
Feb 26, 2020	8	0	0	4
Feb 27, 2020	9	0	0	19
Feb 28, 2020	12	0	0	18
Feb 29, 2020	12	0	1	39
Mar 01, 2020	13	0	0	27
Mar 02, 2020	18	0	0	56
Mar 03, 2020	21	0	0	20
Mar 04, 2020	21	0	0	67
Mar 05, 2020	30	0	0	126
Mar 06, 2020	34	0	0	209
Mar 07, 2020	38	5	0	269
Mar 08, 2020	47	3	0	236
Mar 09, 2020	51	11	0	185
Mar 10, 2020	84	3	0	338
Mar 11, 2020	103	15	0	452
Mar 12, 2020	125	13	0	540
Mar 13, 2020	159	18	0	714
Mar 14, 2020	188	12	0	761
Mar 15, 2020	228	36	0	840
Mar 16, 2020	301	21	0	1100
Mar 17, 2020	393	27	590	997
Mar 18, 2020	516	89	0	1277
Mar 19, 2020	648	108	693	1691
Mar 20, 2020	814	78	292	1469
Mar 21, 2020	1023	112	0	1678
Mar 22, 2020	1270	112	613	1417
Mar 23, 2020	1614	186	0	3488
Mar 24, 2020	2026	240	1081	2224
Mar 25, 2020	2442	231	619	2662
Mar 26, 2020	2947	365	1048	3564
Mar 27, 2020	3359	299	752	3462
Mar 28, 2020	3825	319	0	4191
Mar 29, 2020	4336	292	1502	2362
Mar 30, 2020	4853	418	725	3977
Mar 31, 2020	5543	498	1517	6887
Apr 01, 2020	6197	508	1491	4418
Apr 02, 2020	6833	1354	1493	1923
Apr 03, 2020	7374	1119	1580	4755
Apr 04, 2020	7744	1052	1430	3877
Apr 05, 2020	8220	517	745	1703
Apr 06, 2020	8543	832	1067	3555
Apr 07, 2020	8791	1416	2087	3432
Apr 08, 2020	9017	540	1917	3526
Apr 09, 2020	9238	1339	1952	3895
Apr 10, 2020	9460	986	1726	3946
Apr 11, 2020	9676	634	1459	2829
Apr 12, 2020	9963	561	795	1466
Apr 13, 2020	10113	574	532	2428
Apr 14, 2020	10213	761	1087	4996
Apr 15, 2020	10229	1437	2150	2393
Apr 16, 2020	10190	752	1857	2400
Apr 17, 2020	10122	760	1608	368
Apr 18, 2020	10150	641	1563	2335
Apr 19, 2020	10036	395	595	714
Apr 20, 2020	9879	546	831	1864
Apr 21, 2020	9776	530	1772	2423
Apr 22, 2020	9608	543	1476	1661
Apr 23, 2020	9550	515	1431	1502
Apr 24, 2020	9459	389	1405	1611
Apr 25, 2020	9240	369	1101	1397
Apr 26, 2020	8889	242	309	419
Apr 27, 2020	8545	436	610	3420
Apr 28, 2020	8137	367	1373	1381
Apr 29, 2020	7863	426	1342	1675
Apr 30, 2020	7574	289	1248	1061
May 01, 2020	7263	218	736	563
May 02, 2020	7039	166	350	740
May 03, 2020	6777	135	222	287
May 04, 2020	6572	306	587	537
May 05, 2020	6285	330	1365	1029
May 06, 2020	6088	278	1236	3898
May 07, 2020	5923	178	1055	586
May 08, 2020	5728	243	815	598
May 09, 2020	5654	80	4206	403
May 10, 2020	5511	70	4272	195
May 11, 2020	5218	263	2851	425
May 12, 2020	4980	348	1265	659
May 13, 2020	4839	83	2590	473
May 14, 2020	4618	351	5146	580
May 15, 2020	4470	104	2529	524
May 16, 2020	4370	96	2468	347
May 17, 2020	4231	146	77	112
May 18, 2020	3981	131	2361	459
May 19, 2020	3849	119	1002	489
May 20, 2020	3754	110	1941	389
May 21, 2020	3650	83	2584	296
May 22, 2020	3507	74	1753	366
May 23, 2020	3468	43	1610	233
May 24, 2020	3365	35	1738	107
May 25, 2020	3253	65	1267	334
May 26, 2020	3212	98	3800	257
May 27, 2020	3190	66	520	178
May 28, 2020	3153	66	532	3098
May 29, 2020	3227	52	351	556
May 30, 2020	3215	57	138	1703
May 31, 2020	3241	31	394	239
Jun 01, 2020	3271	31	628	315
Jun 02, 2020	3337	107	366	283
Jun 03, 2020	3405	81	499	330
Jun 04, 2020	3505	44	480	720
Jun 05, 2020	3594	46	301	573
Jun 06, 2020	3644	31	81	543
Jun 07, 2020	3740	13	446	322
Jun 08, 2020	3880	54	435	198
Jun 09, 2020	4007	87	302	378
Jun 10, 2020	4195	23	273	511
Jun 11, 2020	4332	27	339	399
Jun 12, 2020	4463	28	205	681
Jun 13, 2020	4570	24	83	494
Jun 14, 2020	4655	9	325	382
Jun 15, 2020	4767	29	228	143
Jun 16, 2020	5013	111	67	323
Jun 17, 2020	5234	28	3070	430
Jun 18, 2020	5487	28	528	438
Jun 19, 2020	5740	14	1689	761
Jun 20, 2020	5863	16	223	602
Jun 21, 2020	5988	7	308	267
Jun 22, 2020	6271	23	260	350
Jun 23, 2020	6637	57	273	485
Jun 24, 2020	7048	11	709	76
Jun 25, 2020	7484	21	552	0
Jun 26, 2020	7815	26	517	1490
Jun 27, 2020	8159	8	314	490
Jun 28, 2020	8401	9	189	490
Jun 29, 2020	8994	18	360	263
Jun 30, 2020	9655	30	481	508
Jul 01, 2020	10521	18	381	861
Jul 02, 2020	11550	14	667	618
Jul 03, 2020	12369	18	476	546
Jul 04, 2020	13109	7	375	526
Jul 05, 2020	13789	7	136	600
Jul 06, 2020	14714	13	310	165
Jul 07, 2020	15919	13	417	446
Jul 08, 2020	17017	32	406	622
Jul 09, 2020	18308	14	747	583
Jul 10, 2020	19499	25	577	617
Jul 11, 2020	20472	4	263	628
Jul 12, 2020	21365	3	347	627
Jul 13, 2020	22716	18	467	270
Jul 14, 2020	23996	71	5	480
Jul 15, 2020	25502	20	-20	390
Jul 16, 2020	26921	18	1472	501
Jul 17, 2020	28029	14	476	785
Jul 18, 2020	29019	9	481	812
Jul 19, 2020	29508	8	255	812
Jul 20, 2020	30757	8	500	328
Jul 21, 2020	32111	13	848	548
Jul 22, 2020	30429	7	611	937
Jul 23, 2020	25680	10	536	997
Jul 24, 2020	25906	10	516	1060
Jul 25, 2020	26421	4	596	956
Jul 26, 2020	24720	4	161	955
Jul 27, 2020	25003	9	437	482
Jul 28, 2020	25565	14	608	680
Jul 29, 2020	26113	15	568	1306
Jul 30, 2020	26204	16	601	1292
Jul 31, 2020	26254	11	617	1263
Aug 01, 2020	26328	3	624	0
Aug 02, 2020	24593	4	266	2646
Aug 03, 2020	24591	22	458	522
Aug 04, 2020	24660	2	388	975
Aug 05, 2020	24857	9	492	1591
Aug 06, 2020	24779	7	778	1505
Aug 07, 2020	25320	12	800	2147
Aug 08, 2020	25457	1	811	1910
Aug 09, 2020	24041	1	327	1909
Aug 10, 2020	24329	14	534	737
Aug 11, 2020	25156	14	923	1311
Aug 12, 2020	25622	17	980	2369
Aug 13, 2020	25942	17	1043	2505
Aug 14, 2020	26333	17	939	2671
Aug 15, 2020	26510	4	951	3106
Aug 16, 2020	25341	1	481	2829
Aug 17, 2020	25798	24	656	463
Aug 18, 2020	26318	17	1289	2100
Aug 19, 2020	26467	17	1275	3544
Aug 20, 2020	26509	12	1251	4477
Aug 21, 2020	26951	23	-23	4304
Aug 22, 2020	26988	9	2637	3380
Aug 23, 2020	25823	1	521	4596
Aug 24, 2020	26309	15	960	1835
Aug 25, 2020	27451	16	1575	3101
Aug 26, 2020	25786	0	1505	5095
Aug 27, 2020	26370	32	2115	5735
Aug 28, 2020	26359	20	1890	6925
Aug 29, 2020	26555	6	1903	5117
Aug 30, 2020	25382	4	733	5080
Aug 31, 2020	26061	29	1282	2892
Sep 01, 2020	27292	26	2343	4675
Sep 02, 2020	29075	25	2480	6585
Sep 03, 2020	29925	0	2671	6716
Sep 04, 2020	31345	0	3106	8423
Sep 05, 2020	31949	12	2817	8024
Sep 06, 2020	31716	3	460	6636
Sep 07, 2020	33491	25	2075	3944
Sep 08, 2020	35528	38	3506	6141
Sep 09, 2020	38041	30	4447	8049
Sep 10, 2020	40210	19	4285	9237
Sep 11, 2020	42389	80	3300	8827
Sep 12, 2020	43829	17	4579	9911
Sep 13, 2020	43715	6	1829	6741
Sep 14, 2020	46099	34	3067	5779
Sep 15, 2020	49344	49	5046	7369
Sep 16, 2020	51097	46	5689	9182
Sep 17, 2020	52746	50	6875	9941
Sep 18, 2020	55216	153	4964	12402
Sep 19, 2020	57559	26	5054	12667
Sep 20, 2020	57639	11	2881	9918
Sep 21, 2020	56824	53	4622	4972
Sep 22, 2020	60314	78	6507	9392
Sep 23, 2020	63620	43	6673	12267
Sep 24, 2020	67261	52	8371	15105
Sep 25, 2020	71486	150	7874	14825
Sep 26, 2020	74947	39	6597	13525
Sep 27, 2020	72669	27	3917	10438
Sep 28, 2020	71628	81	6060	3819
Sep 29, 2020	70798	85	7964	7555
Sep 30, 2020	74671	63	9174	12054
Oct 01, 2020	76590	63	8764	13110
Oct 02, 2020	78038	130	9781	11400
Oct 03, 2020	77106	49	6692	15927
Oct 04, 2020	71897	32	5747	11792
Oct 05, 2020	70617	69	7300	4771
Oct 06, 2020	68872	66	9116	9843
Oct 07, 2020	68103	80	9861	17592
Oct 08, 2020	67006	76	12326	17013
Oct 09, 2020	64830	109	12558	19087
Oct 10, 2020	61927	54	9864	25240
Oct 11, 2020	55967	46	4926	15110
Oct 12, 2020	53580	95	9297	7981
Oct 13, 2020	50162	108	12159	12193
Oct 14, 2020	46416	104	15001	21200
Oct 15, 2020	42583	88	14737	28736
Oct 16, 2020	40567	178	13347	23542
Oct 17, 2020	38441	89	10349	30431
Oct 18, 2020	34434	85	3734	28000
Oct 19, 2020	33588	146	7409	12428
Oct 20, 2020	32968	262	11792	19208
Oct 21, 2020	30990	163	12947	25034
Oct 22, 2020	28882	162	11238	39060
Oct 23, 2020	27278	298	15629	39445
Oct 24, 2020	26196	137	11655	42626
Oct 25, 2020	24095	116	4655	48808
Oct 26, 2020	23666	257	9586	25123
Oct 27, 2020	23565	523	17069	31360
Oct 28, 2020	22988	244	16769	34194
Oct 29, 2020	22176	235	18852	44705
Oct 30, 2020	21786	545	24695	46185
Oct 31, 2020	21193	223	14887	33447
Nov 01, 2020	20321	231	7750	45258
Nov 02, 2020	20187	467	11726	51104
Nov 03, 2020	20279	906	20294	35912
Nov 04, 2020	20403	437	28299	39880
Nov 05, 2020	20114	415	23127	56292
Nov 06, 2020	19900	880	29551	58581
Nov 07, 2020	19423	356	27644	83324
Nov 08, 2020	19272	322	12106	38059
Nov 09, 2020	19067	548	18660	20732
Nov 10, 2020	19395	857	24177	22632
Nov 11, 2020	19076	328	38732	35488
Nov 12, 2020	18696	425	39020	32948
Nov 13, 2020	18719	932	41694	24147
Nov 14, 2020	18581	552	48256	31937
Nov 15, 2020	18229	500	24623	27370
Nov 16, 2020	18438	704	30656	10645
Nov 17, 2020	18679	625	33569	13630
Nov 18, 2020	18677	677	44028	26636
Nov 19, 2020	18688	681	45504	19848
Nov 20, 2020	18786	634	32813	21473
Nov 21, 2020	18749	390	44868	16780
Nov 22, 2020	18498	352	50752	12347
Nov 23, 2020	18800	638	35274	4178
Nov 24, 2020	19111	592	39288	8591
Nov 25, 2020	19346	569	55723	15280
Nov 26, 2020	19500	527	58054	12728
Nov 27, 2020	19842	581	82743	11692
Nov 28, 2020	20002	316	37743	11806
Nov 29, 2020	19916	301	20431	9182
Nov 30, 2020	20436	509	22123	3758
Dec 01, 2020	20929	466	35022	7585
Dec 02, 2020	21674	425	32523	13198
Dec 03, 2020	21691	439	23708	11914
Dec 04, 2020	22337	397	31540	10530
Dec 05, 2020	22737	327	27043	12127
Dec 06, 2020	22694	287	10358	10344
Dec 07, 2020	23644	480	13150	3201
Dec 08, 2020	24511	491	26145	12869
Dec 09, 2020	25344	403	19445	13697
Dec 10, 2020	25908	400	21073	12904
Dec 11, 2020	26588	412	16368	12581
Dec 12, 2020	26953	314	12033	13088
Dec 13, 2020	26770	271	3907	10823
Dec 14, 2020	27817	492	8099	2874
Dec 15, 2020	29495	428	14852	10822
Dec 16, 2020	30721	407	12321	16531
Dec 17, 2020	31604	376	11316	17130
Dec 18, 2020	32830	374	11432	14709
Dec 19, 2020	33619	294	8888	16484
Dec 20, 2020	34140	236	3522	12011
Dec 21, 2020	36430	456	7129	5440
Dec 22, 2020	39173	487	12711	11069
Dec 23, 2020	41170	359	11555	14010
Dec 24, 2020	42342	373	10157	20302
Dec 25, 2020	43933	242	11885	19015
Dec 26, 2020	44770	230	10114	2903
Dec 27, 2020	44088	257	2944	8279
Dec 28, 2020	47110	447	12422	2778
Dec 29, 2020	50338	468	13229	10694
Dec 30, 2020	52472	377	12527	24828
Dec 31, 2020	54052	325	12256	18700
Jan 01, 2021	56587	207	12881	18157
Jan 02, 2021	58738	231	10592	3253
Jan 03, 2021	58385	191	2683	11720
Jan 04, 2021	63692	453	10369	3774
Jan 05, 2021	68948	420	16111	19228
Jan 06, 2021	72016	387	16743	23817
Jan 07, 2021	73785	381	14328	20367
Jan 08, 2021	77070	381	16103	18594
Jan 09, 2021	79142	264	11747	18935
Jan 10, 2021	77716	248	5192	14963
Jan 11, 2021	82583	407	10662	3362
Jan 12, 2021	87260	452	13558	18536
Jan 13, 2021	88671	347	19955	22384
Jan 14, 2021	88732	401	18614	19921
Jan 15, 2021	89126	399	2504	19962
Jan 16, 2021	89895	264	8015	20088
Jan 17, 2021	84610	213	2565	15618
Jan 18, 2021	88523	475	10219	3506
Jan 19, 2021	91613	441	24387	22155
Jan 20, 2021	91158	420	18280	25135
Jan 21, 2021	88417	456	17701	21442
Jan 22, 2021	87285	429	2824	21858
Jan 23, 2021	85509	295	11425	22451
Jan 24, 2021	79838	237	3537	17301
Jan 25, 2021	82881	510	18718	3979
Jan 26, 2021	85559	417	23400	20726
Jan 27, 2021	84584	505	19862	25259
Jan 28, 2021	82528	499	18095	22307
Jan 29, 2021	81721	510	18425	21451
Jan 30, 2021	80773	322	14641	22890
Jan 31, 2021	75869	275	3087	18051
Feb 01, 2021	79636	536	18000	4079
Feb 02, 2021	83199	485	21899	21900
Feb 03, 2021	82421	476	19445	24739
Feb 04, 2021	81506	476	19486	22005
Feb 05, 2021	80830	413	19675	20776
Feb 06, 2021	80389	263	15355	19319
Feb 07, 2021	75241	243	3263	18501
Feb 08, 2021	78082	530	21625	4051
Feb 09, 2021	79288	508	24627	17708
Feb 10, 2021	76695	404	21038	23824
Feb 11, 2021	72976	468	21390	19766
Feb 12, 2021	70401	429	22022	19427
Feb 13, 2021	68872	257	17044	19924
Feb 14, 2021	62719	226	3753	15527
Feb 15, 2021	63035	471	20255	4107
Feb 16, 2021	63839	410	24849	18384
Feb 17, 2021	61480	391	21916	23478
Feb 18, 2021	57313	352	21099	21116
Feb 19, 2021	55188	409	22481	22631
Feb 20, 2021	53040	213	17838	20994
Feb 21, 2021	48743	163	3916	20689
Feb 22, 2021	49889	363	21537	4360
Feb 23, 2021	51131	341	24398	18829
Feb 24, 2021	50123	370	21635	29579
Feb 25, 2021	48928	354	20422	23839
Feb 26, 2021	48987	379	18940	23655
Feb 27, 2021	48839	214	18287	22519
Feb 28, 2021	46230	125	3926	18724
Mar 01, 2021	48347	404	17304	4413
Mar 02, 2021	49794	330	23494	21450
Mar 03, 2021	49862	389	19377	25139
Mar 04, 2021	48731	360	19067	23723
Mar 05, 2021	48452	305	19619	22060
Mar 06, 2021	48394	187	15340	21871
Mar 07, 2021	45049	147	3960	20482
Mar 08, 2021	46154	377	18007	4999
Mar 09, 2021	46346	316	23162	21868
Mar 10, 2021	44598	295	20821	28438
Mar 11, 2021	42159	296	22335	25494
Mar 12, 2021	40671	254	20740	23676
Mar 13, 2021	39423	192	20497	27927
Mar 14, 2021	35008	137	4223	24721
Mar 15, 2021	34477	357	18472	6073
Mar 16, 2021	33791	338	29241	28130
Mar 17, 2021	31699	300	23539	36131
Mar 18, 2021	29353	327	23328	32844
Mar 19, 2021	27884	362	22157	32911
Mar 20, 2021	26772	244	18480	33169
Mar 21, 2021	23955	170	4243	28699
Mar 22, 2021	23236	402	21048	35259
Mar 23, 2021	23180	347	24792	23350
Mar 24, 2021	21399	305	23418	31334
Mar 25, 2021	20164	285	21775	42831
Mar 26, 2021	19190	363	21508	39292
Mar 27, 2021	18563	201	20281	39995
Mar 28, 2021	17802	142	4857	34736
Mar 29, 2021	16694	371	21497	26843
Mar 30, 2021	16310	348	28090	26580
Mar 31, 2021	15715	325	25169	39327
Apr 01, 2021	14979	314	23362	47541
Apr 02, 2021	14747	304	27623	43804
Apr 03, 2021	14401	213	24508	18571
Apr 04, 2021	13532	185	5888	57172
Apr 05, 2021	13400	197	27933	11576
Apr 06, 2021	13207	414	35717	54241
Apr 07, 2021	13047	431	32413	28890
Apr 08, 2021	12612	374	32537	14892
Apr 09, 2021	12251	301	32868	38704
Apr 10, 2021	11941	179	28520	40620
Apr 11, 2021	11298	176	35083	32747
Apr 12, 2021	11157	385	22965	8011
Apr 13, 2021	10963	351	30983	36705
Apr 14, 2021	10671	303	42528	40827
Apr 15, 2021	10502	302	38990	35703
Apr 16, 2021	10242	313	39682	34199
Apr 17, 2021	10108	189	34547	33653
Apr 18, 2021	9728	140	26703	27538
Apr 19, 2021	9664	489	26091	6847
Apr 20, 2021	9605	346	38981	39882
Apr 21, 2021	9484	313	47228	32815
Apr 22, 2021	9285	283	43521	32205
Apr 23, 2021	9126	332	18239	30349
Apr 24, 2021	9047	217	56955	30624
Apr 25, 2021	8933	152	11424	22959
Apr 26, 2021	8882	405	53836	5586
Apr 27, 2021	8820	333	28557	28451
Apr 28, 2021	8749	322	14570	29598
Apr 29, 2021	8673	313	38391	24904
Apr 30, 2021	8619	276	40344	22803
May 01, 2021	8561	195	32552	24090
May 02, 2021	8396	116	7895	9279
May 03, 2021	8318	315	36390	3529
May 04, 2021	8272	247	40580	22871
May 05, 2021	8203	252	35451	24400
May 06, 2021	8110	227	33972	20375
May 07, 2021	8054	235	33418	17947
May 08, 2021	8005	179	27359	19468
May 09, 2021	7892	119	6728	8566
May 10, 2021	7888	296	39586	3089
May 11, 2021	7839	240	32575	18573
May 12, 2021	7773	184	32021	20175
May 13, 2021	7729	131	30218	18263
May 14, 2021	7692	173	30451	6593
May 15, 2021	7666	122	22837	14719
May 16, 2021	7596	91	5495	13089
May 17, 2021	7590	206	28245	3144
May 18, 2021	7521	198	29400	16151
May 19, 2021	7485	146	24763	17877
May 20, 2021	7445	138	22803	15415
May 21, 2021	7431	113	23947	12800
May 22, 2021	7418	95	9166	12611
May 23, 2021	7357	76	3440	9704
May 24, 2021	7356	68	22801	2229
May 25, 2021	7335	203	24320	3155
May 26, 2021	7315	153	20172	12646
May 27, 2021	7289	151	17803	13933
May 28, 2021	7266	107	19308	11268
May 29, 2021	7262	69	8459	10675
May 30, 2021	7195	46	3021	8541
May 31, 2021	7181	128	18529	1211
Jun 01, 2021	7178	129	20044	9848
Jun 02, 2021	7143	98	18134	8743
Jun 03, 2021	7015	72	6469	8161
Jun 04, 2021	7034	84	14673	6953
Jun 05, 2021	7033	57	13005	6654
Jun 06, 2021	6983	26	3087	5070
Jun 07, 2021	6937	65	16126	1166
Jun 08, 2021	6951	73	17811	6016
Jun 09, 2021	6937	66	15342	5557
Jun 10, 2021	6923	70	12735	4475
Jun 11, 2021	6922	71	12540	3871
Jun 12, 2021	6913	34	9604	3972
Jun 13, 2021	6887	13	2195	2855
Jun 14, 2021	6892	63	3171	689
Jun 15, 2021	6903	80	12583	3235
Jun 16, 2021	6906	50	13853	3058
Jun 17, 2021	6890	62	11224	2044
Jun 18, 2021	6913	56	10607	3181
Jun 19, 2021	6950	22	8485	2624
Jun 20, 2021	6915	14	1189	1815
Jun 21, 2021	7002	40	9834	487
Jun 22, 2021	7104	51	8703	2204
Jun 23, 2021	7227	33	8110	2320
Jun 24, 2021	7426	44	6920	2007
Jun 25, 2021	7641	33	6610	1986
Jun 26, 2021	7743	16	5037	2128
Jun 27, 2021	7816	21	1154	1578
Jun 28, 2021	8048	48	5999	509
Jun 29, 2021	8273	33	5501	2314
Jun 30, 2021	8500	25	4442	2457
Jul 01, 2021	8635	29	3846	2664
Jul 02, 2021	8849	24	3943	2683
Jul 03, 2021	8942	17	2831	3006
Jul 04, 2021	9006	9	672	2549
Jul 05, 2021	9315	36	3226	796
Jul 06, 2021	9672	34	3022	3585
Jul 07, 2021	9952	28	2010	4081
Jul 08, 2021	10095	25	3153	4442
Jul 09, 2021	10387	18	2599	4580
Jul 10, 2021	10513	19	1797	4696
Jul 11, 2021	10526	4	468	4256
Jul 12, 2021	11009	28	2200	1260
Jul 13, 2021	11429	54	2292	6950
Jul 14, 2021	11749	6	1953	8875
Jul 15, 2021	12056	16	1980	3617
Jul 16, 2021	12721	22	2112	10908
Jul 17, 2021	12956	16	1556	10949
Jul 18, 2021	13147	5	493	12532
Jul 19, 2021	14088	20	2309	4151
Jul 20, 2021	15117	33	2437	18181
Jul 21, 2021	15827	29	2631	21539
Jul 22, 2021	16334	11	2654	21909
Jul 23, 2021	17079	26	2995	19561
Jul 24, 2021	17641	25	2523	25624
Jul 25, 2021	17755	7	771	15242
Jul 26, 2021	19054	50	3579	5307
Jul 27, 2021	20454	31	4036	26871
Jul 28, 2021	21492	44	4414	27934
Jul 29, 2021	22305	32	4540	25190
Jul 30, 2021	23526	66	4667	24309
Jul 31, 2021	25041	47	4196	23471
Aug 01, 2021	25247	20	1217	19600
Aug 02, 2021	27985	56	6932	5184
Aug 03, 2021	30034	63	8824	26829
Aug 04, 2021	31694	59	3560	28784
Aug 05, 2021	33302	57	10855	26460
Aug 06, 2021	35271	66	10897	25077
Aug 07, 2021	37184	35	12472	25755
Aug 08, 2021	37345	33	4119	20450
Aug 09, 2021	41712	75	18151	5775
Aug 10, 2021	45200	75	21471	28576
Aug 11, 2021	47950	60	21841	30920
Aug 12, 2021	50452	85	19507	28554
Aug 13, 2021	53155	82	25547	26453
Aug 14, 2021	55794	56	15168	24427
Aug 15, 2021	55899	49	5256	21172
Aug 16, 2021	61256	107	26827	5829
Aug 17, 2021	65905	123	27837	28114
Aug 18, 2021	68639	124	25079	28405
Aug 19, 2021	70598	140	24197	23973
Aug 20, 2021	73010	92	23344	22319
Aug 21, 2021	75680	89	19517	22636
Aug 22, 2021	74049	49	5103	17300
Aug 23, 2021	79150	119	26785	5166
Aug 24, 2021	84313	169	28676	24853
Aug 25, 2021	85816	102	26307	23706
Aug 26, 2021	86325	110	24984	19683
Aug 27, 2021	87096	109	25432	18249
Aug 28, 2021	90418	85	20355	17590
Aug 29, 2021	86505	61	5701	13630
Aug 30, 2021	90756	112	28523	3795
Aug 31, 2021	94819	136	30822	19425
Sep 01, 2021	96783	86	28418	17621
Sep 02, 2021	97568	103	26320	15911
Sep 03, 2021	98146	93	24324	13466
Sep 04, 2021	98022	83	21079	13336
Sep 05, 2021	91484	49	5746	10410
Sep 06, 2021	93181	102	28065	3042
Sep 07, 2021	95107	152	28303	14534
Sep 08, 2021	92547	100	23821	12828
Sep 09, 2021	87329	103	22219	10969
Sep 10, 2021	85793	80	22533	9966
Sep 11, 2021	90273	46	17220	9601
Sep 12, 2021	85329	29	5120	7679
Sep 13, 2021	88583	86	24824	2062
Sep 14, 2021	91583	147	23620	10327
Sep 15, 2021	90405	79	19536	9144
Sep 16, 2021	89854	65	18170	8128
Sep 17, 2021	87986	66	17525	7373
Sep 18, 2021	92839	42	13564	7414
Sep 19, 2021	83448	28	3753	5814
Sep 20, 2021	81535	68	19397	1515
Sep 21, 2021	82219	153	17553	7851
Sep 22, 2021	76643	58	15758	6794
Sep 23, 2021	73341	62	13408	6229
Sep 24, 2021	70520	49	13274	5879
Sep 25, 2021	69987	29	10361	6012
Sep 26, 2021	68490	14	3013	4706
Sep 27, 2021	64772	92	14520	1309
Sep 28, 2021	61991	60	12736	6765
Sep 29, 2021	56045	42	10909	5835
Sep 30, 2021	53632	56	9924	5204
Oct 01, 2021	52269	46	9545	4935
Oct 02, 2021	50339	30	7633	4948
Oct 03, 2021	45332	9	2032	3744
Oct 04, 2021	44114	50	10318	1138
Oct 05, 2021	42570	75	9094	5558
Oct 06, 2021	40324	34	8053	4946
Oct 07, 2021	38478	34	7339	4615
Oct 08, 2021	37360	38	7380	4470
Oct 09, 2021	35378	15	5776	4734
Oct 10, 2021	31655	8	1500	3991
Oct 11, 2021	31291	30	7843	1120
Oct 12, 2021	30152	68	6764	5880
Oct 13, 2021	28684	23	6161	5578
Oct 14, 2021	26867	38	5856	5187
Oct 15, 2021	26231	34	5974	6099
Oct 16, 2021	25757	15	4672	4899
Oct 17, 2021	23952	5	1294	3778
Oct 18, 2021	23612	41	6760	1057
Oct 19, 2021	23007	49	5794	5934
Oct 20, 2021	21727	21	5155	6036
Oct 21, 2021	20379	35	4914	6127
Oct 22, 2021	19615	29	4913	6366
Oct 23, 2021	18982	23	3715	6291
Oct 24, 2021	17564	4	1115	5005
Oct 25, 2021	17125	41	5554	1295
Oct 26, 2021	16475	47	4905	6603
Oct 27, 2021	15599	34	4568	6528
Oct 28, 2021	14882	33	4436	6461
Oct 29, 2021	14315	27	4701	6433
Oct 30, 2021	13896	22	3964	7360
Oct 31, 2021	13026	12	1098	6329
Nov 01, 2021	12893	6	5868	1866
Nov 02, 2021	12676	74	5572	2039
Nov 03, 2021	12310	39	5113	10050
Nov 04, 2021	11820	47	6060	9502
Nov 05, 2021	11705	26	4852	8998
Nov 06, 2021	11465	25	3752	9605
Nov 07, 2021	11066	10	1032	8547
Nov 08, 2021	11116	55	5924	2197
Nov 09, 2021	11055	58	5981	12476
Nov 10, 2021	10812	33	6069	11883
Nov 11, 2021	10494	17	6333	12603
Nov 12, 2021	10317	48	6274	3860
Nov 13, 2021	10172	16	4957	14646
Nov 14, 2021	9869	17	1279	12496
Nov 15, 2021	9937	70	6586	3241
Nov 16, 2021	9970	47	6458	19778
Nov 17, 2021	9892	50	6414	20294
Nov 18, 2021	9736	52	6383	20366
Nov 19, 2021	9854	50	7308	21220
Nov 20, 2021	9783	23	6279	22678
Nov 21, 2021	9546	15	1843	19749
Nov 22, 2021	9939	94	2024	5266
Nov 23, 2021	10197	98	9956	30454
Nov 24, 2021	10217	81	9404	32591
Nov 25, 2021	10179	43	8917	33464
Nov 26, 2021	10311	60	9562	34436
Nov 27, 2021	10163	34	8487	37218
Nov 28, 2021	9917	23	2163	31648
Nov 29, 2021	10149	122	12453	8279
Nov 30, 2021	10168	115	11761	47177
Dec 01, 2021	10079	96	12488	49610
Dec 02, 2021	9937	103	3764	48416
Dec 03, 2021	9891	127	14543	49858
Dec 04, 2021	9815	49	12369	51624
Dec 05, 2021	9617	29	3192	42252
Dec 06, 2021	9895	192	19749	11308
Dec 07, 2021	10191	172	20102	59019
Dec 08, 2021	10257	133	20194	61340
Dec 09, 2021	10211	136	21087	56854
Dec 10, 2021	10253	150	-136	55339
Dec 11, 2021	9939	65	42277	53720
Dec 12, 2021	9713	48	5201	43848
Dec 13, 2021	10053	243	30406	12036
Dec 14, 2021	10286	158	32348	63405
Dec 15, 2021	10400	151	33306	65713
Dec 16, 2021	10416	188	34285	60866
Dec 17, 2021	10590	162	37030	58128
Dec 18, 2021	10553	85	31486	58536
Dec 19, 2021	10819	75	8194	48473
Dec 20, 2021	11637	224	47102	15075
Dec 21, 2021	12389	229	49386	72832
Dec 22, 2021	13163	170	48187	84272
Dec 23, 2021	13999	179	49688	91608
Dec 24, 2021	15117	167	51445	94124
Dec 25, 2021	15459	84	42085	104611
Dec 26, 2021	16354	96	11224	27697
Dec 27, 2021	18547	256	58923	30383
Dec 28, 2021	20567	290	61084	179807
Dec 29, 2021	23411	184	56564	208099
Dec 30, 2021	27144	180	55155	206243
Dec 31, 2021	31467	189	53540	232200
Jan 01, 2022	34636	110	43659	219126
Jan 02, 2022	39347	91	11926	58432
Jan 03, 2022	48827	270	63314	67461
Jan 04, 2022	59605	351	65443	271686
Jan 05, 2022	75376	246	60515	332252
Jan 06, 2022	90808	204	57882	261481
Jan 07, 2022	109050	193	58332	328214
Jan 08, 2022	128723	142	48280	303669
Jan 09, 2022	153578	90	14933	296097
Jan 10, 2022	189904	280	72742	93896
Jan 11, 2022	229587	341	83992	368149
Jan 12, 2022	266331	246	91267	361719
Jan 13, 2022	257119	225	93878	305322
Jan 14, 2022	282934	191	104386	329371
Jan 15, 2022	312154	148	27506	324580
Jan 16, 2022	336737	98	30235	278129
Jan 17, 2022	373861	296	179709	102144
Jan 18, 2022	398686	375	207803	464769
Jan 19, 2022	395103	231	205868	436167
Jan 20, 2022	454983	245	231969	425183
Jan 21, 2022	469157	233	218881	400851
Jan 22, 2022	500859	167	58199	389320
Jan 23, 2022	546840	115	67294	301614
Jan 24, 2022	576324	393	271571	108481
Jan 25, 2022	649624	467	331859	501635
Jan 26, 2022	725754	258	261014	428008
Jan 27, 2022	492895	268	327956	392168
Jan 28, 2022	538228	263	303401	353503
Jan 29, 2022	447470	178	295834	332398
Jan 30, 2022	441148	127	93718	249448
Jan 31, 2022	447296	348	368022	82657
Feb 01, 2022	447449	381	361371	416896
Feb 02, 2022	426759	276	304941	315363
Feb 03, 2022	428793	264	329095	274352
Feb 04, 2022	411539	355	324316	241049
Feb 05, 2022	376328	170	277774	214542
Feb 06, 2022	347745	129	101974	155439
Feb 07, 2022	339156	417	464640	46001
Feb 08, 2022	330940	691	435750	235267
Feb 09, 2022	328538	283	412530	179614
Feb 10, 2022	326756	310	412530	153025
Feb 11, 2022	309241	329	389010	131376
Feb 12, 2022	303647	161	301285	118611
Feb 13, 2022	284805	107	108320	86562
Feb 14, 2022	215633	385	501528	26475
Feb 15, 2022	238200	390	427623	142253
Feb 16, 2022	175815	276	391778	98735
Feb 17, 2022	168865	287	353227	92345
Feb 18, 2022	152411	304	332111	82553
Feb 19, 2022	142486	148	249144	76638
Feb 20, 2022	133040	114	82509	59003
Feb 21, 2022	120713	283	416896	17195
Feb 22, 2022	113209	285	319295	97382
Feb 23, 2022	111332	213	269738	66833
Feb 24, 2022	108229	281	240836	66732
Feb 25, 2022	94456	188	214261	58138
Feb 26, 2022	100706	101	155251	53623
Feb 27, 2022	77334	76	45900	42600
Feb 28, 2022	77302	232	235191	13483
Mar 01, 2022	73146	209	179382	79794
Mar 02, 2022	63162	186	152816	57697
Mar 03, 2022	58077	180	131190	60225
Mar 04, 2022	66515	181	118431	57789
Mar 05, 2022	59181	120	86381	53678
Mar 06, 2022	53818	32	26355	45328
Mar 07, 2022	61312	176	142221	14496
Mar 08, 2022	49010	167	98559	93050
Mar 09, 2022	46457	155	92178	69190
Mar 10, 2022	52146	107	82398	74818
Mar 11, 2022	44913	149	76531	72399
Mar 12, 2022	44083	51	58854	72443
Mar 13, 2022	41619	29	17144	60422
Mar 14, 2022	39912	185	97353	18853
Mar 15, 2022	40924	146	66648	116618
Mar 16, 2022	40664	173	66586	108832
Mar 17, 2022	42825	116	57965	101747
Mar 18, 2022	41841	112	53507	97579
Mar 19, 2022	43599	62	42488	98104
Mar 20, 2022	50763	30	13421	81283
Mar 21, 2022	54512	152	79764	24179
Mar 22, 2022	65670	133	57545	180777
Mar 23, 2022	69616	101	60092	145560
Mar 24, 2022	73046	124	57688	148635
Mar 25, 2022	70700	121	53554	143571
Mar 26, 2022	71204	67	45207	139517
Mar 27, 2022	71575	41	14429	110174
Mar 28, 2022	83542	149	93009	29455
Mar 29, 2022	101561	164	69041	217480
Mar 30, 2022	111725	149	74654	169024
Mar 31, 2022	125652	139	72250	169311
Apr 01, 2022	134228	134	72304	148629
Apr 02, 2022	88164	68	60288	132114
Apr 03, 2022	85701	31	18785	102266
Apr 04, 2022	63822	149	116587	27648
Apr 05, 2022	63104	129	108683	203021
Apr 06, 2022	62838	128	101618	161950
Apr 07, 2022	61429	105	97451	158792
Apr 08, 2022	54161	139	97999	148768
Apr 09, 2022	50217	87	81144	141690
Apr 10, 2022	45438	45	24092	107654
Apr 11, 2022	53745	178	180732	25492
Apr 12, 2022	59224	159	145382	190762
Apr 13, 2022	64477	152	148476	146426
Apr 14, 2022	70239	133	143419	137342
Apr 15, 2022	73497	151	139384	125394
Apr 16, 2022	75997	61	110023	111583
Apr 17, 2022	79290	35	29394	86650
Apr 18, 2022	84196	48	217445	19810
Apr 19, 2022	88456	182	168976	25465
Apr 20, 2022	92495	227	169129	155711
Apr 21, 2022	27883	185	148402	104007
Apr 22, 2022	27883	146	131929	88389
Apr 23, 2022	34532	75	102120	80571
Apr 24, 2022	37950	40	27573	58954
Apr 25, 2022	28992	197	202981	13984
Apr 26, 2022	28455	170	161753	97498
Apr 27, 2022	27421	152	158622	67711
Apr 28, 2022	27324	132	148616	59760
Apr 29, 2022	25031	158	141558	52919
Apr 30, 2022	23173	61	107496	49482
May 01, 2022	21055	32	25431	36726
May 02, 2022	20982	180	190730	8737
May 03, 2022	23455	120	146246	67017
May 04, 2022	22114	114	137222	47925
May 05, 2022	23467	122	125280	44225
May 06, 2022	24539	110	111461	40224
May 07, 2022	27034	62	86540	37958
May 08, 2022	28708	54	19748	29324
May 09, 2022	32086	132	25411	7354
May 10, 2022	34491	123	155579	56449
May 11, 2022	35926	96	103884	40299
May 12, 2022	17775	84	88293	36047
May 13, 2022	15757	98	80487	32773
May 14, 2022	16832	74	58856	30459
May 15, 2022	16451	21	13984	22844
May 16, 2022	16184	126	97403	5936
May 17, 2022	18416	90	67585	43727
May 18, 2022	20544	80	59670	29995
May 19, 2022	22642	67	52839	27842
May 20, 2022	16160	65	49415	24332
May 21, 2022	15138	44	36661	22507
May 22, 2022	13927	11	8737	16965
May 23, 2022	14111	82	66962	4386
May 24, 2022	17331	88	47843	32029
May 25, 2022	14019	51	44137	22006
May 26, 2022	16891	28	40173	21234
May 27, 2022	16891	45	37930	4811
May 28, 2022	19721	23	29279	23582
May 29, 2022	12284	14	7354	16440
May 30, 2022	12877	85	56412	4673
May 31, 2022	14099	76	40214	35142
Jun 01, 2022	19298	58	35971	26144
Jun 02, 2022	17035	41	32715	25365
Jun 03, 2022	17035	38	30418	25130
Jun 04, 2022	17035	34	22806	25172
Jun 05, 2022	16189	10	5936	20542
Jun 06, 2022	18769	9	43727	6184
Jun 07, 2022	18038	74	29942	11627
Jun 08, 2022	21405	77	27768	53802
Jun 09, 2022	24295	42	24255	40151
Jun 10, 2022	28227	39	-42	17152
Jun 11, 2022	28441	0	39433	0
Jun 12, 2022	27693	0	4386	79397
Jun 13, 2022	29407	92	32029	8474
Jun 14, 2022	32735	57	21914	65425
Jun 15, 2022	36387	49	21177	51954
Jun 16, 2022	44927	49	4762	53081
Jun 17, 2022	52031	43	23533	50605
Jun 18, 2022	49467	19	-43	50266
Jun 19, 2022	59643	3	16440	40125
Jun 20, 2022	57769	45	39793	11566
Jun 21, 2022	50678	56	26099	95217
Jun 22, 2022	56249	66	25309	77967
Jun 23, 2022	59944	40	25064	79852
Jun 24, 2022	60396	49	25132	79262
Jun 25, 2022	58778	30	-49	80926
Jun 26, 2022	57779	11	20542	66301
Jun 27, 2022	72382	48	17770	17601
Jun 28, 2022	65481	37	53754	147248
Jun 29, 2022	67865	48	40114	124724
Jun 30, 2022	73958	42	17104	133346
Jul 01, 2022	89886	52	-42	125066
Jul 02, 2022	94201	30	-52	122639
Jul 03, 2022	96558	14	79397	96191
Jul 04, 2022	115929	97	73899	24418
Jul 05, 2022	70858	75	51813	206554
Jul 06, 2022	74131	53	53006	154615
Jul 07, 2022	76700	89	50552	161265
Jul 08, 2022	73355	74	50177	140997
Jul 09, 2022	68714	39	-74	116405
Jul 10, 2022	66002	15	40125	110589
Jul 11, 2022	69054	108	106783	24343
Jul 12, 2022	78842	126	77805	182006
Jul 13, 2022	71090	109	79726	127642
Jul 14, 2022	78375	54	79153	119285
Jul 15, 2022	71551	108	80872	23027
Jul 16, 2022	66903	59	66193	124009
Jul 17, 2022	64382	26	17601	73668
Jul 18, 2022	63979	174	147163	17733
Jul 19, 2022	65019	144	124550	134188
Jul 20, 2022	66866	125	133202	89982
Jul 21, 2022	68993	133	124941	80869
Jul 22, 2022	71715	113	122506	74348
Jul 23, 2022	76065	57	96078	68532
Jul 24, 2022	69415	23	24418	50032
Jul 25, 2022	70262	130	206474	11195
Jul 26, 2022	54076	119	154485	87562
Jul 27, 2022	54516	103	161146	58638
Jul 28, 2022	50233	112	140894	51594
Jul 29, 2022	47008	89	116293	45515
Jul 30, 2022	43636	55	110500	41274
Jul 31, 2022	40455	20	24343	31535
Aug 01, 2022	41651	121	181931	7249
Aug 02, 2022	40273	101	127521	54519
Aug 03, 2022	39658	90	119184	38788
Aug 04, 2022	38360	87	22937	33799
Aug 05, 2022	36440	80	123922	30592
Aug 06, 2022	32753	45	73588	28518
Aug 07, 2022	31002	20	17733	21528
Aug 08, 2022	30389	109	134123	5090
Aug 09, 2022	28149	111	89873	38230
Aug 10, 2022	25985	88	80758	27081
Aug 11, 2022	25600	80	74260	24312
Aug 12, 2022	24069	74	68452	22638
Aug 13, 2022	21806	0	49958	21175
Aug 14, 2022	20432	0	11195	16347
Aug 15, 2022	20328	65	87562	4564
Aug 16, 2022	19328	113	58573	6331
Aug 17, 2022	19144	93	51481	35745
Aug 18, 2022	18392	92	45422	23605
Aug 19, 2022	19201	74	41182	20236
Aug 20, 2022	17210	40	31461	19870
Aug 21, 2022	14757	0	7249	14820
Aug 22, 2022	15145	76	54479	4012
Aug 23, 2022	16400	88	38712	28988
Aug 24, 2022	14444	57	33711	21289
Aug 25, 2022	14412	44	30535	19837
Aug 26, 2022	13383	51	28474	18116
Aug 27, 2022	13383	23	21477	17833
Aug 28, 2022	12249	9	5090	14110
Aug 29, 2022	11955	78	38198	3806
Aug 30, 2022	11943	72	27003	27358
Aug 31, 2022	10882	54	24240	19240
Sep 01, 2022	10771	41	22584	18646
Sep 02, 2022	10239	55	21134	16399
Sep 03, 2022	10920	14	16292	15597
Sep 04, 2022	9420	3	4564	12894
Sep 05, 2022	9514	67	6314	3443
Sep 06, 2022	9418	60	35678	26918
Sep 07, 2022	9387	46	23545	20142
Sep 08, 2022	9461	58	20190	19866
Sep 09, 2022	10267	31	19812	19087
Sep 10, 2022	8856	15	14789	19517
Sep 11, 2022	8635	6	4012	16422
Sep 12, 2022	9146	40	28967	4579
Sep 13, 2022	9262	49	21249	41850
Sep 14, 2022	9590	33	19788	33575
Sep 15, 2022	9592	33	18083	33263
Sep 16, 2022	9362	28	17800	28686
Sep 17, 2022	8831	11	14082	33162
Sep 18, 2022	8468	2	3806	23137
Sep 19, 2022	8748	58	27345	5219
Sep 20, 2022	8845	48	19182	51816
Sep 21, 2022	8759	33	18598	38250
Sep 22, 2022	9215	30	16366	38464
Sep 23, 2022	9215	33	15567	37524
Sep 24, 2022	11082	14	12861	38024
Sep 25, 2022	7504	8	3443	31365
Sep 26, 2022	8445	51	26896	7489
Sep 27, 2022	6990	40	20091	73639
Sep 28, 2022	6574	45	19826	53410
Sep 29, 2022	8004	33	19042	51366
Sep 30, 2022	7867	34	19484	48261
Oct 01, 2022	8371	17	16388	46596
Oct 02, 2022	7736	7	4579	37453
Oct 03, 2022	7544	62	41826	8690
Oct 04, 2022	7347	74	33513	89185
Oct 05, 2022	6814	47	33189	66564
Oct 06, 2022	6474	50	28639	65537
Oct 07, 2022	6525	53	33112	61121
Oct 08, 2022	7497	26	23084	57270
Oct 09, 2022	6167	8	5219	42626
Oct 10, 2022	6969	79	51782	9373
Oct 11, 2022	3762	85	38171	94753
Oct 12, 2022	4628	55	38379	67948
Oct 13, 2022	5354	62	37469	64218
Oct 14, 2022	6068	79	37962	58695
Oct 15, 2022	6068	35	31286	55394
Oct 16, 2022	5863	17	7489	41973
Oct 17, 2022	5822	112	73587	9421
Oct 18, 2022	5639	101	53298	87666
Oct 19, 2022	5767	106	51265	63031
Oct 20, 2022	6086	69	48155	56793
Oct 21, 2022	6377	81	46527	49087
Oct 22, 2022	6511	33	37372	43746
Oct 23, 2022	6324	17	8690	31470
Oct 24, 2022	6343	122	89135	6907
Oct 25, 2022	6385	131	66442	59653
Oct 26, 2022	6939	60	65406	41185
Oct 27, 2022	7770	71	61061	37089
Oct 28, 2022	8301	61	57199	25783
Oct 29, 2022	9253	41	42565	22723
Oct 30, 2022	6121	9	9373	16456
Oct 31, 2022	7359	112	94703	3768
Nov 01, 2022	6480	53	67836	29525
Nov 02, 2022	7315	97	64165	5691
Nov 03, 2022	7331	55	58598	42025
Nov 04, 2022	7984	78	55339	29438
Nov 05, 2022	6769	34	41895	26840
Nov 06, 2022	6818	9	0	21178
Nov 07, 2022	8517	109	97044	3645
Nov 08, 2022	7871	117	62922	40591
Nov 09, 2022	8296	72	56676	28702
Nov 10, 2022	8242	53	49015	27068
Nov 11, 2022	9416	33	43693	26353
Nov 12, 2022	9416	15	31437	5577
Nov 13, 2022	7846	2	6907	27155
Nov 14, 2022	7700	100	59636	6017
Nov 15, 2022	8101	110	41085	48971
Nov 16, 2022	8890	71	36979	34878
Nov 17, 2022	9307	87	25712	33331
Nov 18, 2022	9718	74	22636	37177
Nov 19, 2022	9481	75	16382	47088
Nov 20, 2022	8676	6	3768	14204
Nov 21, 2022	9438	94	29444	29335
Nov 22, 2022	9433	89	5597	64772
Nov 23, 2022	10681	84	41936	49188
Nov 24, 2022	10690	60	-84	50530
Nov 25, 2022	10969	68	56218	48629
Nov 26, 2022	10744	29	21110	48331
Nov 27, 2022	10513	8	3645	37675
Nov 28, 2022	12585	95	40554	9304
Nov 29, 2022	12691	88	28607	91814
Nov 30, 2022	12532	91	26980	68382
Dec 01, 2022	12786	76	26262	69253
Dec 02, 2022	12221	67	5501	59008
Dec 03, 2022	13717	38	27088	52908
Dec 04, 2022	11428	10	6017	40006
Dec 05, 2022	13716	104	48923	10591
Dec 06, 2022	14604	117	34774	105516
Dec 07, 2022	13303	93	33214	75752
Dec 08, 2022	13662	62	37084	71597
Dec 09, 2022	13496	94	47026	65509
Dec 10, 2022	13750	62	14110	61482
Dec 11, 2022	11833	30	29335	46422
Dec 12, 2022	11741	167	64680	10878
Dec 13, 2022	13565	138	49021	97037
Dec 14, 2022	12392	114	50392	70224
Dec 15, 2022	13515	106	48515	62541
Dec 16, 2022	13509	131	48225	56361
Dec 17, 2022	12625	45	37544	52544
Dec 18, 2022	11700	35	9304	37264
Dec 19, 2022	12300	178	91734	8213
Dec 20, 2022	12082	130	68204	71212
Dec 21, 2022	12546	127	69123	54613
Dec 22, 2022	13045	120	58881	49517
Dec 23, 2022	12384	158	52788	43766
Dec 24, 2022	11836	58	39848	40744
Dec 25, 2022	11726	24	0	23681
Dec 26, 2022	13313	133	10591	5429
Dec 27, 2022	12222	208	105516	30989
Dec 28, 2022	11973	140	147349	26081
Dec 29, 2022	13117	132	64946	24436
Dec 30, 2022	14211	115	61350	23808
Dec 31, 2022	11181	52	46307	21836
Jan 01, 2023	10444	28	10878	15005
Jan 02, 2023	10638	172	96957	2246
Jan 03, 2023	10802	163	70052	22916
Jan 04, 2023	10594	123	62378	14105
Jan 05, 2023	11081	143	56238	11537
Jan 06, 2023	12010	126	52401	10383
Jan 07, 2023	10097	54	37264	8961
Jan 08, 2023	9514	22	8213	6557
Jan 09, 2023	9450	145	71010	1702
Jan 10, 2023	10521	115	54468	11715
Jan 11, 2023	9316	88	49402	7635
Jan 12, 2023	9115	53	43678	7159
Jan 13, 2023	9812	101	40691	6238
Jan 14, 2023	8146	27	23580	5429
Jan 15, 2023	7587	9	5429	4166
Jan 16, 2023	7673	80	30953	1235
Jan 17, 2023	7673	99	26001	8381
Jan 18, 2023	7727	82	24337	5894
Jan 19, 2023	7914	64	23726	4992
Jan 20, 2023	7288	44	21772	4475
Jan 21, 2023	6911	54	14961	4324
Jan 22, 2023	6645	9	2246	3477
Jan 23, 2023	6390	134	22853	1027
Jan 24, 2023	6780	59	13971	7263
Jan 25, 2023	6942	0	11478	5347
Jan 26, 2023	6978	28	10383	5287
Jan 27, 2023	6552	44	8933	4681
Jan 28, 2023	6132	0	6513	4513
Jan 29, 2023	5745	0	1702	3802
Jan 30, 2023	5723	96	11715	982
Jan 31, 2023	5754	57	7539	6860
Feb 01, 2023	5807	53	7102	4506
Feb 02, 2023	6056	52	6185	4021
Feb 03, 2023	5620	28	0	3618
Feb 04, 2023	5277	21	5429	3312
Feb 05, 2023	4998	0	4166	2632
Feb 06, 2023	4958	40	9616	718
Feb 07, 2023	5108	42	5753	4999
Feb 08, 2023	5144	31	4950	3991
Feb 09, 2023	5108	17	4444	3653
Feb 10, 2023	4751	20	4307	3366
Feb 11, 2023	4420	0	3457	3187
Feb 12, 2023	4354	0	1027	2469
Feb 13, 2023	4519	50	7263	706
Feb 14, 2023	4510	35	5297	4986
Feb 15, 2023	4658	35	5252	3972
Feb 16, 2023	4987	27	4646	4021
Feb 17, 2023	4846	28	4486	3589
Feb 18, 2023	486	0	3774	4236
Feb 19, 2023	794	0	982	2999
Feb 20, 2023	794	47	6860	898
Feb 21, 2023	2122	32	4459	5774
Feb 22, 2023	2379	38	3989	4584
Feb 23, 2023	3152	19	3580	4489
Feb 24, 2023	3715	29	3293	3917
Feb 25, 2023	4046	0	2603	3843
Feb 26, 2023	4168	0	718	2942
Feb 27, 2023	5118	52	4999	841
Feb 28, 2023	5741	34	3939	5651
Mar 01, 2023	6096	25	3619	4525
Mar 02, 2023	6842	21	3341	4196
Mar 03, 2023	7358	21	3166	3194
Mar 04, 2023	7675	0	2448	4013
Mar 05, 2023	7952	0	0	0
Mar 06, 2023	7952	43	5692	953
Mar 07, 2023	7952	0	-43	0
Mar 08, 2023	9596	0	3972	0
Mar 09, 2023	10252	0	4021	0
Mar 10, 2023	10616	90	7825	6188
Mar 11, 2023	11102	0	2909	6072
Mar 12, 2023	11451	0	898	4558
Mar 13, 2023	11862	50	5774	1235
Mar 14, 2023	12803	27	4534	9937
Mar 15, 2023	13122	24	4462	8348
Mar 16, 2023	13775	24	3893	7932
Mar 17, 2023	14551	26	3819	7228
Mar 18, 2023	14551	0	2916	7210
Mar 19, 2023	15254	0	841	5459
Mar 20, 2023	15797	63	5651	1470
Mar 21, 2023	16050	35	4462	11519
Mar 22, 2023	16888	13	4161	9762
Mar 23, 2023	17074	29	3181	9249
Mar 24, 2023	6044	15	3984	8839
Mar 25, 2023	5640	0	-15	8435
Mar 26, 2023	5642	0	953	6211
Mar 27, 2023	5622	65	0	7
Mar 28, 2023	5866	39	-65	12933
Mar 29, 2023	5866	36	-39	10885
Mar 30, 2023	6649	0	-36	0
Mar 31, 2023	6649	69	12260	9211
Apr 01, 2023	7553	0	4489	8455
Apr 02, 2023	7765	0	1235	6027
Apr 03, 2023	8150	58	9937	1453
Apr 04, 2023	6573	0	-58	0
Apr 05, 2023	4856	58	16280	9922
Apr 06, 2023	4856	35	7170	9374
Apr 07, 2023	5442	28	7175	8786
Apr 08, 2023	5442	0	5431	7739
Apr 09, 2023	5728	0	1470	6474
Apr 10, 2023	6035	0	11519	1342
Apr 11, 2023	6380	0	9762	1884
Apr 12, 2023	6380	59	9249	14207
Apr 13, 2023	6380	0	8780	10678
Apr 14, 2023	6380	108	8435	9467
Apr 15, 2023	7457	0	6103	8595
Apr 16, 2023	7744	0	7	5805
Apr 17, 2023	7744	0	12933	1411
Apr 18, 2023	8518	140	10885	10616
Apr 19, 2023	8776	0	-140	8807
Apr 20, 2023	9078	0	9211	8201
Apr 21, 2023	9182	125	8455	7400
Apr 22, 2023	9442	0	5902	6796
Apr 23, 2023	9588	0	1453	5008
Apr 24, 2023	9747	0	0	1185
Apr 25, 2023	10013	136	9922	8895
Apr 26, 2023	10013	0	9238	7490
Apr 27, 2023	10277	0	8786	6609
Apr 28, 2023	10277	131	7739	6144
Apr 29, 2023	10750	0	6343	5642
Apr 30, 2023	10928	0	1342	4030
May 01, 2023	10928	0	1884	1098
May 02, 2023	11515	89	14207	1065
May 03, 2023	11617	0	10589	8715
May 04, 2023	11923	0	9467	6161
May 05, 2023	11923	166	8595	5505
May 06, 2023	12293	0	5639	5103
May 07, 2023	12356	0	1411	3301
May 08, 2023	12356	0	10616	759
May 09, 2023	12356	51	8807	1044
May 10, 2023	12356	0	8150	6708
May 11, 2023	12356	0	0	0
May 12, 2023	12356	108	14196	9003
May 13, 2023	12356	0	4900	3706
May 14, 2023	12356	0	1185	2563
May 15, 2023	12356	0	8895	623
May 16, 2023	12356	82	7490	5118
May 17, 2023	13569	0	6527	4149
May 18, 2023	13569	0	0	0
May 19, 2023	13569	0	6144	0
May 20, 2023	13569	0	5642	0
May 21, 2023	13569	0	4030	0
May 22, 2023	13569	76	2163	677
May 23, 2023	13569	79	8639	5901
May 24, 2023	14365	0	6082	4905
May 25, 2023	14365	0	5505	4220
May 26, 2023	14365	56	5103	3724
May 27, 2023	14365	0	3245	3317
May 28, 2023	14365	0	759	2284
May 29, 2023	14365	0	1044	592
May 30, 2023	14365	48	6708	902
May 31, 2023	15031	0	-48	5210
Jun 01, 2023	15031	0	9003	3735
Jun 02, 2023	15031	62	3706	3204
Jun 03, 2023	15031	0	2501	2797
Jun 04, 2023	15031	0	623	2082
Jun 05, 2023	15031	0	5118	443
Jun 06, 2023	15031	51	4149	3590
Jun 07, 2023	15767	0	-51	2762
Jun 08, 2023	15767	0	0	2603
Jun 09, 2023	15767	56	0	2357
Jun 10, 2023	15767	0	-56	2135
Jun 11, 2023	15767	0	677	1282
Jun 12, 2023	15767	0	5901	332
Jun 13, 2023	15767	28	4905	2631
Jun 14, 2023	16615	0	4192	2069
Jun 15, 2023	16615	0	3724	545
Jun 16, 2023	16615	40	3317	2895
Jun 17, 2023	16615	0	2244	1482
Jun 18, 2023	16615	0	592	1080
Jun 19, 2023	16615	0	902	270
Jun 20, 2023	16615	45	5210	2071
Jun 21, 2023	16615	0	3690	1702
Jun 22, 2023	17093	0	3204	1420
Jun 23, 2023	17093	23	2797	1232
Jun 24, 2023	17093	0	2059	1217
Jun 25, 2023	17093	0	443	776
Jun 26, 2023	17093	0	3590	213
Jun 27, 2023	17093	26	2762	1680
Jun 28, 2023	17731	0	2577	1148
Jun 29, 2023	17731	0	2357	1106
Jun 30, 2023	17731	0	2135	1106
Jul 01, 2023	17731	0	0	0
Jul 02, 2023	17731	0	1282	0
Jul 03, 2023	17731	0	332	0
Jul 04, 2023	18173	0	2631	0
Jul 05, 2023	18173	0	2069	0
Jul 06, 2023	18173	0	545	0
Jul 07, 2023	18173	0	2895	0
Jul 08, 2023	18173	0	1482	0
Jul 09, 2023	18173	0	1080	0
Jul 10, 2023	18173	0	270	0
Jul 11, 2023	18173	0	2071	0
Jul 12, 2023	18641	0	1702	0
Jul 13, 2023	18641	0	1420	0
Jul 14, 2023	18641	0	1232	0
Jul 15, 2023	18641	0	1217	0
Jul 16, 2023	18641	0	776	0
Jul 17, 2023	18641	0	213	0
Jul 18, 2023	18641	0	1680	0
Jul 19, 2023	18641	0	1148	0
Jul 20, 2023	19149	0	1106	0
Jul 21, 2023	19149	0	1106	0
Jul 22, 2023	19149	0	0	0
Jul 23, 2023	19149	0	0	0
Jul 24, 2023	19149	0	0	0
Jul 25, 2023	19149	0	0	0
Jul 26, 2023	19675	0	0	0
Jul 27, 2023	19675	0	0	0
Jul 28, 2023	19675	0	0	0
Jul 29, 2023	19675	0	0	0
Jul 30, 2023	19675	0	0	0
Jul 31, 2023	19675	0	0	0
Aug 01, 2023	19675	0	0	0
Aug 02, 2023	19675	0	0	0
Aug 03, 2023	20237	0	0	0
Aug 04, 2023	20237	0	0	0
Aug 05, 2023	20237	0	0	0
Aug 06, 2023	20237	0	0	0
Aug 07, 2023	20237	0	0	0
Aug 08, 2023	20237	0	0	0
Aug 09, 2023	20237	0	0	0
Aug 10, 2023	20748	0	0	0
Aug 11, 2023	20748	0	0	0
Aug 12, 2023	20748	0	0	0
Aug 13, 2023	20748	0	0	0
Aug 14, 2023	20748	0	0	0
Aug 15, 2023	20748	0	0	0
Aug 16, 2023	20748	0	0	0
Aug 17, 2023	21318	0	0	0
Aug 18, 2023	21318	0	0	0
Aug 19, 2023	21318	0	0	0
Aug 20, 2023	21318	0	0	0
Aug 21, 2023	21318	0	0	0
Aug 22, 2023	21318	0	0	0
Aug 23, 2023	21318	0	0	0
Aug 24, 2023	21991	0	0	0
Aug 25, 2023	21991	0	0	0
Aug 26, 2023	21991	0	0	0
Aug 27, 2023	21991	0	0	0
Aug 28, 2023	21991	0	0	0
Aug 29, 2023	21991	0	0	0
Aug 30, 2023	22875	0	0	0
Aug 31, 2023	22875	0	0	0
Sep 01, 2023	22875	0	0	0
Sep 02, 2023	22875	0	0	0
Sep 03, 2023	22875	0	0	0
Sep 04, 2023	22875	0	0	0
Sep 05, 2023	23830	0	0	0
Sep 06, 2023	23830	0	0	0
Sep 07, 2023	23830	0	0	0
Sep 08, 2023	23830	0	0	0
Sep 09, 2023	23830	0	0	0
Sep 10, 2023	23830	0	0	0
Sep 11, 2023	23830	0	0	0
Sep 12, 2023	24830	0	0	0
Sep 13, 2023	24830	0	0	0
Sep 14, 2023	24830	0	0	0
Sep 15, 2023	24830	0	0	0
Sep 16, 2023	24830	0	0	0
Sep 17, 2023	24830	0	0	0
Sep 18, 2023	24830	0	0	0
Sep 19, 2023	26268	0	0	0
Sep 20, 2023	26268	0	0	0
Sep 21, 2023	26268	0	0	0
Sep 22, 2023	26268	0	0	0
Sep 23, 2023	26268	0	0	0
Sep 24, 2023	26268	0	0	0
Sep 25, 2023	26268	0	0	0
Sep 26, 2023	26268	0	0	0
Sep 27, 2023	26268	0	0	0
Sep 28, 2023	27723	0	0	0
Sep 29, 2023	27723	0	0	0
Sep 30, 2023	27723	0	0	0
Oct 01, 2023	27723	0	0	0
Oct 02, 2023	27723	0	0	0
Oct 03, 2023	27723	0	0	0
Oct 04, 2023	27723	0	0	0
Oct 05, 2023	28722	0	0	0
Oct 06, 2023	28722	0	0	0
Oct 07, 2023	28722	0	0	0
Oct 08, 2023	28722	0	0	0
Oct 09, 2023	28722	0	0	0
Oct 10, 2023	28722	0	0	0
Oct 11, 2023	28722	0	0	0
Oct 12, 2023	28722	0	0	0
Oct 13, 2023	28722	0	0	0
Oct 14, 2023	28722	0	0	0
Oct 15, 2023	28722	0	0	0
Oct 16, 2023	29544	0	0	0
Oct 17, 2023	29544	0	0	0
Oct 18, 2023	29544	0	0	0
Oct 19, 2023	29544	0	0	0
Oct 20, 2023	29544	0	0	0
Oct 21, 2023	29544	0	0	0
Oct 22, 2023	29544	0	0	0
Oct 23, 2023	29939	0	0	0
Oct 24, 2023	29939	0	0	0
Oct 25, 2023	29939	0	0	0
Oct 26, 2023	29939	0	0	0
Oct 27, 2023	29939	0	0	0
Oct 28, 2023	29939	0	0	0
Oct 29, 2023	30203	0	0	0
Oct 30, 2023	30203	0	0	0
Oct 31, 2023	30203	0	0	0
Nov 01, 2023	30203	0	0	0
Nov 02, 2023	30203	0	0	0
Nov 03, 2023	30203	0	0	0
Nov 04, 2023	30203	0	0	0
Nov 05, 2023	30378	0	0	0
Nov 06, 2023	30378	0	0	0
Nov 07, 2023	30378	0	0	0
Nov 08, 2023	30378	0	0	0
Nov 09, 2023	30378	0	0	0
Nov 10, 2023	30378	0	0	0
Nov 11, 2023	30378	0	0	0
Nov 12, 2023	30576	0	0	0
Nov 13, 2023	30576	0	0	0
Nov 14, 2023	30576	0	0	0
Nov 15, 2023	30576	0	0	0
Nov 16, 2023	30576	0	0	0
Nov 17, 2023	30576	0	0	0
Nov 18, 2023	30576	0	0	0
Nov 19, 2023	30592	0	0	0
Nov 20, 2023	30592	0	0	0
Nov 21, 2023	30592	0	0	0
Nov 22, 2023	30592	0	0	0
Nov 23, 2023	30592	0	0	0
Nov 24, 2023	30592	0	0	0
Nov 25, 2023	30592	0	0	0
Nov 26, 2023	30592	0	0	0
Nov 27, 2023	30592	0	0	0
Nov 28, 2023	30592	0	0	0
Nov 29, 2023	30592	0	0	0
Nov 30, 2023	30592	0	0	0
Dec 01, 2023	30592	0	0	0
Dec 02, 2023	30592	0	0	0
Dec 03, 2023	30592	0	0	0
Dec 04, 2023	30592	0	0	0
Dec 05, 2023	30592	0	0	0
Dec 06, 2023	30592	0	0	0
Dec 07, 2023	30592	0	0	0
Dec 08, 2023	30592	0	0	0
Dec 09, 2023	30592	0	0	0
Dec 10, 2023	30592	0	0	0
Dec 11, 2023	30592	0	0	0
Dec 12, 2023	30592	0	0	0
Dec 13, 2023	30592	0	0	0
Dec 14, 2023	30592	0	0	0
Dec 15, 2023	30592	0	0	0
Dec 16, 2023	30592	0	0	0
Dec 17, 2023	30592	0	0	0
Dec 18, 2023	30592	0	0	0
Dec 19, 2023	30592	0	0	0
Dec 20, 2023	30592	0	0	0
Dec 21, 2023	30592	0	0	0
Dec 22, 2023	30592	0	0	0
Dec 23, 2023	30592	0	0	0
Dec 24, 2023	30592	0	0	0
Dec 25, 2023	30592	0	0	0
Dec 26, 2023	30592	0	0	0
Dec 27, 2023	30592	0	0	0
Dec 28, 2023	30592	0	0	0
Dec 29, 2023	30592	0	0	0
Dec 30, 2023	30592	0	0	0
Dec 31, 2023	30592	0	0	0
Jan 01, 2024	30592	0	0	0
Jan 02, 2024	30592	0	0	0
Jan 03, 2024	30592	0	0	0
Jan 04, 2024	30592	0	0	0
Jan 05, 2024	30592	0	0	0
Jan 06, 2024	30592	0	0	0
Jan 07, 2024	30592	0	0	0
Jan 08, 2024	30592	0	0	0
Jan 09, 2024	30592	0	0	0
Jan 10, 2024	30592	0	0	0
Jan 11, 2024	30592	0	0	0
Jan 12, 2024	30592	0	0	0
Jan 13, 2024	30592	0	0	0
Jan 14, 2024	30592	0	0	0
Jan 15, 2024	30592	0	0	0
Jan 16, 2024	30592	0	0	0
Jan 17, 2024	30592	0	0	0
Jan 18, 2024	30592	0	0	0
Jan 19, 2024	30592	0	0	0
Jan 20, 2024	30592	0	0	0
Jan 21, 2024	30592	0	0	0
Jan 22, 2024	30592	0	0	0
Jan 23, 2024	30592	0	0	0
Jan 24, 2024	30592	0	0	0
Jan 25, 2024	30592	0	0	0
Jan 26, 2024	30592	0	0	0
Jan 27, 2024	30592	0	0	0
Jan 28, 2024	30592	0	0	0
Jan 29, 2024	30592	0	0	0
Jan 30, 2024	30592	0	0	0
Jan 31, 2024	30592	0	0	0
Feb 01, 2024	30592	0	0	0
Feb 02, 2024	30592	0	0	0
Feb 03, 2024	30592	0	0	0
Feb 04, 2024	30592	0	0	0
Feb 05, 2024	30592	0	0	0
Feb 06, 2024	30592	0	0	0
Feb 07, 2024	30592	0	0	0
Feb 08, 2024	30592	0	0	0
Feb 09, 2024	30592	0	0	0
Feb 10, 2024	30592	0	0	0
Feb 11, 2024	30592	0	0	0
Feb 12, 2024	30592	0	0	0
Feb 13, 2024	30592	0	0	0
Feb 14, 2024	30592	0	0	0
Feb 15, 2024	30592	0	0	0
Feb 16, 2024	30592	0	0	0
Feb 17, 2024	30592	0	0	0
Feb 18, 2024	30592	0	0	0
Feb 19, 2024	30592	0	0	0
Feb 20, 2024	30592	0	0	0
Feb 21, 2024	30592	0	0	0
Feb 22, 2024	30592	0	0	0
Feb 23, 2024	30592	0	0	0
Feb 24, 2024	30592	0	0	0
Feb 25, 2024	30592	0	0	0
Feb 26, 2024	30592	0	0	0
Feb 27, 2024	30592	0	0	0
Feb 28, 2024	30592	0	0	0
Feb 29, 2024	30592	0	0	0
Mar 01, 2024	30592	0	0	0
Mar 02, 2024	30592	0	0	0
Mar 03, 2024	30592	0	0	0
Mar 04, 2024	30592	0	0	0
Mar 05, 2024	30592	0	0	0
Mar 06, 2024	30592	0	0	0
Mar 07, 2024	30592	0	0	0
Mar 08, 2024	30592	0	0	0
Mar 09, 2024	30592	0	0	0
Mar 10, 2024	30592	0	0	0
Mar 11, 2024	30592	0	0	0
Mar 12, 2024	30592	0	0	0
Mar 13, 2024	30592	0	0	0
Mar 14, 2024	30592	0	0	0
Mar 15, 2024	30592	0	0	0
Mar 16, 2024	30592	0	0	0
Mar 17, 2024	30592	0	0	0
Mar 18, 2024	30592	0	0	0
Mar 19, 2024	30592	0	0	0
Mar 20, 2024	30592	0	0	0
Mar 21, 2024	30592	0	0	0
Mar 22, 2024	30592	0	0	0
Mar 23, 2024	30592	0	0	0
