Feb 15, 2020	3	null	null	null
Feb 16, 2020	3	0	0	0
Feb 17, 2020	3	0	0	0
Feb 18, 2020	3	0	0	0
Feb 19, 2020	3	0	0	0
Feb 20, 2020	4	0	0	0
Feb 21, 2020	19	1	1	0
Feb 22, 2020	75	1	1	0
Feb 23, 2020	152	1	0	0
Feb 24, 2020	220	4	0	0
Feb 25, 2020	310	4	0	2
Feb 26, 2020	455	1	1	4
Feb 27, 2020	593	5	42	19
Feb 28, 2020	824	4	1	18
Feb 29, 2020	1054	8	4	39
Mar 01, 2020	1586	12	33	27
Mar 02, 2020	1848	11	66	56
Mar 03, 2020	2279	27	11	20
Mar 04, 2020	2726	28	116	67
Mar 05, 2020	3322	41	138	126
Mar 06, 2020	3948	49	109	209
Mar 07, 2020	5102	36	66	269
Mar 08, 2020	6440	134	33	236
Mar 09, 2020	8052	97	102	185
Mar 10, 2020	8585	169	281	338
Mar 11, 2020	10676	197	41	452
Mar 12, 2020	12944	190	214	540
Mar 13, 2020	15077	251	181	714
Mar 14, 2020	17897	176	528	761
Mar 15, 2020	20778	369	370	840
Mar 16, 2020	23271	350	415	1100
Mar 17, 2020	26285	346	192	997
Mar 18, 2020	28959	477	1087	1277
Mar 19, 2020	33476	429	416	1691
Mar 20, 2020	38187	630	691	1469
Mar 21, 2020	43047	797	945	1678
Mar 22, 2020	47040	654	954	1417
Mar 23, 2020	50844	604	409	3488
Mar 24, 2020	54479	746	896	2224
Mar 25, 2020	57989	686	1039	2662
Mar 26, 2020	62520	715	1001	3564
Mar 27, 2020	66958	922	590	3462
Mar 28, 2020	70646	892	1437	4191
Mar 29, 2020	74491	759	648	2362
Mar 30, 2020	76158	816	1594	3977
Mar 31, 2020	78288	841	1112	6887
Apr 01, 2020	81254	730	1121	4418
Apr 02, 2020	83759	763	1434	1923
Apr 03, 2020	86123	770	1484	4755
Apr 04, 2020	89039	684	1241	3877
Apr 05, 2020	92040	527	821	1703
Apr 06, 2020	94003	639	1024	3555
Apr 07, 2020	94894	607	1559	3432
Apr 08, 2020	96107	544	2104	3526
Apr 09, 2020	97744	613	1984	3895
Apr 10, 2020	99159	573	1990	3946
Apr 11, 2020	101184	622	2084	2829
Apr 12, 2020	103194	433	1681	1466
Apr 13, 2020	104573	569	1227	2428
Apr 14, 2020	105262	605	1699	4996
Apr 15, 2020	106402	581	964	2393
Apr 16, 2020	107612	527	2077	2400
Apr 17, 2020	107995	567	2569	368
Apr 18, 2020	108821	484	2207	2335
Apr 19, 2020	109320	435	2133	714
Apr 20, 2020	109305	456	1826	1864
Apr 21, 2020	108785	536	2730	2423
Apr 22, 2020	108789	439	2950	1661
Apr 23, 2020	107946	466	3040	1502
Apr 24, 2020	107638	421	2929	1611
Apr 25, 2020	106968	416	2628	1397
Apr 26, 2020	107237	261	1812	419
Apr 27, 2020	106953	334	1700	3420
Apr 28, 2020	106353	383	2323	1381
Apr 29, 2020	105813	323	2317	1675
Apr 30, 2020	102709	285	4704	1061
May 01, 2020	102109	270	2310	563
May 02, 2020	101878	476	1669	740
May 03, 2020	101357	175	1744	287
May 04, 2020	101164	196	1228	537
May 05, 2020	99652	237	2358	1029
May 06, 2020	92704	370	8033	3898
May 07, 2020	90802	275	3038	586
May 08, 2020	89141	244	2754	598
May 09, 2020	86019	195	4018	403
May 10, 2020	84501	166	2160	195
May 11, 2020	83668	180	1404	425
May 12, 2020	82449	173	2458	659
May 13, 2020	79637	196	3510	473
May 14, 2020	77619	263	2754	580
May 15, 2020	73242	243	4929	524
May 16, 2020	71358	154	2611	347
May 17, 2020	69520	146	2372	112
May 18, 2020	67720	99	2155	459
May 19, 2020	66296	163	2080	489
May 20, 2020	63916	162	2888	389
May 21, 2020	62123	157	2284	296
May 22, 2020	60485	131	2165	366
May 23, 2020	58915	120	2125	233
May 24, 2020	57757	50	1643	107
May 25, 2020	56462	92	1506	334
May 26, 2020	54101	78	2683	257
May 27, 2020	52122	118	2449	178
May 28, 2020	49135	70	3514	3098
May 29, 2020	47323	87	2245	556
May 30, 2020	44835	112	2796	1703
May 31, 2020	43218	75	1879	239
Jun 01, 2020	42508	60	850	315
Jun 02, 2020	41034	55	1741	283
Jun 03, 2020	40440	71	848	330
Jun 04, 2020	39570	88	959	720
Jun 05, 2020	38116	85	1891	573
Jun 06, 2020	37017	72	1300	543
Jun 07, 2020	36400	53	761	322
Jun 08, 2020	35869	65	749	198
Jun 09, 2020	34009	79	2067	378
Jun 10, 2020	32844	71	1296	511
Jun 11, 2020	31772	53	1402	399
Jun 12, 2020	30128	56	1751	681
Jun 13, 2020	28616	78	1784	494
Jun 14, 2020	27403	44	1509	382
Jun 15, 2020	27039	26	642	143
Jun 16, 2020	25696	34	1520	323
Jun 17, 2020	25054	43	931	430
Jun 18, 2020	24231	66	1092	438
Jun 19, 2020	23072	47	1366	761
Jun 20, 2020	22743	49	547	602
Jun 21, 2020	22504	24	441	267
Jun 22, 2020	22170	23	534	350
Jun 23, 2020	21103	18	1162	485
Jun 24, 2020	20184	30	1079	76
Jun 25, 2020	19835	34	614	0
Jun 26, 2020	19173	30	890	1490
Jun 27, 2020	18371	8	969	490
Jun 28, 2020	18216	22	307	490
Jun 29, 2020	18031	6	305	263
Jun 30, 2020	17098	23	1052	508
Jul 01, 2020	16790	21	469	861
Jul 02, 2020	16595	30	366	618
Jul 03, 2020	16421	15	384	546
Jul 04, 2020	16160	21	477	526
Jul 05, 2020	16181	7	164	600
Jul 06, 2020	16249	8	133	165
Jul 07, 2020	15782	30	574	446
Jul 08, 2020	15135	15	825	622
Jul 09, 2020	15001	12	338	583
Jul 10, 2020	14973	12	295	617
Jul 11, 2020	14848	7	306	628
Jul 12, 2020	14726	9	349	627
Jul 13, 2020	14704	13	178	270
Jul 14, 2020	14466	17	335	480
Jul 15, 2020	14040	13	575	390
Jul 16, 2020	14022	20	230	501
Jul 17, 2020	14007	11	237	785
Jul 18, 2020	13922	14	323	812
Jul 19, 2020	13996	3	143	812
Jul 20, 2020	13960	13	213	328
Jul 21, 2020	13804	15	269	548
Jul 22, 2020	13881	9	197	937
Jul 23, 2020	13966	10	214	997
Jul 24, 2020	13866	5	350	1060
Jul 25, 2020	14009	5	128	956
Jul 26, 2020	14133	5	126	955
Jul 27, 2020	14151	5	147	482
Jul 28, 2020	14158	11	163	680
Jul 29, 2020	14169	6	275	1306
Jul 30, 2020	13786	3	765	1292
Jul 31, 2020	13981	9	178	1263
Aug 01, 2020	14019	5	255	0
Aug 02, 2020	14021	8	231	2646
Aug 03, 2020	14039	12	129	522
Aug 04, 2020	14047	5	177	975
Aug 05, 2020	14214	10	210	1591
Aug 06, 2020	14265	6	347	1505
Aug 07, 2020	14498	3	319	2147
Aug 08, 2020	14530	13	305	1910
Aug 09, 2020	14843	2	151	1909
Aug 10, 2020	14951	4	150	737
Aug 11, 2020	15147	6	213	1311
Aug 12, 2020	15380	10	236	2369
Aug 13, 2020	15673	6	226	2505
Aug 14, 2020	15844	3	403	2671
Aug 15, 2020	16157	4	314	3106
Aug 16, 2020	16489	4	146	2829
Aug 17, 2020	16626	4	182	463
Aug 18, 2020	16851	5	174	2100
Aug 19, 2020	17127	7	364	3544
Aug 20, 2020	17787	6	180	4477
Aug 21, 2020	18457	9	274	4304
Aug 22, 2020	19290	3	243	3380
Aug 23, 2020	20234	7	267	4596
Aug 24, 2020	20996	4	192	1835
Aug 25, 2020	21521	4	353	3101
Aug 26, 2020	22568	13	314	5095
Aug 27, 2020	23756	5	225	5735
Aug 28, 2020	24871	9	348	6925
Aug 29, 2020	26002	1	322	5117
Aug 30, 2020	27060	4	312	5080
Aug 31, 2020	27942	6	117	2892
Sep 01, 2020	28633	8	291	4675
Sep 02, 2020	29711	6	257	6585
Sep 03, 2020	30823	10	289	6716
Sep 04, 2020	32025	11	537	8423
Sep 05, 2020	33146	16	583	8024
Sep 06, 2020	34049	7	405	6636
Sep 07, 2020	34929	12	223	3944
Sep 08, 2020	35732	10	563	6141
Sep 09, 2020	36695	14	471	8049
Sep 10, 2020	37687	10	613	9237
Sep 11, 2020	38766	10	547	8827
Sep 12, 2020	39520	6	759	9911
Sep 13, 2020	40554	7	443	6741
Sep 14, 2020	41241	14	316	5779
Sep 15, 2020	41783	9	695	7369
Sep 16, 2020	42615	12	620	9182
Sep 17, 2020	43514	13	689	9941
Sep 18, 2020	44597	10	853	12402
Sep 19, 2020	45322	24	909	12667
Sep 20, 2020	46277	15	635	9918
Sep 21, 2020	47273	17	352	4972
Sep 22, 2020	47696	14	967	9392
Sep 23, 2020	48343	20	995	12267
Sep 24, 2020	49031	23	1097	15105
Sep 25, 2020	50002	20	954	14825
Sep 26, 2020	50901	17	977	13525
Sep 27, 2020	51946	17	724	10438
Sep 28, 2020	52670	16	773	3819
Sep 29, 2020	52991	24	1316	7555
Sep 30, 2020	53644	19	1198	12054
Oct 01, 2020	55056	24	1140	13110
Oct 02, 2020	56429	23	1126	11400
Oct 03, 2020	58028	27	1247	15927
Oct 04, 2020	59920	18	697	11792
Oct 05, 2020	61416	16	767	4771
Oct 06, 2020	62671	28	1418	9843
Oct 07, 2020	65160	31	1204	17592
Oct 08, 2020	68592	22	1060	17013
Oct 09, 2020	72819	28	1186	19087
Oct 10, 2020	77613	29	976	25240
Oct 11, 2020	81930	26	1184	15110
Oct 12, 2020	85664	39	891	7981
Oct 13, 2020	90150	41	1428	12193
Oct 14, 2020	95499	43	2037	21200
Oct 15, 2020	102418	83	1899	28736
Oct 16, 2020	110582	55	1908	23542
Oct 17, 2020	120339	47	1255	30431
Oct 18, 2020	129785	69	2334	28000
Oct 19, 2020	137645	73	1498	12428
Oct 20, 2020	146537	89	2046	19208
Oct 21, 2020	159414	127	2369	25034
Oct 22, 2020	173477	136	2082	39060
Oct 23, 2020	190406	91	2352	39445
Oct 24, 2020	207831	151	2309	42626
Oct 25, 2020	227159	128	2086	48808
Oct 26, 2020	241840	141	2423	25123
Oct 27, 2020	260489	221	3362	31360
Oct 28, 2020	282103	205	3416	34194
Oct 29, 2020	305131	217	3878	44705
Oct 30, 2020	332077	199	4285	46185
Oct 31, 2020	358102	297	5859	33447
Nov 01, 2020	385253	208	2954	45258
Nov 02, 2020	403949	233	3637	51104
Nov 03, 2020	425961	353	6258	35912
Nov 04, 2020	451359	352	5103	39880
Nov 05, 2020	480989	429	4961	56292
Nov 06, 2020	508292	447	10586	58581
Nov 07, 2020	542273	426	5966	83324
Nov 08, 2020	568888	331	6183	38059
Nov 09, 2020	583973	356	10215	20732
Nov 10, 2020	601140	581	17734	22632
Nov 11, 2020	624759	624	9090	35488
Nov 12, 2020	646977	637	15645	32948
Nov 13, 2020	676430	551	11480	24147
Nov 14, 2020	701457	545	12196	31937
Nov 15, 2020	725979	547	9376	27370
Nov 16, 2020	731667	505	21554	10645
Nov 17, 2020	748011	731	15434	13630
Nov 18, 2020	757826	753	24169	26636
Nov 19, 2020	776835	654	17020	19848
Nov 20, 2020	792871	700	21035	21473
Nov 21, 2020	807888	693	19502	16780
Nov 22, 2020	822480	563	13574	12347
Nov 23, 2020	813635	631	31395	4178
Nov 24, 2020	815396	853	20837	8591
Nov 25, 2020	805088	722	35744	15280
Nov 26, 2020	808681	822	24889	12728
Nov 27, 2020	799031	827	37517	11692
Nov 28, 2020	798841	687	26189	11806
Nov 29, 2020	805509	542	13742	9182
Nov 30, 2020	797521	673	23749	3758
Dec 01, 2020	786995	785	29053	7585
Dec 02, 2020	766806	685	40259	13198
Dec 03, 2020	763096	993	25966	11914
Dec 04, 2020	758165	814	28215	10530
Dec 05, 2020	752074	663	26516	12127
Dec 06, 2020	752710	565	17696	10344
Dec 07, 2020	746476	529	19441	3201
Dec 08, 2020	734261	635	26417	12869
Dec 09, 2020	706255	500	40306	13697
Dec 10, 2020	690063	887	32373	12904
Dec 11, 2020	682569	761	25472	12581
Dec 12, 2020	675031	650	26821	13088
Dec 13, 2020	675286	485	17274	10823
Dec 14, 2020	664313	492	22537	2874
Dec 15, 2020	655404	846	22878	10822
Dec 16, 2020	633589	681	38762	16531
Dec 17, 2020	620562	684	30683	17130
Dec 18, 2020	613324	675	24711	14709
Dec 19, 2020	603746	554	25476	16484
Dec 20, 2020	607413	352	11250	12011
Dec 21, 2020	598934	415	19017	5440
Dec 22, 2020	589694	629	22036	11069
Dec 23, 2020	580781	554	23031	14010
Dec 24, 2020	573376	506	25119	20302
Dec 25, 2020	557897	461	34255	19015
Dec 26, 2020	558249	261	9899	2903
Dec 27, 2020	558927	305	8009	8279
Dec 28, 2020	553191	446	13978	2778
Dec 29, 2020	546812	660	17044	10694
Dec 30, 2020	543401	576	19231	24828
Dec 31, 2020	547569	556	19011	18700
Jan 01, 2021	551844	463	17719	18157
Jan 02, 2021	554210	364	9612	3253
Jan 03, 2021	553766	347	14473	11720
Jan 04, 2021	548421	348	15883	3774
Jan 05, 2021	547236	650	16067	19228
Jan 06, 2021	547885	549	19391	23817
Jan 07, 2021	549984	414	15724	20367
Jan 08, 2021	549301	621	17774	18594
Jan 09, 2021	552308	484	16762	18935
Jan 10, 2021	561194	361	9603	14963
Jan 11, 2021	557713	449	15696	3362
Jan 12, 2021	552060	617	19411	18536
Jan 13, 2021	547067	508	20462	22384
Jan 14, 2021	542928	523	21043	19921
Jan 15, 2021	540502	478	18204	19962
Jan 16, 2021	540475	476	15972	20088
Jan 17, 2021	536761	377	15968	15618
Jan 18, 2021	531798	377	13472	3506
Jan 19, 2021	520444	604	21316	22155
Jan 20, 2021	517628	525	15931	25135
Jan 21, 2021	510436	522	20845	21442
Jan 22, 2021	495542	473	28148	21858
Jan 23, 2021	492540	489	15935	22451
Jan 24, 2021	493569	299	10379	17301
Jan 25, 2021	486956	420	14804	3979
Jan 26, 2021	477904	542	19162	20726
Jan 27, 2021	475751	468	16980	25259
Jan 28, 2021	472295	493	17422	22307
Jan 29, 2021	464505	478	20978	21451
Jan 30, 2021	460811	421	16073	22890
Jan 31, 2021	452283	237	19622	18051
Feb 01, 2021	446487	329	13441	4079
Feb 02, 2021	437356	500	18352	21900
Feb 03, 2021	433737	477	16420	24739
Feb 04, 2021	428959	421	18107	22005
Feb 05, 2021	427426	377	15470	20776
Feb 06, 2021	425128	385	15448	19319
Feb 07, 2021	425596	270	10984	18501
Feb 08, 2021	418413	307	14886	4051
Feb 09, 2021	413349	422	15337	17708
Feb 10, 2021	409084	336	16967	23824
Feb 11, 2021	403796	391	20133	19766
Feb 12, 2021	400595	317	16879	19427
Feb 13, 2021	399699	312	14201	19924
Feb 14, 2021	401336	222	9279	15527
Feb 15, 2021	396853	259	11609	4107
Feb 16, 2021	393944	336	13025	18384
Feb 17, 2021	389809	369	15918	23478
Feb 18, 2021	384879	348	18432	21116
Feb 19, 2021	382534	349	17565	22631
Feb 20, 2021	384920	252	12394	20994
Feb 21, 2021	390360	233	7860	20689
Feb 22, 2021	389568	275	10201	4360
Feb 23, 2021	389967	356	12631	18829
Feb 24, 2021	392185	319	13987	29579
Feb 25, 2021	398649	308	13241	23839
Feb 26, 2021	406663	254	12360	23655
Feb 27, 2021	413694	281	11720	22519
Feb 28, 2021	422820	193	8248	18724
Mar 01, 2021	423870	248	11888	4413
Mar 02, 2021	430423	344	10262	21450
Mar 03, 2021	436146	348	14939	25139
Mar 04, 2021	444846	339	13958	23723
Mar 05, 2021	453986	298	14757	22060
Mar 06, 2021	462533	307	14910	21871
Mar 07, 2021	468403	208	14810	20482
Mar 08, 2021	468307	320	13750	4999
Mar 09, 2021	474789	378	12890	21868
Mar 10, 2021	483449	333	13547	28438
Mar 11, 2021	493899	374	14993	25494
Mar 12, 2021	505863	381	14633	23676
Mar 13, 2021	516768	318	15009	27927
Mar 14, 2021	528099	265	9852	24721
Mar 15, 2021	528095	355	15001	6073
Mar 16, 2021	534487	505	13622	28130
Mar 17, 2021	538039	433	19200	36131
Mar 18, 2021	546457	423	16238	32844
Mar 19, 2021	555377	386	16690	32911
Mar 20, 2021	564222	402	14636	33169
Mar 21, 2021	571056	301	13155	28699
Mar 22, 2021	553323	388	31262	35259
Mar 23, 2021	552663	554	18981	23350
Mar 24, 2021	553402	463	20185	31334
Mar 25, 2021	555722	463	21182	42831
Mar 26, 2021	560064	460	19347	39292
Mar 27, 2021	565539	381	18143	39995
Mar 28, 2021	565996	298	18977	34736
Mar 29, 2021	558896	420	19725	26843
Mar 30, 2021	555788	533	18687	26580
Mar 31, 2021	554168	470	23744	39327
Apr 01, 2021	556749	507	20712	47541
Apr 02, 2021	558714	486	19620	43804
Apr 03, 2021	558428	377	21311	18571
Apr 04, 2021	562742	326	13511	57172
Apr 05, 2021	563873	296	9323	11576
Apr 06, 2021	549514	425	21733	54241
Apr 07, 2021	541750	631	20927	28890
Apr 08, 2021	538357	491	20229	14892
Apr 09, 2021	530519	719	26175	38704
Apr 10, 2021	527373	344	20483	40620
Apr 11, 2021	527401	332	15486	32747
Apr 12, 2021	518880	361	18010	8011
Apr 13, 2021	513775	477	18160	36705
Apr 14, 2021	509322	471	20251	40827
Apr 15, 2021	504792	382	21220	35703
Apr 16, 2021	501630	431	18779	34199
Apr 17, 2021	500307	310	16484	33653
Apr 18, 2021	498681	252	14156	27538
Apr 19, 2021	486947	317	20338	6847
Apr 20, 2021	476419	393	22286	39882
Apr 21, 2021	468843	365	20965	32815
Apr 22, 2021	465669	361	19156	32205
Apr 23, 2021	459764	345	20420	30349
Apr 24, 2021	456079	325	17273	30624
Apr 25, 2021	455270	218	13836	22959
Apr 26, 2021	446751	304	16713	5586
Apr 27, 2021	441910	374	14941	28451
Apr 28, 2021	436133	345	18905	29598
Apr 29, 2021	431984	289	18279	24904
Apr 30, 2021	430757	271	14495	22803
May 01, 2021	425384	227	18198	24090
May 02, 2021	425509	144	8941	9279
May 03, 2021	417726	256	13515	3529
May 04, 2021	408786	305	17808	22871
May 05, 2021	402213	267	16955	24400
May 06, 2021	398272	258	15567	20375
May 07, 2021	394400	208	14289	17947
May 08, 2021	388103	224	16316	19468
May 09, 2021	382163	139	14148	8566
May 10, 2021	372029	199	15046	3089
May 11, 2021	362461	251	16309	18573
May 12, 2021	350994	262	19109	20175
May 13, 2021	344858	201	14071	18263
May 14, 2021	339038	182	13251	6593
May 15, 2021	332122	136	13480	14719
May 16, 2021	327440	93	10380	13089
May 17, 2021	320866	140	9908	3144
May 18, 2021	313256	201	11885	16151
May 19, 2021	304024	149	14623	17877
May 20, 2021	296735	165	12902	15415
May 21, 2021	289560	133	12292	12800
May 22, 2021	282161	125	12021	12611
May 23, 2021	278776	72	7333	9704
May 24, 2021	273394	110	7775	2229
May 25, 2021	264411	166	12061	3155
May 26, 2021	255616	121	12633	12646
May 27, 2021	248226	171	11393	13933
May 28, 2021	241317	126	10543	11268
May 29, 2021	235935	83	8671	10675
May 30, 2021	231314	44	7543	8541
May 31, 2021	225673	84	7385	1211
Jun 01, 2021	216933	94	11145	9848
Jun 02, 2021	200097	62	19686	8743
Jun 03, 2021	195072	59	6947	8161
Jun 04, 2021	189874	73	7697	6953
Jun 05, 2021	184416	57	7854	6654
Jun 06, 2021	180470	51	6183	5070
Jun 07, 2021	175891	65	5794	1166
Jun 08, 2021	168608	102	9090	6016
Jun 09, 2021	160417	77	10327	5557
Jun 10, 2021	154366	88	8047	4475
Jun 11, 2021	150155	69	6056	3871
Jun 12, 2021	146888	52	4950	3972
Jun 13, 2021	143720	26	4541	2855
Jun 14, 2021	139206	36	5389	689
Jun 15, 2021	135396	58	5016	3235
Jun 16, 2021	131372	52	5379	3058
Jun 17, 2021	128135	38	4533	2044
Jun 18, 2021	121603	35	7648	3181
Jun 19, 2021	118694	28	4087	2624
Jun 20, 2021	117249	17	2304	1815
Jun 21, 2021	106405	21	11320	487
Jun 22, 2021	102523	31	4692	2204
Jun 23, 2021	97995	30	5455	2320
Jun 24, 2021	92332	28	6566	2007
Jun 25, 2021	90266	56	2769	1986
Jun 26, 2021	87767	40	3301	2128
Jun 27, 2021	87203	14	1336	1578
Jun 28, 2021	84740	14	2839	509
Jun 29, 2021	82889	42	2493	2314
Jun 30, 2021	80507	26	3135	2457
Jul 01, 2021	79432	22	1941	2664
Jul 02, 2021	77856	28	2345	2683
Jul 03, 2021	75660	22	3110	3006
Jul 04, 2021	74742	26	1706	2549
Jul 05, 2021	73626	17	1582	796
Jul 06, 2021	72680	24	1835	3585
Jul 07, 2021	71944	14	1735	4081
Jul 08, 2021	71581	13	1749	4442
Jul 09, 2021	71515	25	1434	4580
Jul 10, 2021	71149	12	1763	4696
Jul 11, 2021	71223	7	1318	4256
Jul 12, 2021	70571	13	1529	1260
Jul 13, 2021	70809	20	1287	6950
Jul 14, 2021	71893	23	1079	8875
Jul 15, 2021	71089	9	3264	3617
Jul 16, 2021	72923	11	1070	10908
Jul 17, 2021	73724	13	2328	10949
Jul 18, 2021	76367	3	501	12532
Jul 19, 2021	77792	7	651	4151
Jul 20, 2021	79604	10	1760	18181
Jul 21, 2021	81630	21	2235	21539
Jul 22, 2021	85223	15	1483	21909
Jul 23, 2021	89144	17	1239	19561
Jul 24, 2021	92952	5	1362	25624
Jul 25, 2021	96718	7	1001	15242
Jul 26, 2021	98715	22	1114	5307
Jul 27, 2021	100824	24	2418	26871
Jul 28, 2021	104714	15	1827	27934
Jul 29, 2021	109078	19	1825	25190
Jul 30, 2021	113604	18	2117	24309
Jul 31, 2021	117973	18	2170	23471
Aug 01, 2021	122070	6	1250	19600
Aug 02, 2021	123761	20	1498	5184
Aug 03, 2021	124992	27	3615	26829
Aug 04, 2021	128042	21	3565	28784
Aug 05, 2021	131924	27	3371	26460
Aug 06, 2021	135604	24	2936	25077
Aug 07, 2021	139505	22	3025	25755
Aug 08, 2021	143278	11	1991	20450
Aug 09, 2021	145884	22	1589	5775
Aug 10, 2021	147356	31	4125	28576
Aug 11, 2021	149889	31	4450	30920
Aug 12, 2021	152453	30	4715	28554
Aug 13, 2021	155474	45	4388	26453
Aug 14, 2021	157744	34	4931	24427
Aug 15, 2021	159843	19	3580	21172
Aug 16, 2021	160036	25	3477	5829
Aug 17, 2021	160494	55	4794	28114
Aug 18, 2021	160193	69	7424	28405
Aug 19, 2021	161979	55	5465	23973
Aug 20, 2021	162989	49	6211	22319
Aug 21, 2021	165003	45	5462	22636
Aug 22, 2021	166558	25	4382	17300
Aug 23, 2021	167208	44	3505	5166
Aug 24, 2021	167010	60	6248	24853
Aug 25, 2021	167463	60	7081	23706
Aug 26, 2021	168849	43	5839	19683
Aug 27, 2021	169961	49	6717	18249
Aug 28, 2021	171310	59	5494	17590
Aug 29, 2021	172963	46	4298	13630
Aug 30, 2021	173321	68	3854	3795
Aug 31, 2021	169903	63	8885	19425
Sep 01, 2021	168611	59	7774	17621
Sep 02, 2021	169007	34	6372	15911
Sep 03, 2021	169185	59	6544	13466
Sep 04, 2021	169241	57	6086	13336
Sep 05, 2021	168927	50	5602	10410
Sep 06, 2021	168277	52	3977	3042
Sep 07, 2021	166078	73	6877	14534
Sep 08, 2021	163909	71	8058	12828
Sep 09, 2021	162285	59	7122	10969
Sep 10, 2021	160895	64	6984	9966
Sep 11, 2021	160061	66	5997	9601
Sep 12, 2021	159776	50	4922	7679
Sep 13, 2021	158346	52	4186	2062
Sep 14, 2021	154827	63	7501	10327
Sep 15, 2021	151023	58	8606	9144
Sep 16, 2021	148922	53	7193	8128
Sep 17, 2021	146905	52	6549	7373
Sep 18, 2021	145700	54	5756	7414
Sep 19, 2021	146222	26	3314	5814
Sep 20, 2021	145210	50	3383	1515
Sep 21, 2021	142221	73	6308	7851
Sep 22, 2021	139311	49	6850	6794
Sep 23, 2021	137865	63	5466	6229
Sep 24, 2021	136364	52	5265	5879
Sep 25, 2021	135412	50	4451	6012
Sep 26, 2021	135105	44	3385	4706
Sep 27, 2021	133928	45	2892	1309
Sep 28, 2021	131763	65	5105	6765
Sep 29, 2021	128893	63	6042	5835
Sep 30, 2021	126956	51	5714	5204
Oct 01, 2021	126321	53	4007	4935
Oct 02, 2021	125442	26	4187	4948
Oct 03, 2021	125681	33	2716	3744
Oct 04, 2021	124817	38	2446	1138
Oct 05, 2021	123037	50	4210	5558
Oct 06, 2021	121005	40	5245	4946
Oct 07, 2021	119950	41	3966	4615
Oct 08, 2021	118728	30	4234	4470
Oct 09, 2021	118125	46	3325	4734
Oct 10, 2021	117647	27	2745	3991
Oct 11, 2021	116946	36	2184	1120
Oct 12, 2021	115407	50	3997	5880
Oct 13, 2021	113333	37	4827	5578
Oct 14, 2021	112267	41	3709	5187
Oct 15, 2021	111441	43	3533	6099
Oct 16, 2021	111008	15	3419	4899
Oct 17, 2021	110516	30	2913	3778
Oct 18, 2021	109321	45	2756	1057
Oct 19, 2021	107539	53	4442	5934
Oct 20, 2021	106687	33	4544	6036
Oct 21, 2021	106795	36	3673	6127
Oct 22, 2021	106801	39	3861	6366
Oct 23, 2021	107115	40	3579	6291
Oct 24, 2021	107901	25	2940	5005
Oct 25, 2021	107797	30	2626	1295
Oct 26, 2021	108215	48	3613	6603
Oct 27, 2021	108565	51	4226	6528
Oct 28, 2021	110011	51	3400	6461
Oct 29, 2021	111916	33	3433	6433
Oct 30, 2021	113685	38	3103	7360
Oct 31, 2021	115786	26	2432	6329
Nov 01, 2021	117076	21	1524	1866
Nov 02, 2021	117824	41	2065	2039
Nov 03, 2021	118697	63	4285	10050
Nov 04, 2021	120827	59	3754	9502
Nov 05, 2021	123851	53	3730	8998
Nov 06, 2021	127234	36	3392	9605
Nov 07, 2021	130568	26	2502	8547
Nov 08, 2021	132107	40	2727	2197
Nov 09, 2021	133777	63	4613	12476
Nov 10, 2021	136342	62	5319	11883
Nov 11, 2021	140356	51	4569	12603
Nov 12, 2021	144142	69	4715	3860
Nov 13, 2021	148654	54	4033	14646
Nov 14, 2021	152878	42	3411	12496
Nov 15, 2021	154619	47	3510	3241
Nov 16, 2021	157087	58	5220	19778
Nov 17, 2021	160843	73	6406	20294
Nov 18, 2021	166360	70	5148	20366
Nov 19, 2021	171023	50	5889	21220
Nov 20, 2021	177381	54	5220	22678
Nov 21, 2021	182803	51	4302	19749
Nov 22, 2021	185597	72	3579	5266
Nov 23, 2021	188684	67	6965	30454
Nov 24, 2021	193567	86	7558	32591
Nov 25, 2021	200946	72	6404	33464
Nov 26, 2021	207058	52	7610	34436
Nov 27, 2021	213479	90	6451	37218
Nov 28, 2021	221066	49	5383	31648
Nov 29, 2021	224315	68	4707	8279
Nov 30, 2021	229021	93	8041	47177
Dec 01, 2021	234665	93	9457	49610
Dec 02, 2021	243850	72	7650	48416
Dec 03, 2021	251258	77	9658	49858
Dec 04, 2021	258930	77	8988	51624
Dec 05, 2021	267314	48	6685	42252
Dec 06, 2021	271207	95	5567	11308
Dec 07, 2021	276387	88	10584	59019
Dec 08, 2021	284832	88	9540	61340
Dec 09, 2021	290259	82	7098	56854
Dec 10, 2021	298991	123	11777	55339
Dec 11, 2021	309871	100	10205	53720
Dec 12, 2021	320989	71	8151	43848
Dec 13, 2021	326953	98	6726	12036
Dec 14, 2021	333729	131	13908	63405
Dec 15, 2021	342158	120	14802	65713
Dec 16, 2021	354614	113	13704	60866
Dec 17, 2021	368859	121	14457	58128
Dec 18, 2021	384608	124	12430	58536
Dec 19, 2021	399524	101	9403	48473
Dec 20, 2021	407049	146	8640	15075
Dec 21, 2021	421741	164	16189	72832
Dec 22, 2021	440546	134	17595	84272
Dec 23, 2021	468172	153	17117	91608
Dec 24, 2021	499197	146	19804	94124
Dec 25, 2021	539339	148	14851	104611
Dec 26, 2021	555861	94	8428	27697
Dec 27, 2021	576729	151	9992	30383
Dec 28, 2021	638650	176	16746	179807
Dec 29, 2021	715466	136	21871	208099
Dec 30, 2021	820841	160	22246	206243
Dec 31, 2021	943342	158	22579	232200
Jan 01, 2022	1135448	120	20432	219126
Jan 02, 2022	1184586	149	12164	58432
Jan 03, 2022	1239561	164	13379	67461
Jan 04, 2022	1381005	232	30333	271686
Jan 05, 2022	1538195	184	33037	332252
Jan 06, 2022	1712184	200	46770	261481
Jan 07, 2022	1793414	227	27582	328214
Jan 08, 2022	1939603	189	52529	303669
Jan 09, 2022	2065781	162	30399	296097
Jan 10, 2022	2111229	232	56560	93896
Jan 11, 2022	2242048	303	90456	368149
Jan 12, 2022	2330662	321	108198	361719
Jan 13, 2022	2433023	343	82803	305322
Jan 14, 2022	2494604	373	125199	329371
Jan 15, 2022	2555052	240	120609	324580
Jan 16, 2022	2625814	249	79207	278129
Jan 17, 2022	2632595	290	76679	102144
Jan 18, 2022	2640625	440	220811	464769
Jan 19, 2022	2697333	388	136152	436167
Jan 20, 2022	2743602	411	143029	425183
Jan 21, 2022	2751616	392	171565	400851
Jan 22, 2022	2774652	298	148756	389320
Jan 23, 2022	2782615	234	131303	301614
Jan 24, 2022	2757910	381	102363	108481
Jan 25, 2022	2716983	352	231500	501635
Jan 26, 2022	2741467	364	143098	428008
Jan 27, 2022	2731813	391	165779	392168
Jan 28, 2022	2694357	381	181594	353503
Jan 29, 2022	2690254	390	141230	332398
Jan 30, 2022	2669521	254	124706	249448
Jan 31, 2022	2618674	370	108493	82657
Feb 01, 2022	2503151	339	248971	416896
Feb 02, 2022	2434481	395	187816	315363
Feb 03, 2022	2356468	414	191938	274352
Feb 04, 2022	2245475	433	210353	241049
Feb 05, 2022	2157778	375	182618	214542
Feb 06, 2022	2101107	229	134009	155439
Feb 07, 2022	2018847	348	123823	46001
Feb 08, 2022	1955947	393	164915	235267
Feb 09, 2022	1902997	384	134460	179614
Feb 10, 2022	1841818	325	137221	153025
Feb 11, 2022	1779492	334	129293	131376
Feb 12, 2022	1724525	269	117463	118611
Feb 13, 2022	1667467	191	109095	86562
Feb 14, 2022	1619502	281	76553	26475
Feb 15, 2022	1579414	388	110840	142253
Feb 16, 2022	1509304	278	129888	98735
Feb 17, 2022	1467409	320	99640	92345
Feb 18, 2022	1433553	314	87472	82553
Feb 19, 2022	1399309	252	84767	76638
Feb 20, 2022	1377933	141	63492	59003
Feb 21, 2022	1351647	201	50659	17195
Feb 22, 2022	1321625	322	89993	97382
Feb 23, 2022	1252576	252	119280	66833
Feb 24, 2022	1230290	249	69439	66732
Feb 25, 2022	1206949	193	65180	58138
Feb 26, 2022	1171941	210	74516	53623
Feb 27, 2022	1152782	144	50014	42600
Feb 28, 2022	1130690	207	40415	13483
Mar 01, 2022	1105112	233	73607	79794
Mar 02, 2022	1093152	214	49352	57697
Mar 03, 2022	1072273	185	62551	60225
Mar 04, 2022	1055834	210	55818	57789
Mar 05, 2022	1050406	173	46147	53678
Mar 06, 2022	1047747	105	38274	45328
Mar 07, 2022	1039803	130	30513	14496
Mar 08, 2022	1043880	184	57408	93050
Mar 09, 2022	1033992	156	59258	69190
Mar 10, 2022	1003263	136	85787	74818
Mar 11, 2022	1008725	156	48481	72399
Mar 12, 2022	1018347	133	45393	72443
Mar 13, 2022	1031952	86	36111	60422
Mar 14, 2022	1036086	129	25834	18853
Mar 15, 2022	1069630	180	53349	116618
Mar 16, 2022	1088745	137	55967	108832
Mar 17, 2022	1122844	128	48190	101747
Mar 18, 2022	1154450	165	46408	97579
Mar 19, 2022	1181331	85	48385	98104
Mar 20, 2022	1206504	93	36166	81283
Mar 21, 2022	1208705	119	30870	24179
Mar 22, 2022	1235824	197	71380	180777
Mar 23, 2022	1261028	153	51922	145560
Mar 24, 2022	1280080	182	63553	148635
Mar 25, 2022	1281387	146	75604	143571
Mar 26, 2022	1289294	118	66565	139517
Mar 27, 2022	1297738	82	52022	110174
Mar 28, 2022	1288967	95	40300	29455
Mar 29, 2022	1294961	177	87297	217480
Mar 30, 2022	1318464	170	55303	169024
Mar 31, 2022	1314393	159	79977	169311
Apr 01, 2022	1306932	154	82443	148629
Apr 02, 2022	1314039	129	65159	132114
Apr 03, 2022	1319850	118	48486	102266
Apr 04, 2022	1310255	125	40915	27648
Apr 05, 2022	1310414	194	88637	203021
Apr 06, 2022	1310398	149	69837	161950
Apr 07, 2022	1289913	150	91204	158792
Apr 08, 2022	1285945	144	70946	148768
Apr 09, 2022	1274594	112	76051	141690
Apr 10, 2022	1283082	90	45139	107654
Apr 11, 2022	1269432	115	42384	25492
Apr 12, 2022	1265750	169	87904	190762
Apr 13, 2022	1265128	155	63318	146426
Apr 14, 2022	1265156	149	65664	137342
Apr 15, 2022	1256548	133	70895	125394
Apr 16, 2022	1258656	133	61986	111583
Apr 17, 2022	1263428	85	47468	86650
Apr 18, 2022	1254181	79	27704	19810
Apr 19, 2022	1246163	127	35763	25465
Apr 20, 2022	1245406	205	101614	155711
Apr 21, 2022	1261055	166	59916	104007
Apr 22, 2022	1261514	202	73233	88389
Apr 23, 2022	1270866	143	61778	80571
Apr 24, 2022	1282739	79	44849	58954
Apr 25, 2022	1281255	93	26738	13984
Apr 26, 2022	1273784	146	37462	97498
Apr 27, 2022	1274033	186	88545	67711
Apr 28, 2022	1288032	131	55773	59760
Apr 29, 2022	1286364	133	60951	52919
Apr 30, 2022	1269174	130	71625	49482
May 01, 2022	1270900	105	39195	36726
May 02, 2022	1244544	124	45512	8737
May 03, 2022	1239816	153	67398	67017
May 04, 2022	1226894	152	60381	47925
May 05, 2022	1205020	138	70523	44225
May 06, 2022	1186230	125	62978	40224
May 07, 2022	1171466	113	55691	37958
May 08, 2022	1202538	72	0	29324
May 09, 2022	1143735	84	76099	7354
May 10, 2022	1123336	158	76824	56449
May 11, 2022	1081392	115	84344	40299
May 12, 2022	1059329	130	61866	36047
May 13, 2022	1048371	115	49734	32773
May 14, 2022	1041655	91	43318	30459
May 15, 2022	1038594	62	30334	22844
May 16, 2022	1023181	102	29424	5936
May 17, 2022	1008428	148	59720	43727
May 18, 2022	993571	136	45614	29995
May 19, 2022	934085	108	90017	27842
May 20, 2022	915396	89	45494	24332
May 21, 2022	898188	91	41696	22507
May 22, 2022	891613	34	24528	16965
May 23, 2022	874727	80	27490	4386
May 24, 2022	854343	95	51946	32029
May 25, 2022	834098	137	43145	22006
May 26, 2022	798165	94	58368	21234
May 27, 2022	780383	118	37744	4811
May 28, 2022	762999	66	35927	23582
May 29, 2022	753507	27	24636	16440
May 30, 2022	740450	62	20971	4673
May 31, 2022	721052	66	44088	35142
Jun 01, 2022	710706	59	29248	26144
Jun 02, 2022	697476	79	30648	25365
Jun 03, 2022	689674	40	17496	25130
Jun 04, 2022	683700	47	28948	25172
Jun 05, 2022	682957	27	15938	20542
Jun 06, 2022	673260	70	18625	6184
Jun 07, 2022	671056	70	30848	11627
Jun 08, 2022	671056	80	22827	53802
Jun 09, 2022	667300	84	27228	40151
Jun 10, 2022	665452	52	23756	17152
Jun 11, 2022	663239	60	24853	0
Jun 12, 2022	664287	26	18036	79397
Jun 13, 2022	659099	41	15913	8474
Jun 14, 2022	646703	73	52817	65425
Jun 15, 2022	646354	48	32758	51954
Jun 16, 2022	643586	64	40108	53081
Jun 17, 2022	614191	41	64865	50605
Jun 18, 2022	606982	45	45956	50266
Jun 19, 2022	635993	18	1904	40125
Jun 20, 2022	617563	59	35545	11566
Jun 21, 2022	643403	62	37921	95217
Jun 22, 2022	668915	50	29740	77967
Jun 23, 2022	695923	75	29798	79852
Jun 24, 2022	721568	51	30753	79262
Jun 25, 2022	747386	40	31532	80926
Jun 26, 2022	776865	44	19320	66301
Jun 27, 2022	782799	63	19545	17601
Jun 28, 2022	818283	69	49493	147248
Jun 29, 2022	879941	60	33632	124724
Jun 30, 2022	929321	59	34599	133346
Jul 01, 2022	974422	72	42611	125066
Jul 02, 2022	1010914	59	49322	122639
Jul 03, 2022	1055094	61	28481	96191
Jul 04, 2022	1064616	59	27590	24418
Jul 05, 2022	1134517	94	64828	206554
Jul 06, 2022	1192452	72	51183	154615
Jul 07, 2022	1245399	94	55629	161265
Jul 08, 2022	1293848	105	53233	140997
Jul 09, 2022	1310513	93	83165	116405
Jul 10, 2022	1346077	44	44312	110589
Jul 11, 2022	1305109	127	79688	24343
Jul 12, 2022	1351904	157	97438	182006
Jul 13, 2022	1393400	106	70076	127642
Jul 14, 2022	1424977	105	76992	119285
Jul 15, 2022	1428320	134	94461	23027
Jul 16, 2022	1449729	111	69489	124009
Jul 17, 2022	1465897	79	52417	73668
Jul 18, 2022	1454815	112	42594	17733
Jul 19, 2022	1453675	176	122381	134188
Jul 20, 2022	1460258	157	80209	89982
Jul 21, 2022	1456413	157	84933	80869
Jul 22, 2022	1450443	155	77894	74348
Jul 23, 2022	1432527	116	86637	68532
Jul 24, 2022	1430283	77	53793	50032
Jul 25, 2022	1414812	104	39496	11195
Jul 26, 2022	1395996	253	107347	87562
Jul 27, 2022	1380572	207	79499	58638
Jul 28, 2022	1352658	199	88425	51594
Jul 29, 2022	1323990	244	83238	45515
Jul 30, 2022	1287012	121	86714	41274
Jul 31, 2022	1277190	83	47412	31535
Aug 01, 2022	1254991	121	41129	7249
Aug 02, 2022	1230042	190	89955	54519
Aug 03, 2022	1201443	171	74049	38788
Aug 04, 2022	1175294	161	68947	33799
Aug 05, 2022	1147179	175	66155	30592
Aug 06, 2022	1105458	158	76560	28518
Aug 07, 2022	1094956	74	37084	21528
Aug 08, 2022	1054167	113	52651	5090
Aug 09, 2022	1018327	177	78741	38230
Aug 10, 2022	969830	145	80051	27081
Aug 11, 2022	940212	130	57911	24312
Aug 12, 2022	914928	152	51821	22638
Aug 13, 2022	888122	129	51462	21175
Aug 14, 2022	877570	78	29929	16347
Aug 15, 2022	867064	42	20357	4564
Aug 16, 2022	854023	70	21912	6331
Aug 17, 2022	834760	128	55396	35745
Aug 18, 2022	817998	147	43906	23605
Aug 19, 2022	799423	124	43140	20236
Aug 20, 2022	782628	88	41099	19870
Aug 21, 2022	778810	63	23225	14820
Aug 22, 2022	767077	75	22075	4012
Aug 23, 2022	752091	134	50209	28988
Aug 24, 2022	727812	112	49555	21289
Aug 25, 2022	711312	84	39851	19837
Aug 26, 2022	697822	99	35386	18116
Aug 27, 2022	682575	80	36969	17833
Aug 28, 2022	679894	41	20287	14110
Aug 29, 2022	668764	60	19417	3806
Aug 30, 2022	660241	98	39512	27358
Aug 31, 2022	645933	90	36032	19240
Sep 01, 2022	634194	68	32169	18646
Sep 02, 2022	620385	91	32876	16399
Sep 03, 2022	608181	48	29816	15597
Sep 04, 2022	603166	30	18181	12894
Sep 05, 2022	589460	40	20274	3443
Sep 06, 2022	571344	80	42884	26918
Sep 07, 2022	555745	57	33112	20142
Sep 08, 2022	515431	89	57542	19866
Sep 09, 2022	502811	59	28103	19087
Sep 10, 2022	484939	18	33417	19517
Sep 11, 2022	471849	34	25371	16422
Sep 12, 2022	462669	33	15558	4579
Sep 13, 2022	454035	93	31699	41850
Sep 14, 2022	450900	69	21915	33575
Sep 15, 2022	444210	60	24603	33263
Sep 16, 2022	425722	44	35806	28686
Sep 17, 2022	426951	38	15883	33162
Sep 18, 2022	428054	32	10946	23137
Sep 19, 2022	427222	31	9058	5219
Sep 20, 2022	414067	60	41480	51816
Sep 21, 2022	413107	46	22102	38250
Sep 22, 2022	412735	60	22835	38464
Sep 23, 2022	416766	49	17003	37524
Sep 24, 2022	422999	43	16084	38024
Sep 25, 2022	428286	13	13494	31365
Sep 26, 2022	427432	32	10828	7489
Sep 27, 2022	444389	64	27854	73639
Sep 28, 2022	459373	48	21763	53410
Sep 29, 2022	476145	30	20719	51366
Sep 30, 2022	441944	38	68638	48261
Oct 01, 2022	456149	38	18825	46596
Oct 02, 2022	467949	20	17086	37453
Oct 03, 2022	468336	47	14269	8690
Oct 04, 2022	491811	60	35350	89185
Oct 05, 2022	509740	43	27251	66564
Oct 06, 2022	508524	56	46009	65537
Oct 07, 2022	525955	62	27172	61121
Oct 08, 2022	497497	60	72114	57270
Oct 09, 2022	507891	41	24008	42626
Oct 10, 2022	503427	51	19502	9373
Oct 11, 2022	520919	80	48345	94753
Oct 12, 2022	533451	69	35153	67948
Oct 13, 2022	539023	66	40067	64218
Oct 14, 2022	542766	98	36735	58695
Oct 15, 2022	552492	73	29169	55394
Oct 16, 2022	553014	32	29684	41973
Oct 17, 2022	544088	93	22863	9421
Oct 18, 2022	543207	113	59125	87666
Oct 19, 2022	542792	81	42037	63031
Oct 20, 2022	534676	84	48592	56793
Oct 21, 2022	528150	91	42549	49087
Oct 22, 2022	523696	92	36137	43746
Oct 23, 2022	519797	52	29400	31470
Oct 24, 2022	508440	39	22923	6907
Oct 25, 2022	499999	120	57034	59653
Oct 26, 2022	498269	93	36673	41185
Oct 27, 2022	484241	94	45692	37089
Oct 28, 2022	475906	85	37287	25783
Oct 29, 2022	467205	76	35424	22723
Oct 30, 2022	460563	53	25089	16456
Oct 31, 2022	451094	53	17384	3768
Nov 01, 2022	441425	82	41006	29525
Nov 02, 2022	434581	60	20890	5691
Nov 03, 2022	425111	87	48378	42025
Nov 04, 2022	422691	118	30723	29438
Nov 05, 2022	419380	101	29790	26840
Nov 06, 2022	420746	45	19255	21178
Nov 07, 2022	414942	53	15992	3645
Nov 08, 2022	415812	86	37949	40591
Nov 09, 2022	416727	81	27176	28702
Nov 10, 2022	418554	65	26304	27068
Nov 11, 2022	418986	84	26717	26353
Nov 12, 2022	422641	70	24043	5577
Nov 13, 2022	427520	46	17876	27155
Nov 14, 2022	423962	66	14805	6017
Nov 15, 2022	437933	106	33257	48971
Nov 16, 2022	445577	88	28455	34878
Nov 17, 2022	452895	73	28319	33331
Nov 18, 2022	463533	85	24107	37177
Nov 19, 2022	470933	76	25362	47088
Nov 20, 2022	476968	37	19883	14204
Nov 21, 2022	469610	66	19963	29335
Nov 22, 2022	483661	117	36113	64772
Nov 23, 2022	485641	110	33550	49188
Nov 24, 2022	492457	89	30002	50530
Nov 25, 2022	495052	84	31917	48629
Nov 26, 2022	498247	89	29124	48331
Nov 27, 2022	498053	51	24099	37675
Nov 28, 2022	489978	81	20260	9304
Nov 29, 2022	500676	141	39781	91814
Nov 30, 2022	502827	86	34740	68382
Dec 01, 2022	507169	103	32152	69253
Dec 02, 2022	513877	106	27035	59008
Dec 03, 2022	518580	105	28719	52908
Dec 04, 2022	519466	45	24483	40006
Dec 05, 2022	512751	67	19195	10591
Dec 06, 2022	518826	166	43222	105516
Dec 07, 2022	520005	102	34084	75752
Dec 08, 2022	523075	95	27994	71597
Dec 09, 2022	517298	90	16793	65509
Dec 10, 2022	512026	110	38541	61482
Dec 11, 2022	512309	48	22910	46422
Dec 12, 2022	503753	74	20136	10878
Dec 13, 2022	498712	142	47356	97037
Dec 14, 2022	493324	143	33115	70224
Dec 15, 2022	485654	112	32481	62541
Dec 16, 2022	482379	131	26218	56361
Dec 17, 2022	478781	101	24465	52544
Dec 18, 2022	475730	68	19249	37264
Dec 19, 2022	463982	84	20209	8213
Dec 20, 2022	455909	117	36431	71212
Dec 21, 2022	449271	141	27177	54613
Dec 22, 2022	436465	156	32214	49517
Dec 23, 2022	431483	134	23980	43766
Dec 24, 2022	429449	98	21701	40744
Dec 25, 2022	426882	44	18497	23681
Dec 26, 2022	423110	36	8264	5429
Dec 27, 2022	417812	76	13544	30989
Dec 28, 2022	416013	204	31356	26081
Dec 29, 2022	417661	114	22855	24436
Dec 30, 2022	419249	150	22995	23808
Dec 31, 2022	423829	126	19687	21836
Jan 01, 2023	427798	54	13217	15005
Jan 02, 2023	422705	86	10437	2246
Jan 03, 2023	425161	140	24506	22916
Jan 04, 2023	422141	97	22128	14105
Jan 05, 2023	406182	122	33711	11537
Jan 06, 2023	381040	71	41565	10383
Jan 07, 2023	370071	44	15892	8961
Jan 08, 2023	369429	53	14014	6557
Jan 09, 2023	352301	65	22683	1702
Jan 10, 2023	372767	150	0	11715
Jan 11, 2023	361348	89	23450	7635
Jan 12, 2023	353643	104	18419	7159
Jan 13, 2023	346760	86	15879	6238
Jan 14, 2023	336591	79	18154	5429
Jan 15, 2023	329518	29	12858	4166
Jan 16, 2023	320773	74	11709	1235
Jan 17, 2023	313418	78	18496	8381
Jan 18, 2023	307855	73	13108	5894
Jan 19, 2023	300050	76	14782	4992
Jan 20, 2023	296249	54	10450	4475
Jan 21, 2023	292579	59	9356	4324
Jan 22, 2023	287220	16	9063	3477
Jan 23, 2023	281237	44	8438	1027
Jan 24, 2023	276247	73	12978	7263
Jan 25, 2023	270864	54	11229	5347
Jan 26, 2023	251970	45	24380	5287
Jan 27, 2023	247840	38	9066	4681
Jan 28, 2023	246608	33	7236	4513
Jan 29, 2023	242432	25	7594	3802
Jan 30, 2023	238065	33	6161	982
Jan 31, 2023	234807	115	10440	6860
Feb 01, 2023	231025	147	8878	4506
Feb 02, 2023	227985	48	8548	4021
Feb 03, 2023	223961	57	8642	3618
Feb 04, 2023	219446	30	9195	3312
Feb 05, 2023	215670	18	7245	2632
Feb 06, 2023	211203	32	6235	718
Feb 07, 2023	209950	64	8309	4999
Feb 08, 2023	206197	40	8419	3991
Feb 09, 2023	196058	38	14504	3653
Feb 10, 2023	193760	45	6214	3366
Feb 11, 2023	190770	22	6777	3187
Feb 12, 2023	187191	12	6402	2469
Feb 13, 2023	185398	26	3346	706
Feb 14, 2023	186948	66	5117	4986
Feb 15, 2023	187297	63	4421	3972
Feb 16, 2023	185528	65	6301	4021
Feb 17, 2023	185245	48	4609	3589
Feb 18, 2023	184637	29	4774	4236
Feb 19, 2023	183031	18	4665	2999
Feb 20, 2023	179975	19	4650	898
Feb 21, 2023	180201	56	6516	5774
Feb 22, 2023	177629	34	7199	4584
Feb 23, 2023	169105	40	13204	4489
Feb 24, 2023	161379	49	12091	3917
Feb 25, 2023	159460	31	5782	3843
Feb 26, 2023	152945	13	9341	2942
Feb 27, 2023	150179	31	4229	841
Feb 28, 2023	148859	44	7168	5651
Mar 01, 2023	148036	32	5419	4525
Mar 02, 2023	148070	28	3435	4196
Mar 03, 2023	147119	51	4421	3194
Mar 04, 2023	146512	23	3846	4013
Mar 05, 2023	146265	9	2554	0
Mar 06, 2023	144978	25	2681	953
Mar 07, 2023	143981	45	6636	0
Mar 08, 2023	143907	27	3979	0
Mar 09, 2023	144071	36	3629	0
Mar 10, 2023	143580	32	4056	6188
Mar 11, 2023	143252	24	3676	6072
Mar 12, 2023	142506	27	3230	4558
Mar 13, 2023	141214	37	2633	1235
Mar 14, 2023	141837	38	4809	9937
Mar 15, 2023	141806	28	3924	8348
Mar 16, 2023	141988	26	3275	7932
Mar 17, 2023	142193	24	3056	7228
Mar 18, 2023	142182	21	2983	7210
Mar 19, 2023	141646	7	2692	5459
Mar 20, 2023	139894	21	2909	1470
Mar 21, 2023	140072	46	4958	11519
Mar 22, 2023	139531	30	4370	9762
Mar 23, 2023	138599	34	4475	9249
Mar 24, 2023	138605	22	3319	8839
Mar 25, 2023	139066	19	2879	8435
Mar 26, 2023	138273	9	2852	6211
Mar 27, 2023	135857	16	3629	7
Mar 28, 2023	134570	38	6264	12933
Mar 29, 2023	133314	23	4828	10885
Mar 30, 2023	133668	29	2873	0
Mar 31, 2023	133697	42	2931	9211
Apr 01, 2023	134371	24	2136	8455
Apr 02, 2023	134005	12	2490	6027
Apr 03, 2023	132624	15	2585	1453
Apr 04, 2023	133111	39	4184	0
Apr 05, 2023	132670	30	3706	9922
Apr 06, 2023	132525	11	3011	9374
Apr 07, 2023	132775	19	2731	8786
Apr 08, 2023	133650	22	1773	7739
Apr 09, 2023	133264	6	2574	6474
Apr 10, 2023	132677	6	1479	1342
Apr 11, 2023	130838	22	3262	1884
Apr 12, 2023	133342	26	4176	14207
Apr 13, 2023	133878	28	4309	10678
Apr 14, 2023	134801	36	3363	9467
Apr 15, 2023	136819	13	2277	8595
Apr 16, 2023	137883	4	1768	5805
Apr 17, 2023	135875	18	3488	1411
Apr 18, 2023	135537	28	6314	10616
Apr 19, 2023	135820	70	4514	8807
Apr 20, 2023	136174	22	3838	8201
Apr 21, 2023	136706	21	3213	7400
Apr 22, 2023	137694	24	2462	6796
Apr 23, 2023	137050	16	3242	5008
Apr 24, 2023	135321	19	3016	1185
Apr 25, 2023	130604	25	9549	8895
Apr 26, 2023	129291	25	2866	7490
Apr 27, 2023	130032	26	4806	6609
Apr 28, 2023	130029	21	3790	6144
Apr 29, 2023	129082	27	4234	5642
Apr 30, 2023	128690	10	2693	4030
May 01, 2023	128495	8	1366	1098
May 02, 2023	126502	21	3444	1065
May 03, 2023	127652	48	3959	8715
May 04, 2023	125553	31	5648	6161
May 05, 2023	125865	32	3072	5505
May 06, 2023	126543	32	2069	5103
May 07, 2023	126899	14	1604	3301
May 08, 2023	125276	23	2696	759
May 09, 2023	125988	32	3461	1044
May 10, 2023	126167	19	2784	6708
May 11, 2023	126475	24	2260	0
May 12, 2023	126114	21	2531	9003
May 13, 2023	126255	21	1908	3706
May 14, 2023	125792	16	1829	2563
May 15, 2023	125212	19	1266	623
May 16, 2023	125471	35	2671	5118
May 17, 2023	124464	32	3729	4149
May 18, 2023	124150	18	2572	0
May 19, 2023	124070	34	2106	0
May 20, 2023	124456	10	1625	0
May 21, 2023	124230	8	1733	0
May 22, 2023	123373	19	1707	677
May 23, 2023	123631	28	3204	5901
May 24, 2023	121641	25	4573	4905
May 25, 2023	121783	26	2246	4220
May 26, 2023	122331	27	1619	3724
May 27, 2023	123101	21	1255	3317
May 28, 2023	122879	12	1692	2284
May 29, 2023	122095	6	1578	592
May 30, 2023	122290	24	2639	902
May 31, 2023	120327	17	4004	5210
Jun 01, 2023	119805	18	2327	3735
Jun 02, 2023	119651	24	1462	3204
Jun 03, 2023	119480	10	791	2797
Jun 04, 2023	119244	5	1416	2082
Jun 05, 2023	118366	9	1601	443
Jun 06, 2023	118388	23	2354	3590
Jun 07, 2023	118321	8	1555	2762
Jun 08, 2023	118319	29	1350	2603
Jun 09, 2023	118313	17	1167	2357
Jun 10, 2023	118414	13	1020	2135
Jun 11, 2023	118095	9	1130	1282
Jun 12, 2023	117708	4	838	332
Jun 13, 2023	116678	11	2747	2631
Jun 14, 2023	116395	14	1421	2069
Jun 15, 2023	116031	13	1344	545
Jun 16, 2023	115926	15	1003	2895
Jun 17, 2023	115830	15	950	1482
Jun 18, 2023	115773	8	636	1080
Jun 19, 2023	115192	7	871	270
Jun 20, 2023	115249	13	1346	2071
Jun 21, 2023	115177	12	876	1702
Jun 22, 2023	114366	6	1564	1420
Jun 23, 2023	114453	21	623	1232
Jun 24, 2023	114508	17	614	1217
Jun 25, 2023	114474	6	556	776
Jun 26, 2023	114338	10	507	213
Jun 27, 2023	114257	19	1064	1680
Jun 28, 2023	113944	9	993	1148
Jun 29, 2023	113365	4	1258	1106
Jun 30, 2023	113091	9	850	1106
Jul 01, 2023	113643	10	0	0
Jul 02, 2023	113945	1	88	0
Jul 03, 2023	113725	5	410	0
Jul 04, 2023	112624	7	1904	0
Jul 05, 2023	112230	2	1002	0
Jul 06, 2023	112244	4	557	0
Jul 07, 2023	112285	3	425	0
Jul 08, 2023	112276	7	488	0
Jul 09, 2023	112395	2	281	0
Jul 10, 2023	112054	1	538	0
Jul 11, 2023	112115	13	728	0
Jul 12, 2023	112125	2	502	0
Jul 13, 2023	111814	8	854	0
Jul 14, 2023	111737	13	572	0
Jul 15, 2023	111729	4	434	0
Jul 16, 2023	111716	2	328	0
Jul 17, 2023	111618	6	292	0
Jul 18, 2023	111847	12	601	0
Jul 19, 2023	111773	7	605	0
Jul 20, 2023	111989	1	350	0
Jul 21, 2023	112240	9	285	0
Jul 22, 2023	112137	6	660	0
Jul 23, 2023	112144	1	365	0
Jul 24, 2023	112035	1	339	0
Jul 25, 2023	112458	4	583	0
Jul 26, 2023	112809	1	365	0
Jul 27, 2023	112799	3	696	0
Jul 28, 2023	113070	5	430	0
Jul 29, 2023	113211	2	512	0
Jul 30, 2023	113378	3	383	0
Jul 31, 2023	113394	0	260	0
Aug 01, 2023	113699	9	1081	0
Aug 02, 2023	114213	13	568	0
Aug 03, 2023	114484	9	812	0
Aug 04, 2023	114864	10	593	0
Aug 05, 2023	115407	5	410	0
Aug 06, 2023	115469	2	460	0
Aug 07, 2023	115380	11	499	0
Aug 08, 2023	115481	23	1145	0
Aug 09, 2023	115711	7	704	0
Aug 10, 2023	115587	7	1076	0
Aug 11, 2023	115817	17	708	0
Aug 12, 2023	116110	9	700	0
Aug 13, 2023	116204	3	592	0
Aug 14, 2023	115506	9	1164	0
Aug 15, 2023	115391	6	1530	0
Aug 16, 2023	115223	5	551	0
Aug 17, 2023	115629	8	1280	0
Aug 18, 2023	116163	5	894	0
Aug 19, 2023	116954	2	798	0
Aug 20, 2023	117477	4	729	0
Aug 21, 2023	117604	3	505	0
Aug 22, 2023	118826	11	1560	0
Aug 23, 2023	119753	11	1262	0
Aug 24, 2023	120405	8	1278	0
Aug 25, 2023	120786	14	1763	0
Aug 26, 2023	121773	4	977	0
Aug 27, 2023	122179	10	1069	0
Aug 28, 2023	122060	6	980	0
Aug 29, 2023	123254	13	2537	0
Aug 30, 2023	124435	10	1512	0
Aug 31, 2023	124140	16	3126	0
Sep 01, 2023	125302	16	1531	0
Sep 02, 2023	127156	10	894	0
Sep 03, 2023	127780	6	1494	0
Sep 04, 2023	127811	13	1159	0
Sep 05, 2023	130410	12	2935	0
Sep 06, 2023	132133	21	2378	0
Sep 07, 2023	133707	21	2379	0
Sep 08, 2023	135385	10	2238	0
Sep 09, 2023	137557	6	1657	0
Sep 10, 2023	138404	8	2211	0
Sep 11, 2023	137985	14	1953	0
Sep 12, 2023	141238	18	5239	0
Sep 13, 2023	144044	22	3090	0
Sep 14, 2023	144805	14	4799	0
Sep 15, 2023	147931	20	1937	0
Sep 16, 2023	149997	13	2949	0
Sep 17, 2023	150361	5	3256	0
Sep 18, 2023	149559	18	2542	0
Sep 19, 2023	150983	27	7256	0
Sep 20, 2023	153296	20	3973	0
Sep 21, 2023	154118	32	5224	0
Sep 22, 2023	156420	20	3311	0
Sep 23, 2023	159584	12	2241	0
Sep 24, 2023	160419	6	3632	0
Sep 25, 2023	159826	8	2460	0
Sep 26, 2023	156910	20	11730	0
Sep 27, 2023	154145	31	9199	0
Sep 28, 2023	152496	17	8288	0
Sep 29, 2023	155113	26	3951	0
Sep 30, 2023	156369	22	3627	0
Oct 01, 2023	158074	11	3588	0
Oct 02, 2023	157172	22	2851	0
Oct 03, 2023	160373	25	8137	0
Oct 04, 2023	160727	14	6986	0
Oct 05, 2023	162485	28	5179	0
Oct 06, 2023	164601	26	4433	0
Oct 07, 2023	167406	28	3283	0
Oct 08, 2023	167029	6	4348	0
Oct 09, 2023	165275	20	3527	0
Oct 10, 2023	165837	28	8730	0
Oct 11, 2023	166119	25	6567	0
Oct 12, 2023	167055	26	5246	0
Oct 13, 2023	167131	36	5036	0
Oct 14, 2023	167288	23	4671	0
Oct 15, 2023	167213	15	3213	0
Oct 16, 2023	165349	28	4160	0
Oct 17, 2023	164626	44	8256	0
Oct 18, 2023	164014	25	5167	0
Oct 19, 2023	163497	44	4759	0
Oct 20, 2023	163671	29	3846	0
Oct 21, 2023	164551	29	3055	0
Oct 22, 2023	163882	14	3293	0
Oct 23, 2023	162863	24	2337	0
Oct 24, 2023	163266	24	6648	0
Oct 25, 2023	163329	32	4475	0
Oct 26, 2023	162230	30	5513	0
Oct 27, 2023	162958	26	3434	0
Oct 28, 2023	163657	17	3467	0
Oct 29, 2023	163029	6	3268	0
Oct 30, 2023	161800	19	2578	0
Oct 31, 2023	162729	31	5485	0
Nov 01, 2023	162683	19	4124	0
Nov 02, 2023	161816	40	2186	0
Nov 03, 2023	162212	26	4965	0
Nov 04, 2023	163632	26	2534	0
Nov 05, 2023	163658	6	2674	0
Nov 06, 2023	162592	6	2417	0
Nov 07, 2023	165038	32	4833	0
Nov 08, 2023	165740	27	4026	0
Nov 09, 2023	166544	23	4301	0
Nov 10, 2023	167544	32	3272	0
Nov 11, 2023	169054	22	2945	0
Nov 12, 2023	168836	21	3289	0
Nov 13, 2023	168235	25	2161	0
Nov 14, 2023	169923	45	7219	0
Nov 15, 2023	172099	24	4576	0
Nov 16, 2023	174620	36	4167	0
Nov 17, 2023	176821	39	4369	0
Nov 18, 2023	179578	36	3610	0
Nov 19, 2023	179857	23	3761	0
Nov 20, 2023	179088	36	2734	0
Nov 21, 2023	181331	47	9150	0
Nov 22, 2023	182554	18	6472	0
Nov 23, 2023	185529	43	5013	0
Nov 24, 2023	186499	41	5854	0
Nov 25, 2023	190519	36	2784	0
Nov 26, 2023	190394	20	4113	0
Nov 27, 2023	189001	30	3438	0
Nov 28, 2023	195632	67	8815	0
Nov 29, 2023	196559	54	7862	0
Nov 30, 2023	196559	0	0	0
Dec 01, 2023	196559	0	0	0
Dec 02, 2023	196559	0	0	0
Dec 03, 2023	196559	0	0	0
Dec 04, 2023	196559	0	0	0
Dec 05, 2023	196559	0	0	0
Dec 06, 2023	196559	0	0	0
Dec 07, 2023	212618	307	43132	0
Dec 08, 2023	212618	0	0	0
Dec 09, 2023	212618	0	0	0
Dec 10, 2023	212618	0	0	0
Dec 11, 2023	212618	0	0	0
Dec 12, 2023	212618	0	0	0
Dec 13, 2023	224605	322	43233	0
Dec 14, 2023	224605	0	0	0
Dec 15, 2023	224605	0	0	0
Dec 16, 2023	224605	0	0	0
Dec 17, 2023	224605	0	0	0
Dec 18, 2023	224605	0	0	0
Dec 19, 2023	224605	0	0	0
Dec 20, 2023	234090	425	50646	0
Dec 21, 2023	234090	0	0	0
Dec 22, 2023	234090	0	0	0
Dec 23, 2023	234090	0	0	0
Dec 24, 2023	234090	0	0	0
Dec 25, 2023	234090	0	0	0
Dec 26, 2023	234090	0	0	0
Dec 27, 2023	225284	279	49515	0
Dec 28, 2023	225284	0	0	0
Dec 29, 2023	225284	0	0	0
Dec 30, 2023	225284	0	0	0
Dec 31, 2023	225284	0	0	0
Jan 01, 2024	225284	0	0	0
Jan 02, 2024	225284	0	0	0
Jan 03, 2024	218284	371	45365	0
Jan 04, 2024	218284	0	0	0
Jan 05, 2024	218284	0	0	0
Jan 06, 2024	218284	0	0	0
Jan 07, 2024	218284	0	0	0
Jan 08, 2024	218284	0	0	0
Jan 09, 2024	218284	0	0	0
Jan 10, 2024	218284	0	0	0
Jan 11, 2024	218284	0	0	0
Jan 12, 2024	206444	355	32571	0
Jan 13, 2024	206444	0	0	0
Jan 14, 2024	206444	0	0	0
Jan 15, 2024	206444	0	0	0
Jan 16, 2024	206444	0	0	0
Jan 17, 2024	193385	258	22474	0
Jan 18, 2024	193385	0	0	0
Jan 19, 2024	193385	0	0	0
Jan 20, 2024	193385	0	0	0
Jan 21, 2024	193385	0	0	0
Jan 22, 2024	193385	0	0	0
Jan 23, 2024	193385	0	0	0
Jan 24, 2024	186697	203	12295	0
Jan 25, 2024	186697	0	0	0
Jan 26, 2024	186697	0	0	0
Jan 27, 2024	186697	0	0	0
Jan 28, 2024	186697	0	0	0
Jan 29, 2024	186697	0	0	0
Jan 30, 2024	186697	0	0	0
Jan 31, 2024	186697	0	0	0
Feb 01, 2024	186697	0	0	0
Feb 02, 2024	180744	115	9696	0
Feb 03, 2024	180744	0	0	0
Feb 04, 2024	180744	0	0	0
Feb 05, 2024	180744	0	0	0
Feb 06, 2024	180744	0	0	0
Feb 07, 2024	180744	0	0	0
Feb 08, 2024	180744	0	0	0
Feb 09, 2024	175048	95	8592	0
Feb 10, 2024	175048	0	0	0
Feb 11, 2024	175048	0	0	0
Feb 12, 2024	175048	0	0	0
Feb 13, 2024	175048	0	0	0
Feb 14, 2024	172684	92	4493	0
Feb 15, 2024	172684	0	0	0
Feb 16, 2024	172684	0	0	0
Feb 17, 2024	172684	0	0	0
Feb 18, 2024	172684	0	0	0
Feb 19, 2024	172684	0	0	0
Feb 20, 2024	172684	0	0	0
Feb 21, 2024	171207	52	3032	0
Feb 22, 2024	171207	0	0	0
Feb 23, 2024	171207	0	0	0
Feb 24, 2024	171207	0	0	0
Feb 25, 2024	171207	0	0	0
Feb 26, 2024	171207	0	0	0
Feb 27, 2024	171207	0	0	0
Feb 28, 2024	171192	39	1076	0
Feb 29, 2024	171192	0	0	0
Mar 01, 2024	171192	0	0	0
Mar 02, 2024	171192	0	0	0
Mar 03, 2024	171192	0	0	0
Mar 04, 2024	171192	0	0	0
Mar 05, 2024	171192	0	0	0
Mar 06, 2024	171192	0	0	0
Mar 07, 2024	171192	0	0	0
Mar 08, 2024	171192	0	0	0
Mar 09, 2024	171192	0	0	0
Mar 10, 2024	171192	0	0	0
Mar 11, 2024	171192	0	0	0
Mar 12, 2024	171192	0	0	0
Mar 13, 2024	171192	0	0	0
Mar 14, 2024	171192	0	0	0
Mar 15, 2024	170036	72	2936	0
Mar 16, 2024	170036	0	0	0
Mar 17, 2024	170036	0	0	0
Mar 18, 2024	170036	0	0	0
Mar 19, 2024	170036	0	0	0
Mar 20, 2024	169361	26	1429	0
Mar 21, 2024	169361	0	0	0
Mar 22, 2024	169361	0	0	0
Mar 23, 2024	169361	0	0	0
