Feb 15, 2020	0	null	null	null
Feb 16, 2020	0	0	0	6
Feb 17, 2020	0	0	18	7
Feb 18, 2020	0	0	2	8
Feb 19, 2020	0	0	0	10
Feb 20, 2020	0	0	0	10
Feb 21, 2020	0	0	2	15
Feb 22, 2020	0	0	0	25
Feb 23, 2020	0	0	1	12
Feb 24, 2020	0	0	0	13
Feb 25, 2020	0	0	0	2
Feb 26, 2020	0	2	0	11
Feb 27, 2020	0	1	9	42
Feb 28, 2020	0	1	0	19
Feb 29, 2020	0	0	0	8
Mar 01, 2020	0	1	10	15
Mar 02, 2020	0	0	0	18
Mar 03, 2020	0	0	1	19
Mar 04, 2020	0	0	0	38
Mar 05, 2020	0	0	0	33
Mar 06, 2020	0	0	6	56
Mar 07, 2020	0	0	27	41
Mar 08, 2020	0	1	0	41
Mar 09, 2020	0	2	8	28
Mar 10, 2020	0	3	18	57
Mar 11, 2020	0	3	16	52
Mar 12, 2020	0	4	0	52
Mar 13, 2020	0	2	0	43
Mar 14, 2020	0	1	26	70
Mar 15, 2020	0	2	0	29
Mar 16, 2020	0	4	0	17
Mar 17, 2020	0	1	0	28
Mar 18, 2020	0	0	47	36
Mar 19, 2020	0	4	0	29
Mar 20, 2020	0	2	24	64
Mar 21, 2020	0	1	0	47
Mar 22, 2020	0	5	20	47
Mar 23, 2020	0	1	0	27
Mar 24, 2020	0	1	50	65
Mar 25, 2020	0	2	25	114
Mar 26, 2020	0	2	49	80
Mar 27, 2020	0	2	13	112
Mar 28, 2020	0	3	32	194
Mar 29, 2020	0	2	20	173
Mar 30, 2020	0	2	0	87
Mar 31, 2020	0	1	0	226
Apr 01, 2020	0	0	48	206
Apr 02, 2020	0	6	0	234
Apr 03, 2020	0	6	42	319
Apr 04, 2020	0	8	0	204
Apr 05, 2020	0	8	61	516
Apr 06, 2020	0	7	17	253
Apr 07, 2020	0	1	30	352
Apr 08, 2020	0	1	10	411
Apr 09, 2020	0	5	53	682
Apr 10, 2020	0	0	0	660
Apr 11, 2020	0	9	77	745
Apr 12, 2020	0	15	22	624
Apr 13, 2020	0	20	15	249
Apr 14, 2020	0	3	54	268
Apr 15, 2020	0	32	48	743
Apr 16, 2020	0	12	34	606
Apr 17, 2020	0	0	0	557
Apr 18, 2020	0	32	134	510
Apr 19, 2020	0	14	90	502
Apr 20, 2020	0	27	80	339
Apr 21, 2020	0	18	117	378
Apr 22, 2020	0	18	68	439
Apr 23, 2020	0	29	70	419
Apr 24, 2020	0	17	36	345
Apr 25, 2020	0	15	126	520
Apr 26, 2020	0	12	153	219
Apr 27, 2020	0	13	90	165
Apr 28, 2020	0	9	0	122
Apr 29, 2020	0	19	470	159
Apr 30, 2020	0	17	92	193
May 01, 2020	0	25	516	218
May 02, 2020	0	19	231	267
May 03, 2020	0	13	778	307
May 04, 2020	0	49	175	201
May 05, 2020	0	20	341	175
May 06, 2020	0	0	0	0
May 07, 2020	0	21	423	225
May 08, 2020	0	13	229	98
May 09, 2020	0	17	762	88
May 10, 2020	0	17	2226	114
May 11, 2020	0	9	166	70
May 12, 2020	0	24	239	121
May 13, 2020	0	21	390	81
May 14, 2020	0	19	950	71
May 15, 2020	0	16	471	83
May 16, 2020	0	12	0	34
May 17, 2020	0	19	817	48
May 18, 2020	0	5	412	20
May 19, 2020	0	19	0	62
May 20, 2020	0	3	724	18
May 21, 2020	0	6	387	39
May 22, 2020	0	19	334	89
May 23, 2020	0	12	240	23
May 24, 2020	0	12	169	14
May 25, 2020	0	10	199	31
May 26, 2020	0	16	198	42
May 27, 2020	0	12	163	28
May 28, 2020	0	9	174	32
May 29, 2020	0	7	107	36
May 30, 2020	0	12	152	85
May 31, 2020	0	5	53	47
Jun 01, 2020	0	1	43	33
Jun 02, 2020	0	2	148	46
Jun 03, 2020	0	6	121	56
Jun 04, 2020	0	3	96	32
Jun 05, 2020	0	4	105	46
Jun 06, 2020	0	7	107	39
Jun 07, 2020	0	2	60	38
Jun 08, 2020	0	0	9	33
Jun 09, 2020	0	0	65	36
Jun 10, 2020	0	3	85	41
Jun 11, 2020	0	1	85	41
Jun 12, 2020	0	2	110	40
Jun 13, 2020	0	2	87	50
Jun 14, 2020	0	1	63	47
Jun 15, 2020	0	0	43	73
Jun 16, 2020	0	2	15	85
Jun 17, 2020	0	4	149	41
Jun 18, 2020	0	4	80	40
Jun 19, 2020	0	0	78	72
Jun 20, 2020	0	17	69	59
Jun 21, 2020	0	1	31	65
Jun 22, 2020	0	0	25	52
Jun 23, 2020	0	2	79	52
Jun 24, 2020	0	8	51	56
Jun 25, 2020	0	5	57	86
Jun 26, 2020	0	1	72	87
Jun 27, 2020	0	2	60	100
Jun 28, 2020	0	0	53	93
Jun 29, 2020	0	1	52	86
Jun 30, 2020	0	0	74	117
Jul 01, 2020	0	2	100	130
Jul 02, 2020	0	1	41	151
Jul 03, 2020	0	1	94	194
Jul 04, 2020	0	1	93	215
Jul 05, 2020	0	0	91	241
Jul 06, 2020	0	0	74	254
Jul 07, 2020	0	1	73	206
Jul 08, 2020	0	2	134	193
Jul 09, 2020	0	1	135	197
Jul 10, 2020	0	1	186	349
Jul 11, 2020	0	0	197	411
Jul 12, 2020	0	0	154	374
Jul 13, 2020	0	0	100	367
Jul 14, 2020	0	0	179	353
Jul 15, 2020	0	2	264	289
Jul 16, 2020	0	1	270	383
Jul 17, 2020	0	0	283	584
Jul 18, 2020	0	0	271	661
Jul 19, 2020	0	0	211	511
Jul 20, 2020	0	0	181	455
Jul 21, 2020	0	3	399	642
Jul 22, 2020	0	1	497	568
Jul 23, 2020	0	1	385	728
Jul 24, 2020	0	2	294	929
Jul 25, 2020	0	1	240	832
Jul 26, 2020	0	3	195	597
Jul 27, 2020	0	0	355	608
Jul 28, 2020	0	2	697	974
Jul 29, 2020	0	3	698	942
Jul 30, 2020	0	3	674	1151
Jul 31, 2020	0	2	752	1326
Aug 01, 2020	0	5	578	1468
Aug 02, 2020	0	0	401	855
Aug 03, 2020	0	1	582	2003
Aug 04, 2020	0	4	712	1174
Aug 05, 2020	0	6	833	1274
Aug 06, 2020	0	4	851	1137
Aug 07, 2020	0	7	1279	1556
Aug 08, 2020	0	6	1157	1628
Aug 09, 2020	0	1	1007	1347
Aug 10, 2020	0	7	748	1210
Aug 11, 2020	0	5	919	940
Aug 12, 2020	0	7	915	1285
Aug 13, 2020	0	4	1249	939
Aug 14, 2020	0	10	1348	1073
Aug 15, 2020	0	12	1470	1363
Aug 16, 2020	0	3	1138	1140
Aug 17, 2020	0	11	1119	955
Aug 18, 2020	0	16	1091	1020
Aug 19, 2020	0	13	1555	867
Aug 20, 2020	0	16	1435	953
Aug 21, 2020	0	11	1204	1223
Aug 22, 2020	0	14	1158	1014
Aug 23, 2020	0	7	930	1016
Aug 24, 2020	0	5	792	762
Aug 25, 2020	0	15	1094	615
Aug 26, 2020	0	13	1260	703
Aug 27, 2020	0	17	1138	848
Aug 28, 2020	0	12	1175	907
Aug 29, 2020	0	17	1349	852
Aug 30, 2020	0	9	825	843
Aug 31, 2020	0	15	640	602
Sep 01, 2020	0	17	1023	528
Sep 02, 2020	0	11	606	610
Sep 03, 2020	0	12	1099	599
Sep 04, 2020	0	11	895	671
Sep 05, 2020	0	19	1031	609
Sep 06, 2020	0	8	633	544
Sep 07, 2020	0	6	461	438
Sep 08, 2020	0	14	748	379
Sep 09, 2020	0	16	820	493
Sep 10, 2020	0	13	737	496
Sep 11, 2020	0	6	757	682
Sep 12, 2020	0	11	692	645
Sep 13, 2020	0	16	621	676
Sep 14, 2020	0	3	344	440
Sep 15, 2020	0	9	590	302
Sep 16, 2020	0	10	703	491
Sep 17, 2020	0	12	723	562
Sep 18, 2020	0	9	648	486
Sep 19, 2020	0	13	597	580
Sep 20, 2020	0	5	536	585
Sep 21, 2020	0	0	375	484
Sep 22, 2020	0	8	245	299
Sep 23, 2020	0	4	334	331
Sep 24, 2020	0	8	558	274
Sep 25, 2020	0	12	954	457
Sep 26, 2020	0	8	663	559
Sep 27, 2020	0	5	457	637
Sep 28, 2020	0	3	384	442
Sep 29, 2020	0	9	470	364
Sep 30, 2020	0	7	567	517
Oct 01, 2020	0	7	566	554
Oct 02, 2020	0	7	631	654
Oct 03, 2020	0	12	589	554
Oct 04, 2020	0	7	509	572
Oct 05, 2020	0	2	295	401
Oct 06, 2020	0	3	463	309
Oct 07, 2020	0	3	606	497
Oct 08, 2020	0	8	552	478
Oct 09, 2020	0	3	507	620
Oct 10, 2020	0	8	625	595
Oct 11, 2020	0	3	469	681
Oct 12, 2020	0	2	290	436
Oct 13, 2020	0	5	509	327
Oct 14, 2020	0	4	538	468
Oct 15, 2020	0	8	681	571
Oct 16, 2020	0	4	616	723
Oct 17, 2020	0	11	580	634
Oct 18, 2020	0	9	456	594
Oct 19, 2020	0	4	457	472
Oct 20, 2020	0	2	573	354
Oct 21, 2020	0	3	595	454
Oct 22, 2020	0	6	560	592
Oct 23, 2020	0	9	580	615
Oct 24, 2020	0	12	543	699
Oct 25, 2020	0	5	496	701
Oct 26, 2020	0	7	428	541
Oct 27, 2020	0	7	440	425
Oct 28, 2020	0	5	661	619
Oct 29, 2020	0	3	516	738
Oct 30, 2020	0	11	569	772
Oct 31, 2020	0	11	586	772
Nov 01, 2020	0	11	486	756
Nov 02, 2020	0	8	424	669
Nov 03, 2020	0	6	473	469
Nov 04, 2020	0	6	441	620
Nov 05, 2020	0	8	820	940
Nov 06, 2020	0	12	645	946
Nov 07, 2020	0	3	707	1135
Nov 08, 2020	0	3	738	1175
Nov 09, 2020	0	6	458	1000
Nov 10, 2020	0	11	622	901
Nov 11, 2020	0	12	836	1176
Nov 12, 2020	0	10	899	1559
Nov 13, 2020	0	16	1015	1591
Nov 14, 2020	0	13	973	1689
Nov 15, 2020	0	3	850	1698
Nov 16, 2020	0	2	839	1463
Nov 17, 2020	0	18	965	1193
Nov 18, 2020	0	10	1063	1493
Nov 19, 2020	0	9	1260	2156
Nov 20, 2020	0	21	1473	2307
Nov 21, 2020	0	20	1473	2404
Nov 22, 2020	0	11	1274	2520
Nov 23, 2020	0	7	1109	2184
Nov 24, 2020	0	8	1074	1575
Nov 25, 2020	0	12	1388	1475
Nov 26, 2020	0	21	1657	1865
Nov 27, 2020	0	29	1761	2235
Nov 28, 2020	0	23	2129	2583
Nov 29, 2020	0	32	1636	2591
Nov 30, 2020	0	13	1558	2112
Dec 01, 2020	0	20	2030	1939
Dec 02, 2020	0	33	1838	1696
Dec 03, 2020	0	41	1942	2447
Dec 04, 2020	0	27	1940	2411
Dec 05, 2020	0	43	2273	2448
Dec 06, 2020	0	32	1838	2430
Dec 07, 2020	0	20	1630	1974
Dec 08, 2020	0	47	2096	1867
Dec 09, 2020	0	38	1632	1916
Dec 10, 2020	0	45	2390	2740
Dec 11, 2020	0	37	2013	2976
Dec 12, 2020	0	32	2516	2764
Dec 13, 2020	0	28	1766	2995
Dec 14, 2020	0	23	1665	2372
Dec 15, 2020	0	58	2578	2222
Dec 16, 2020	0	45	2033	2177
Dec 17, 2020	0	51	2747	3068
Dec 18, 2020	0	44	2505	3042
Dec 19, 2020	0	45	2528	2900
Dec 20, 2020	0	45	2030	2856
Dec 21, 2020	0	27	2185	2649
Dec 22, 2020	0	44	1833	2140
Dec 23, 2020	0	50	2780	2461
Dec 24, 2020	0	56	2771	3033
Dec 25, 2020	0	55	2921	3850
Dec 26, 2020	0	50	2401	3576
Dec 27, 2020	0	58	2414	3774
Dec 28, 2020	0	39	2071	2931
Dec 29, 2020	0	54	2290	2891
Dec 30, 2020	0	43	2526	3484
Dec 31, 2020	0	65	1990	3717
Jan 01, 2021	0	46	2269	4101
Jan 02, 2021	0	54	2713	3626
Jan 03, 2021	0	34	2071	2949
Jan 04, 2021	0	51	2195	2900
Jan 05, 2021	0	56	2752	4123
Jan 06, 2021	0	64	3627	4368
Jan 07, 2021	0	72	3420	6091
Jan 08, 2021	0	66	3294	6923
Jan 09, 2021	0	75	3641	7874
Jan 10, 2021	0	64	3175	7639
Jan 11, 2021	0	48	2433	5991
Jan 12, 2021	0	50	2439	5473
Jan 13, 2021	0	51	3686	5115
Jan 14, 2021	0	88	4603	5321
Jan 15, 2021	0	82	4814	6607
Jan 16, 2021	0	65	5519	6712
Jan 17, 2021	0	66	4526	6401
Jan 18, 2021	0	55	4310	6012
Jan 19, 2021	0	47	4944	6049
Jan 20, 2021	0	99	7286	5459
Jan 21, 2021	0	96	8220	5460
Jan 22, 2021	0	87	6042	5813
Jan 23, 2021	0	105	6323	5066
Jan 24, 2021	0	84	5032	4598
Jan 25, 2021	0	65	4896	4162
Jan 26, 2021	0	74	6129	3338
Jan 27, 2021	0	94	6640	3546
Jan 28, 2021	0	109	6285	3936
Jan 29, 2021	0	91	5828	3918
Jan 30, 2021	0	94	5357	3576
Jan 31, 2021	0	108	4885	3668
Feb 01, 2021	0	68	3669	2783
Feb 02, 2021	0	72	5265	2113
Feb 03, 2021	0	118	4772	2215
Feb 04, 2021	0	108	5208	2599
Feb 05, 2021	0	115	5154	2625
Feb 06, 2021	0	108	4410	2313
Feb 07, 2021	0	95	3367	2085
Feb 08, 2021	0	57	3014	1559
Feb 09, 2021	0	81	3584	1780
Feb 10, 2021	0	81	3731	1423
Feb 11, 2021	0	121	2926	1830
Feb 12, 2021	0	96	2576	1743
Feb 13, 2021	0	75	2551	1406
Feb 14, 2021	0	63	2323	1321
Feb 15, 2021	0	40	2216	1313
Feb 16, 2021	0	63	2649	1988
Feb 17, 2021	0	87	3476	1253
Feb 18, 2021	0	94	2292	1396
Feb 19, 2021	0	78	2003	1563
Feb 20, 2021	0	59	1805	1347
Feb 21, 2021	0	84	1632	1199
Feb 22, 2021	0	57	1332	1093
Feb 23, 2021	0	55	1563	861
Feb 24, 2021	0	55	1576	1013
Feb 25, 2021	0	63	1881	1089
Feb 26, 2021	0	75	1330	921
Feb 27, 2021	0	85	1440	1070
Feb 28, 2021	0	53	1302	1204
Mar 01, 2021	0	27	1288	1035
Mar 02, 2021	0	46	1515	733
Mar 03, 2021	0	51	1222	854
Mar 04, 2021	0	68	1444	1195
Mar 05, 2021	0	67	1253	1183
Mar 06, 2021	0	59	1271	1167
Mar 07, 2021	0	49	971	1067
Mar 08, 2021	0	26	970	1039
Mar 09, 2021	0	46	1034	681
Mar 10, 2021	0	54	1164	1061
Mar 11, 2021	0	49	1124	1275
Mar 12, 2021	0	49	1080	1291
Mar 13, 2021	0	58	1069	1299
Mar 14, 2021	0	51	980	1291
Mar 15, 2021	0	30	1026	1035
Mar 16, 2021	0	32	898	784
Mar 17, 2021	0	56	1204	1027
Mar 18, 2021	0	39	1118	1477
Mar 19, 2021	0	41	1032	1520
Mar 20, 2021	0	32	1204	1460
Mar 21, 2021	0	22	1023	1484
Mar 22, 2021	0	23	1128	1146
Mar 23, 2021	0	26	1090	975
Mar 24, 2021	0	47	1105	1292
Mar 25, 2021	0	30	1242	1858
Mar 26, 2021	0	29	1180	1948
Mar 27, 2021	0	31	1324	2031
Mar 28, 2021	0	33	1040	1988
Mar 29, 2021	0	30	1135	1769
Mar 30, 2021	0	25	1274	1565
Mar 31, 2021	0	27	1387	1942
Apr 01, 2021	0	49	1395	2667
Apr 02, 2021	0	23	1302	2691
Apr 03, 2021	0	28	1379	2714
Apr 04, 2021	0	8	1537	2709
Apr 05, 2021	0	10	1535	2464
Apr 06, 2021	0	18	1905	2225
Apr 07, 2021	0	30	1330	2036
Apr 08, 2021	0	22	1672	3307
Apr 09, 2021	0	33	1794	3339
Apr 10, 2021	0	19	2158	3596
Apr 11, 2021	0	29	2739	3619
Apr 12, 2021	0	18	2196	2890
Apr 13, 2021	0	25	2861	2522
Apr 14, 2021	0	44	2242	3375
Apr 15, 2021	0	30	2389	4010
Apr 16, 2021	0	39	2189	4587
Apr 17, 2021	0	46	2811	4484
Apr 18, 2021	0	38	2421	4622
Apr 19, 2021	0	19	2265	4591
Apr 20, 2021	0	30	3031	2752
Apr 21, 2021	0	39	2875	3990
Apr 22, 2021	0	54	2724	5312
Apr 23, 2021	0	36	3229	5481
Apr 24, 2021	0	54	3368	4813
Apr 25, 2021	0	59	3375	5452
Apr 26, 2021	0	59	3134	5593
Apr 27, 2021	0	32	3662	3327
Apr 28, 2021	0	51	3690	4163
Apr 29, 2021	0	52	3500	5862
Apr 30, 2021	0	87	3496	5911
May 01, 2021	0	35	4190	4462
May 02, 2021	0	67	4016	5880
May 03, 2021	0	65	3845	5621
May 04, 2021	0	59	3776	5436
May 05, 2021	0	50	4120	4085
May 06, 2021	0	47	3632	4300
May 07, 2021	0	72	3481	3827
May 08, 2021	0	113	5264	5576
May 09, 2021	0	121	4118	7785
May 10, 2021	0	53	4162	7099
May 11, 2021	0	65	4586	4592
May 12, 2021	0	123	4441	6126
May 13, 2021	0	101	5368	7119
May 14, 2021	0	90	5547	6913
May 15, 2021	0	110	5337	6008
May 16, 2021	0	98	5287	6364
May 17, 2021	0	45	5146	6248
May 18, 2021	0	116	7197	3336
May 19, 2021	0	227	6746	4974
May 20, 2021	0	89	6253	6018
May 21, 2021	0	106	6299	5849
May 22, 2021	0	106	6931	4972
May 23, 2021	0	98	5595	5600
May 24, 2021	0	62	5798	4389
May 25, 2021	0	86	5283	2444
May 26, 2021	0	98	4966	3691
May 27, 2021	0	105	5124	4440
May 28, 2021	0	113	4521	4602
May 29, 2021	0	105	7228	3747
May 30, 2021	0	101	4842	3543
May 31, 2021	0	47	4115	3319
Jun 01, 2021	0	82	4756	1572
Jun 02, 2021	0	91	4756	2673
Jun 03, 2021	0	105	5271	3085
Jun 04, 2021	0	119	4398	2842
Jun 05, 2021	0	85	4743	2609
Jun 06, 2021	0	74	3793	2658
Jun 07, 2021	0	51	3127	2296
Jun 08, 2021	0	71	3581	1124
Jun 09, 2021	0	98	3600	1836
Jun 10, 2021	0	98	4085	2314
Jun 11, 2021	0	66	3386	2034
Jun 12, 2021	0	70	3553	1980
Jun 13, 2021	0	56	2933	1972
Jun 14, 2021	0	38	2723	1530
Jun 15, 2021	0	55	2877	856
Jun 16, 2021	0	61	3634	1409
Jun 17, 2021	0	82	3280	1714
Jun 18, 2021	0	51	2641	1531
Jun 19, 2021	0	45	3592	1617
Jun 20, 2021	0	35	2205	1501
Jun 21, 2021	0	23	1803	1312
Jun 22, 2021	0	31	2002	928
Jun 23, 2021	0	42	1912	1451
Jun 24, 2021	0	57	1964	1749
Jun 25, 2021	0	45	1885	1722
Jun 26, 2021	0	28	2075	1712
Jun 27, 2021	0	31	1673	1644
Jun 28, 2021	0	13	1456	1358
Jun 29, 2021	0	35	1553	954
Jun 30, 2021	0	35	1707	1383
Jul 01, 2021	0	41	1716	1820
Jul 02, 2021	0	21	1684	1736
Jul 03, 2021	0	22	1780	1795
Jul 04, 2021	0	18	1700	1852
Jul 05, 2021	0	6	1566	1579
Jul 06, 2021	0	14	1608	965
Jul 07, 2021	0	22	1851	1639
Jul 08, 2021	0	13	1523	2198
Jul 09, 2021	0	20	1606	2257
Jul 10, 2021	0	16	1820	2273
Jul 11, 2021	0	15	1567	2457
Jul 12, 2021	0	7	1593	2097
Jul 13, 2021	0	4	1554	1430
Jul 14, 2021	0	12	1778	2382
Jul 15, 2021	0	19	1851	3205
Jul 16, 2021	0	24	1897	3419
Jul 17, 2021	0	13	1749	3368
Jul 18, 2021	0	13	1824	3897
Jul 19, 2021	0	8	1859	3259
Jul 20, 2021	0	12	2281	2176
Jul 21, 2021	0	19	2350	3727
Jul 22, 2021	0	18	2527	4840
Jul 23, 2021	0	9	2216	5542
Jul 24, 2021	0	10	2477	4163
Jul 25, 2021	0	8	3148	3349
Jul 26, 2021	0	5	2858	5402
Jul 27, 2021	0	8	3271	4390
Jul 28, 2021	0	15	3772	7541
Jul 29, 2021	0	8	3479	9327
Jul 30, 2021	0	13	3724	11017
Jul 31, 2021	0	11	3889	10494
Aug 01, 2021	0	8	4289	12260
Aug 02, 2021	0	5	3543	10747
Aug 03, 2021	0	7	5105	7919
Aug 04, 2021	0	15	4746	11947
Aug 05, 2021	0	9	5867	14212
Aug 06, 2021	0	12	6330	15246
Aug 07, 2021	0	15	8765	15429
Aug 08, 2021	0	18	8109	15834
Aug 09, 2021	0	7	8324	14769
Aug 10, 2021	0	17	9235	12385
Aug 11, 2021	0	14	10643	9874
Aug 12, 2021	0	19	11148	15146
Aug 13, 2021	0	28	9961	19078
Aug 14, 2021	0	25	12491	20381
Aug 15, 2021	0	17	12020	18520
Aug 16, 2021	0	8	13161	18425
Aug 17, 2021	0	23	14295	14165
Aug 18, 2021	0	36	14691	18918
Aug 19, 2021	0	34	14608	24149
Aug 20, 2021	0	33	12487	24292
Aug 21, 2021	0	29	13213	25591
Aug 22, 2021	0	33	14752	26184
Aug 23, 2021	0	35	14122	23477
Aug 24, 2021	0	32	20935	16096
Aug 25, 2021	0	30	15736	20998
Aug 26, 2021	0	44	15633	25456
Aug 27, 2021	0	60	17463	23412
Aug 28, 2021	0	54	17984	24438
Aug 29, 2021	0	45	19313	23485
Aug 30, 2021	0	50	17992	20689
Aug 31, 2021	0	48	40560	12782
Sep 01, 2021	0	47	23246	18797
Sep 02, 2021	0	82	23287	19306
Sep 03, 2021	0	61	18852	18382
Sep 04, 2021	0	63	22687	16236
Sep 05, 2021	0	66	24294	17520
Sep 06, 2021	0	41	20738	13852
Sep 07, 2021	0	33	16708	8128
Sep 08, 2021	0	49	23626	10348
Sep 09, 2021	0	89	19425	12761
Sep 10, 2021	0	78	18770	10706
Sep 11, 2021	0	87	18979	9182
Sep 12, 2021	0	52	16570	9070
Sep 13, 2021	0	55	17444	7959
Sep 14, 2021	0	49	16797	3778
Sep 15, 2021	0	48	13785	6172
Sep 16, 2021	0	65	13984	6853
Sep 17, 2021	0	71	11917	6022
Sep 18, 2021	0	67	12281	5414
Sep 19, 2021	0	59	11851	4880
Sep 20, 2021	0	48	10302	3591
Sep 21, 2021	0	29	7969	2467
Sep 22, 2021	0	43	9711	1190
Sep 23, 2021	0	43	9173	3286
Sep 24, 2021	0	56	7358	3998
Sep 25, 2021	0	46	7449	1912
Sep 26, 2021	0	32	6035	2835
Sep 27, 2021	0	29	4870	2379
Sep 28, 2021	0	29	4352	996
Sep 29, 2021	0	40	4451	1746
Sep 30, 2021	0	54	4916	2088
Oct 01, 2021	0	43	4006	1643
Oct 02, 2021	0	35	3620	1469
Oct 03, 2021	0	33	3727	1244
Oct 04, 2021	0	14	3134	1101
Oct 05, 2021	0	26	2176	518
Oct 06, 2021	0	33	2792	935
Oct 07, 2021	0	30	2425	1147
Oct 08, 2021	0	37	2349	1014
Oct 09, 2021	0	46	1845	837
Oct 10, 2021	0	25	1786	805
Oct 11, 2021	0	14	1096	603
Oct 12, 2021	0	18	1253	303
Oct 13, 2021	0	27	1473	595
Oct 14, 2021	0	34	1217	733
Oct 15, 2021	0	31	1082	624
Oct 16, 2021	0	27	1095	529
Oct 17, 2021	0	14	995	493
Oct 18, 2021	0	11	666	495
Oct 19, 2021	0	18	731	208
Oct 20, 2021	0	25	789	355
Oct 21, 2021	0	11	568	398
Oct 22, 2021	0	16	644	326
Oct 23, 2021	0	10	742	340
Oct 24, 2021	0	8	592	296
Oct 25, 2021	0	8	395	250
Oct 26, 2021	0	8	414	103
Oct 27, 2021	0	14	628	345
Oct 28, 2021	0	7	478	226
Oct 29, 2021	0	9	436	275
Oct 30, 2021	0	16	361	290
Oct 31, 2021	0	8	339	312
Nov 01, 2021	0	7	245	245
Nov 02, 2021	0	7	282	61
Nov 03, 2021	0	7	368	189
Nov 04, 2021	0	8	299	311
Nov 05, 2021	0	6	271	133
Nov 06, 2021	0	10	343	222
Nov 07, 2021	0	3	252	242
Nov 08, 2021	0	1	174	174
Nov 09, 2021	0	3	233	98
Nov 10, 2021	0	3	1712	203
Nov 11, 2021	0	2	221	209
Nov 12, 2021	0	5	220	198
Nov 13, 2021	0	0	277	201
Nov 14, 2021	0	2	217	211
Nov 15, 2021	0	2	159	150
Nov 16, 2021	0	0	192	60
Nov 17, 2021	0	4	263	155
Nov 18, 2021	0	5	183	203
Nov 19, 2021	0	6	191	160
Nov 20, 2021	0	0	254	161
Nov 21, 2021	0	5	177	110
Nov 22, 2021	0	0	133	146
Nov 23, 2021	0	2	130	34
Nov 24, 2021	0	2	185	117
Nov 25, 2021	0	1	109	76
Nov 26, 2021	0	1	128	119
Nov 27, 2021	0	4	206	112
Nov 28, 2021	0	1	133	135
Nov 29, 2021	0	0	144	73
Nov 30, 2021	0	1	104	78
Dec 01, 2021	0	1	73	83
Dec 02, 2021	0	2	140	126
Dec 03, 2021	0	1	126	130
Dec 04, 2021	0	1	160	141
Dec 05, 2021	0	0	133	127
Dec 06, 2021	0	0	73	114
Dec 07, 2021	0	1	108	73
Dec 08, 2021	0	2	105	98
Dec 09, 2021	0	2	84	124
Dec 10, 2021	0	2	118	173
Dec 11, 2021	0	1	144	138
Dec 12, 2021	0	1	116	141
Dec 13, 2021	0	0	102	131
Dec 14, 2021	0	1	123	86
Dec 15, 2021	0	1	113	129
Dec 16, 2021	0	1	115	173
Dec 17, 2021	0	2	128	193
Dec 18, 2021	0	1	118	181
Dec 19, 2021	0	0	115	195
Dec 20, 2021	0	0	116	187
Dec 21, 2021	0	0	97	148
Dec 22, 2021	0	2	168	223
Dec 23, 2021	0	2	96	267
Dec 24, 2021	0	3	145	303
Dec 25, 2021	0	0	122	294
Dec 26, 2021	0	1	128	316
Dec 27, 2021	0	0	146	274
Dec 28, 2021	0	0	212	218
Dec 29, 2021	0	2	200	362
Dec 30, 2021	0	4	198	466
Dec 31, 2021	0	0	191	490
Jan 01, 2022	0	0	155	463
Jan 02, 2022	0	0	190	504
Jan 03, 2022	0	2	191	516
Jan 04, 2022	0	1	181	783
Jan 05, 2022	0	1	218	1256
Jan 06, 2022	0	1	234	2506
Jan 07, 2022	0	0	379	4194
Jan 08, 2022	0	2	386	5983
Jan 09, 2022	0	2	475	7930
Jan 10, 2022	0	1	791	8144
Jan 11, 2022	0	2	697	6394
Jan 12, 2022	0	2	1012	6829
Jan 13, 2022	0	5	1237	12243
Jan 14, 2022	0	2	2266	17940
Jan 15, 2022	0	11	3532	21241
Jan 16, 2022	0	6	3501	22707
Jan 17, 2022	0	2	8445	26881
Jan 18, 2022	0	1	7227	23351
Jan 19, 2022	0	10	7500	29862
Jan 20, 2022	0	13	8305	39841
Jan 21, 2022	0	12	9620	44638
Jan 22, 2022	0	9	12949	49531
Jan 23, 2022	0	12	15390	54180
Jan 24, 2022	0	16	17188	48411
Jan 25, 2022	0	17	24827	47176
Jan 26, 2022	0	36	25440	60933
Jan 27, 2022	0	40	27719	69736
Jan 28, 2022	0	43	27191	73945
Jan 29, 2022	0	44	40055	80994
Jan 30, 2022	0	43	44517	82159
Jan 31, 2022	0	35	41180	85042
Feb 01, 2022	0	28	51337	61190
Feb 02, 2022	0	79	48336	80222
Feb 03, 2022	0	78	50793	93388
Feb 04, 2022	0	90	50701	103038
Feb 05, 2022	0	92	68343	94431
Feb 06, 2022	0	126	70436	105817
Feb 07, 2022	0	67	65638	92865
Feb 08, 2022	0	122	75368	71708
Feb 09, 2022	0	141	74340	95945
Feb 10, 2022	0	155	74560	97946
Feb 11, 2022	0	175	77682	100097
Feb 12, 2022	0	142	92424	98173
Feb 13, 2022	0	143	74339	67506
Feb 14, 2022	0	157	91153	80234
Feb 15, 2022	0	135	87281	63581
Feb 16, 2022	0	207	81051	79896
Feb 17, 2022	0	253	81658	90522
Feb 18, 2022	0	244	91022	95603
Feb 19, 2022	0	235	104352	92939
Feb 20, 2022	0	203	84459	77153
Feb 21, 2022	0	185	72977	72861
Feb 22, 2022	0	179	85534	55903
Feb 23, 2022	0	272	84616	66373
Feb 24, 2022	0	257	72136	77810
Feb 25, 2022	0	226	90472	65657
Feb 26, 2022	0	256	91649	65196
Feb 27, 2022	0	259	76751	71254
Feb 28, 2022	0	176	75700	63703
Mar 01, 2022	0	187	74491	55243
Mar 02, 2022	0	227	80301	61843
Mar 03, 2022	0	232	74909	71570
Mar 04, 2022	0	257	79653	70958
Mar 05, 2022	0	255	79697	64333
Mar 06, 2022	0	185	73742	63520
Mar 07, 2022	0	146	59249	55417
Mar 08, 2022	0	114	72481	40575
Mar 09, 2022	0	232	65044	49416
Mar 10, 2022	0	205	61591	62747
Mar 11, 2022	0	211	60018	62825
Mar 12, 2022	0	163	75586	56540
Mar 13, 2022	0	169	60919	54758
Mar 14, 2022	0	125	59971	52002
Mar 15, 2022	0	108	59558	32063
Mar 16, 2022	0	180	57499	50781
Mar 17, 2022	0	158	59925	56573
Mar 18, 2022	0	164	56852	55183
Mar 19, 2022	0	155	58638	49210
Mar 20, 2022	0	126	56341	45733
Mar 21, 2022	0	74	51133	40195
Mar 22, 2022	0	57	51958	29657
Mar 23, 2022	0	70	51376	21420
Mar 24, 2022	0	110	56967	36605
Mar 25, 2022	0	129	42125	49063
Mar 26, 2022	0	116	60806	47937
Mar 27, 2022	0	98	49981	47338
Mar 28, 2022	0	68	42404	43565
Mar 29, 2022	0	64	44621	32916
Mar 30, 2022	0	82	40292	41473
Mar 31, 2022	0	97	39830	52765
Apr 01, 2022	0	87	34973	48047
Apr 02, 2022	0	103	39344	53544
Apr 03, 2022	0	48	42392	47377
Apr 04, 2022	0	38	38730	48245
Apr 05, 2022	0	41	42305	33834
Apr 06, 2022	0	60	40553	42315
Apr 07, 2022	0	69	42637	54142
Apr 08, 2022	0	72	40322	55044
Apr 09, 2022	0	62	52860	52104
Apr 10, 2022	0	56	45901	52162
Apr 11, 2022	0	38	41498	47876
Apr 12, 2022	0	37	36778	33136
Apr 13, 2022	0	44	44733	51331
Apr 14, 2022	0	60	50912	57738
Apr 15, 2022	0	59	40132	55282
Apr 16, 2022	0	61	56019	50293
Apr 17, 2022	0	47	47406	47009
Apr 18, 2022	0	31	44328	39899
Apr 19, 2022	0	26	45109	28282
Apr 20, 2022	0	53	45082	37631
Apr 21, 2022	0	49	65198	47460
Apr 22, 2022	0	50	42371	47409
Apr 23, 2022	0	56	50424	42808
Apr 24, 2022	0	27	57313	43721
Apr 25, 2022	0	24	43345	38450
Apr 26, 2022	0	36	44416	28495
Apr 27, 2022	0	58	40195	37258
Apr 28, 2022	0	65	55998	45771
Apr 29, 2022	0	39	36932	42313
Apr 30, 2022	0	42	46281	36403
May 01, 2022	0	19	36533	26256
May 02, 2022	0	34	40318	25425
May 03, 2022	0	30	38420	23197
May 04, 2022	0	52	33437	27062
May 05, 2022	0	25	46310	26720
May 06, 2022	0	18	32721	21368
May 07, 2022	0	35	48533	23615
May 08, 2022	0	24	38042	34696
May 09, 2022	0	28	30792	40942
May 10, 2022	0	30	36479	33664
May 11, 2022	0	51	29901	39041
May 12, 2022	0	41	50703	45740
May 13, 2022	0	39	26178	42378
May 14, 2022	0	31	33849	39228
May 15, 2022	0	34	26801	38627
May 16, 2022	0	22	28042	34845
May 17, 2022	0	28	35829	26334
May 18, 2022	0	33	35796	33734
May 19, 2022	0	53	45571	41527
May 20, 2022	0	36	34198	38812
May 21, 2022	0	44	43398	39001
May 22, 2022	0	37	35915	34957
May 23, 2022	0	15	32927	31262
May 24, 2022	0	30	35149	22916
May 25, 2022	0	32	35047	29522
May 26, 2022	0	49	40493	34869
May 27, 2022	0	40	34376	31542
May 28, 2022	0	39	42101	28335
May 29, 2022	0	39	34450	24919
May 30, 2022	0	22	31305	20828
May 31, 2022	0	24	34216	18686
Jun 01, 2022	0	36	31608	19982
Jun 02, 2022	0	35	38163	22655
Jun 03, 2022	0	24	26594	20538
Jun 04, 2022	0	35	32933	19552
Jun 05, 2022	0	23	27230	16627
Jun 06, 2022	0	17	24361	16130
Jun 07, 2022	0	21	24528	11351
Jun 08, 2022	0	24	21031	15519
Jun 09, 2022	0	21	24896	18275
Jun 10, 2022	0	26	18563	17201
Jun 11, 2022	0	22	24707	15790
Jun 12, 2022	0	13	19348	14684
Jun 13, 2022	0	12	16418	13128
Jun 14, 2022	0	19	18570	10204
Jun 15, 2022	0	25	17192	14030
Jun 16, 2022	0	28	18526	16555
Jun 17, 2022	0	17	14784	15802
Jun 18, 2022	0	23	18690	14779
Jun 19, 2022	0	20	15708	13747
Jun 20, 2022	0	9	13114	12884
Jun 21, 2022	0	13	15379	10207
Jun 22, 2022	0	12	13658	13998
Jun 23, 2022	0	20	16031	17160
Jun 24, 2022	0	14	14920	16782
Jun 25, 2022	0	16	14473	16064
Jun 26, 2022	0	9	14032	15671
Jun 27, 2022	0	10	12217	13771
Jun 28, 2022	0	13	14637	11988
Jun 29, 2022	0	107	13748	17278
Jun 30, 2022	0	20	16553	23346
Jul 01, 2022	0	15	12351	23522
Jul 02, 2022	0	16	15657	23125
Jul 03, 2022	0	11	14900	23327
Jul 04, 2022	0	8	13900	22154
Jul 05, 2022	0	16	15503	20774
Jul 06, 2022	0	16	14838	32906
Jul 07, 2022	0	15	18162	44845
Jul 08, 2022	0	14	16232	47786
Jul 09, 2022	0	26	21925	49557
Jul 10, 2022	0	13	22017	51738
Jul 11, 2022	0	10	20381	50918
Jul 12, 2022	0	19	24088	46033
Jul 13, 2022	0	20	25744	68191
Jul 14, 2022	0	29	31121	92507
Jul 15, 2022	0	34	33072	97339
Jul 16, 2022	0	31	37349	99291
Jul 17, 2022	0	21	41513	104832
Jul 18, 2022	0	14	45487	103602
Jul 19, 2022	0	16	46374	79633
Jul 20, 2022	0	33	66306	81362
Jul 21, 2022	0	54	72691	135239
Jul 22, 2022	0	38	54449	180826
Jul 23, 2022	0	64	77364	196297
Jul 24, 2022	0	53	92673	192109
Jul 25, 2022	0	33	81301	172673
Jul 26, 2022	0	55	96584	154011
Jul 27, 2022	0	108	112739	180226
Jul 28, 2022	0	122	132447	207236
Jul 29, 2022	0	116	100212	230055
Jul 30, 2022	0	130	108738	221938
Jul 31, 2022	0	91	115533	212960
Aug 01, 2022	0	78	183855	196812
Aug 02, 2022	0	109	161196	167678
Aug 03, 2022	0	125	167897	195801
Aug 04, 2022	0	157	180308	231597
Aug 05, 2022	0	183	188460	253392
Aug 06, 2022	0	189	203389	236809
Aug 07, 2022	0	161	196437	214879
Aug 08, 2022	0	154	169947	198563
Aug 09, 2022	0	162	193086	172998
Aug 10, 2022	0	250	196149	196732
Aug 11, 2022	0	248	254768	243104
Aug 12, 2022	0	214	159006	224929
Aug 13, 2022	0	226	246787	192364
Aug 14, 2022	0	238	188164	166611
Aug 15, 2022	0	155	167297	169972
Aug 16, 2022	0	215	226403	159781
Aug 17, 2022	0	284	223753	178286
Aug 18, 2022	0	300	244232	208483
Aug 19, 2022	0	279	187817	261252
Aug 20, 2022	0	283	241651	255810
Aug 21, 2022	0	263	189808	242790
Aug 22, 2022	0	228	184683	217875
Aug 23, 2022	0	269	195749	185497
Aug 24, 2022	0	317	163484	194223
Aug 25, 2022	0	293	253983	237410
Aug 26, 2022	0	310	188934	227139
Aug 27, 2022	0	325	213161	196628
Aug 28, 2022	0	248	191102	172865
Aug 29, 2022	0	235	189820	153225
Aug 30, 2022	0	248	222175	125907
Aug 31, 2022	0	311	197799	139582
Sep 01, 2022	0	316	234203	167340
Sep 02, 2022	0	318	183221	153313
Sep 03, 2022	0	347	155210	135425
Sep 04, 2022	0	284	171633	117130
Sep 05, 2022	0	225	159304	105010
Sep 06, 2022	0	239	161342	84295
Sep 07, 2022	0	282	173141	100729
Sep 08, 2022	0	265	186395	134743
Sep 09, 2022	0	261	200889	112404
Sep 10, 2022	0	212	273341	99663
Sep 11, 2022	0	197	126928	89911
Sep 12, 2022	0	127	122147	85025
Sep 13, 2022	0	157	130245	64694
Sep 14, 2022	0	191	111146	78701
Sep 15, 2022	0	192	150449	99546
Sep 16, 2022	0	170	102710	88379
Sep 17, 2022	0	186	117079	77804
Sep 18, 2022	0	139	81621	69731
Sep 19, 2022	0	82	71641	63620
Sep 20, 2022	0	73	70973	41330
Sep 21, 2022	0	124	84993	38510
Sep 22, 2022	0	120	114603	61478
Sep 23, 2022	0	106	68748	78058
Sep 24, 2022	0	85	74556	64053
Sep 25, 2022	0	69	58853	40918
Sep 26, 2022	0	44	60577	43730
Sep 27, 2022	0	80	58178	69520
Sep 28, 2022	0	96	0	49979
Sep 29, 2022	0	127	0	42173
Sep 30, 2022	0	111	1435	36646
Oct 01, 2022	0	105	12369	35418
Oct 02, 2022	0	71	4403	29492
Oct 03, 2022	0	53	2615	15167
Oct 04, 2022	0	65	4462	39723
Oct 05, 2022	0	74	2567	41193
Oct 06, 2022	0	91	4031	33440
Oct 07, 2022	0	73	4088	29443
Oct 08, 2022	0	83	9878	26785
Oct 09, 2022	0	57	2718	22796
Oct 10, 2022	0	50	2874	12553
Oct 11, 2022	0	50	2467	13123
Oct 12, 2022	0	54	1462	45505
Oct 13, 2022	0	78	3759	45690
Oct 14, 2022	0	63	3291	36605
Oct 15, 2022	0	67	6490	35138
Oct 16, 2022	0	47	2228	29662
Oct 17, 2022	0	20	2090	15084
Oct 18, 2022	0	56	1578	42294
Oct 19, 2022	0	68	922	43555
Oct 20, 2022	0	71	1802	36110
Oct 21, 2022	0	67	4309	31593
Oct 22, 2022	0	78	6744	34173
Oct 23, 2022	0	44	2546	30873
Oct 24, 2022	0	35	2786	16852
Oct 25, 2022	0	38	1927	47703
Oct 26, 2022	0	67	1546	50294
Oct 27, 2022	0	71	3996	42737
Oct 28, 2022	0	51	3179	39254
Oct 29, 2022	0	58	7497	44523
Oct 30, 2022	0	42	2422	40611
Oct 31, 2022	0	23	2797	22341
Nov 01, 2022	0	52	2090	66852
Nov 02, 2022	0	70	1684	70396
Nov 03, 2022	0	69	4607	67473
Nov 04, 2022	0	59	3994	34064
Nov 05, 2022	0	72	7642	74170
Nov 06, 2022	0	46	3310	66397
Nov 07, 2022	0	42	4161	33905
Nov 08, 2022	0	70	3254	81401
Nov 09, 2022	0	97	2548	87410
Nov 10, 2022	0	100	7419	78577
Nov 11, 2022	0	81	6677	74093
Nov 12, 2022	0	95	10547	79486
Nov 13, 2022	0	67	3342	68894
Nov 14, 2022	0	48	8298	37555
Nov 15, 2022	0	88	5299	103345
Nov 16, 2022	0	111	3604	107186
Nov 17, 2022	0	133	9570	93005
Nov 18, 2022	0	99	8145	84375
Nov 19, 2022	0	101	13405	89887
Nov 20, 2022	0	122	6789	77722
Nov 21, 2022	0	57	7715	42200
Nov 22, 2022	0	144	5590	121460
Nov 23, 2022	0	160	4592	133361
Nov 24, 2022	0	130	11950	60108
Nov 25, 2022	0	100	10408	117840
Nov 26, 2022	0	164	16963	125327
Nov 27, 2022	0	142	8264	98476
Nov 28, 2022	0	103	9024	56791
Nov 29, 2022	0	153	6406	127422
Nov 30, 2022	0	210	4873	138396
Dec 01, 2022	0	182	14326	118201
Dec 02, 2022	0	187	12079	109928
Dec 03, 2022	0	180	15699	109591
Dec 04, 2022	0	151	12609	89566
Dec 05, 2022	0	117	12521	47705
Dec 06, 2022	0	147	8190	137193
Dec 07, 2022	0	211	4812	149383
Dec 08, 2022	0	243	14408	133065
Dec 09, 2022	0	228	12788	127090
Dec 10, 2022	0	222	21754	135761
Dec 11, 2022	0	190	10056	119174
Dec 12, 2022	0	127	9594	63369
Dec 13, 2022	0	214	6795	175961
Dec 14, 2022	0	244	5292	190607
Dec 15, 2022	0	277	14480	168491
Dec 16, 2022	0	259	13110	153602
Dec 17, 2022	0	264	22855	158383
Dec 18, 2022	0	232	10990	136237
Dec 19, 2022	0	180	11975	72297
Dec 20, 2022	0	231	8814	185694
Dec 21, 2022	0	296	5990	206943
Dec 22, 2022	0	339	18164	184375
Dec 23, 2022	0	315	15842	173336
Dec 24, 2022	0	339	28556	177622
Dec 25, 2022	0	306	12905	149665
Dec 26, 2022	0	217	13505	78746
Dec 27, 2022	0	271	10081	202853
Dec 28, 2022	0	415	6250	216219
Dec 29, 2022	0	420	19417	192063
Dec 30, 2022	0	326	17249	148784
Dec 31, 2022	0	292	15111	107465
Jan 01, 2023	0	247	14557	86924
Jan 02, 2023	0	208	15554	78525
Jan 03, 2023	0	223	29595	89643
Jan 04, 2023	0	218	6044	104304
Jan 05, 2023	0	334	20089	226904
Jan 06, 2023	0	456	18353	245542
Jan 07, 2023	0	463	37022	238654
Jan 08, 2023	0	407	10719	190538
Jan 09, 2023	0	336	7545	98786
Jan 10, 2023	0	253	6600	75504
Jan 11, 2023	0	381	6583	198873
Jan 12, 2023	0	489	7917	185472
Jan 13, 2023	0	480	10303	144077
Jan 14, 2023	0	503	33651	132071
Jan 15, 2023	0	415	20274	108281
Jan 16, 2023	0	284	19835	54188
Jan 17, 2023	0	357	13528	126989
Jan 18, 2023	0	449	6308	125108
Jan 19, 2023	0	451	6373	96392
Jan 20, 2023	0	425	19859	82614
Jan 21, 2023	0	398	41844	78954
Jan 22, 2023	0	326	11270	64450
Jan 23, 2023	0	253	11294	44837
Jan 24, 2023	0	307	8347	81535
Jan 25, 2023	0	368	4536	79354
Jan 26, 2023	0	410	13800	59885
Jan 27, 2023	0	343	10827	53911
Jan 28, 2023	0	338	26486	54782
Jan 29, 2023	0	251	7388	44729
Jan 30, 2023	0	206	7092	11280
Jan 31, 2023	0	246	5283	57264
Feb 01, 2023	0	308	2795	55537
Feb 02, 2023	0	397	8966	45299
Feb 03, 2023	0	237	6686	39924
Feb 04, 2023	0	256	15927	38581
Feb 05, 2023	0	188	4792	32459
Feb 06, 2023	0	124	4919	18929
Feb 07, 2023	0	161	3357	41438
Feb 08, 2023	0	200	1830	41584
Feb 09, 2023	0	223	6146	32969
Feb 10, 2023	0	192	4833	28615
Feb 11, 2023	0	181	10656	27371
Feb 12, 2023	0	137	3369	13740
Feb 13, 2023	0	93	3564	9790
Feb 14, 2023	0	135	2498	31703
Feb 15, 2023	0	213	1446	28772
Feb 16, 2023	0	172	4437	21347
Feb 17, 2023	0	141	3654	18606
Feb 18, 2023	0	130	8268	17124
Feb 19, 2023	0	107	2536	14239
Feb 20, 2023	0	51	2346	7228
Feb 21, 2023	0	72	973	19202
Feb 22, 2023	0	114	1261	18654
Feb 23, 2023	0	128	3267	15193
Feb 24, 2023	0	83	2474	6512
Feb 25, 2023	0	72	5174	14846
Feb 26, 2023	0	62	1565	12399
Feb 27, 2023	0	52	1535	5598
Feb 28, 2023	0	67	1051	14524
Mar 01, 2023	0	99	762	13950
Mar 02, 2023	0	87	2053	11506
Mar 03, 2023	0	67	1538	10522
Mar 04, 2023	0	81	3387	10431
Mar 05, 2023	0	50	640	8731
Mar 06, 2023	0	34	1551	4415
Mar 07, 2023	0	35	828	12014
Mar 08, 2023	0	69	538	11805
Mar 09, 2023	0	80	1491	9834
Mar 10, 2023	0	49	1263	9113
Mar 11, 2023	0	118	2573	9100
Mar 12, 2023	0	43	947	7013
Mar 13, 2023	0	27	995	3444
Mar 14, 2023	0	47	680	10011
Mar 15, 2023	0	61	542	9552
Mar 16, 2023	0	57	1269	7715
Mar 17, 2023	0	48	920	7055
Mar 18, 2023	0	38	1922	7066
Mar 19, 2023	0	34	730	5938
Mar 20, 2023	0	22	843	2605
Mar 21, 2023	0	29	603	8683
Mar 22, 2023	0	30	390	4460
Mar 23, 2023	0	40	1026	8485
Mar 24, 2023	0	49	855	8639
Mar 25, 2023	0	44	1580	8286
Mar 26, 2023	0	22	600	6324
Mar 27, 2023	0	17	686	3287
Mar 28, 2023	0	27	506	8045
Mar 29, 2023	0	34	366	8327
Mar 30, 2023	0	40	872	7207
Mar 31, 2023	0	43	466	6730
Apr 01, 2023	0	31	1469	7478
Apr 02, 2023	0	14	774	6290
Apr 03, 2023	0	14	727	3425
Apr 04, 2023	0	14	395	9406
Apr 05, 2023	0	21	328	9500
Apr 06, 2023	0	27	809	8562
Apr 07, 2023	0	31	639	8338
Apr 08, 2023	0	21	1208	8468
Apr 09, 2023	0	15	547	7079
Apr 10, 2023	0	14	0	3508
Apr 11, 2023	0	22	0	9940
Apr 12, 2023	0	32	0	10176
Apr 13, 2023	0	18	0	9128
Apr 14, 2023	0	16	0	8420
Apr 15, 2023	0	22	0	8596
Apr 16, 2023	0	15	0	7028
Apr 17, 2023	0	9	0	3522
Apr 18, 2023	0	20	0	11589
Apr 19, 2023	0	22	0	12094
Apr 20, 2023	0	28	0	10543
Apr 21, 2023	0	24	0	10074
Apr 22, 2023	0	18	0	10660
Apr 23, 2023	0	20	0	8694
Apr 24, 2023	0	13	0	4171
Apr 25, 2023	0	18	0	12475
Apr 26, 2023	0	36	0	13233
Apr 27, 2023	0	24	0	11764
Apr 28, 2023	0	34	0	11428
Apr 29, 2023	0	27	0	13047
Apr 30, 2023	0	14	0	6722
May 01, 2023	0	8	0	5272
May 02, 2023	0	19	0	16972
May 03, 2023	0	27	0	16631
May 04, 2023	0	18	0	7343
May 05, 2023	0	19	0	5807
May 06, 2023	0	12	0	6229
May 07, 2023	0	9	0	14436
May 08, 2023	0	15	0	9310
May 09, 2023	0	25	0	833
May 10, 2023	0	0	0	0
May 11, 2023	0	0	0	0
May 12, 2023	0	0	0	0
May 13, 2023	0	0	0	0
May 14, 2023	0	0	0	0
May 15, 2023	0	0	0	0
May 16, 2023	0	0	0	0
May 17, 2023	0	0	0	0
May 18, 2023	0	0	0	0
May 19, 2023	0	0	0	0
May 20, 2023	0	0	0	0
May 21, 2023	0	0	0	0
May 22, 2023	0	0	0	0
May 23, 2023	0	0	0	0
May 24, 2023	0	0	0	0
May 25, 2023	0	0	0	0
May 26, 2023	0	0	0	0
May 27, 2023	0	0	0	0
May 28, 2023	0	0	0	0
May 29, 2023	0	0	0	0
May 30, 2023	0	0	0	0
May 31, 2023	0	0	0	0
Jun 01, 2023	0	0	0	0
Jun 02, 2023	0	0	0	0
Jun 03, 2023	0	0	0	0
Jun 04, 2023	0	0	0	0
Jun 05, 2023	0	0	0	0
Jun 06, 2023	0	0	0	0
Jun 07, 2023	0	0	0	0
Jun 08, 2023	0	0	0	0
Jun 09, 2023	0	0	0	0
Jun 10, 2023	0	0	0	0
Jun 11, 2023	0	0	0	0
Jun 12, 2023	0	0	0	0
Jun 13, 2023	0	0	0	0
Jun 14, 2023	0	0	0	0
Jun 15, 2023	0	0	0	0
Jun 16, 2023	0	0	0	0
Jun 17, 2023	0	0	0	0
Jun 18, 2023	0	0	0	0
Jun 19, 2023	0	0	0	0
Jun 20, 2023	0	0	0	0
Jun 21, 2023	0	0	0	0
Jun 22, 2023	0	0	0	0
Jun 23, 2023	0	0	0	0
Jun 24, 2023	0	0	0	0
Jun 25, 2023	0	0	0	0
Jun 26, 2023	0	0	0	0
Jun 27, 2023	0	0	0	0
Jun 28, 2023	0	0	0	0
Jun 29, 2023	0	0	0	0
Jun 30, 2023	0	0	0	0
Jul 01, 2023	0	0	0	0
Jul 02, 2023	0	0	0	0
Jul 03, 2023	0	0	0	0
Jul 04, 2023	0	0	0	0
Jul 05, 2023	0	0	0	0
Jul 06, 2023	0	0	0	0
Jul 07, 2023	0	0	0	0
Jul 08, 2023	0	0	0	0
Jul 09, 2023	0	0	0	0
Jul 10, 2023	0	0	0	0
Jul 11, 2023	0	0	0	0
Jul 12, 2023	0	0	0	0
Jul 13, 2023	0	0	0	0
Jul 14, 2023	0	0	0	0
Jul 15, 2023	0	0	0	0
Jul 16, 2023	0	0	0	0
Jul 17, 2023	0	0	0	0
Jul 18, 2023	0	0	0	0
Jul 19, 2023	0	0	0	0
Jul 20, 2023	0	0	0	0
Jul 21, 2023	0	0	0	0
Jul 22, 2023	0	0	0	0
Jul 23, 2023	0	0	0	0
Jul 24, 2023	0	0	0	0
Jul 25, 2023	0	0	0	0
Jul 26, 2023	0	0	0	0
Jul 27, 2023	0	0	0	0
Jul 28, 2023	0	0	0	0
Jul 29, 2023	0	0	0	0
Jul 30, 2023	0	0	0	0
Jul 31, 2023	0	0	0	0
Aug 01, 2023	0	0	0	0
Aug 02, 2023	0	0	0	0
Aug 03, 2023	0	0	0	0
Aug 04, 2023	0	0	0	0
Aug 05, 2023	0	0	0	0
Aug 06, 2023	0	0	0	0
Aug 07, 2023	0	0	0	0
Aug 08, 2023	0	0	0	0
Aug 09, 2023	0	0	0	0
Aug 10, 2023	0	0	0	0
Aug 11, 2023	0	0	0	0
Aug 12, 2023	0	0	0	0
Aug 13, 2023	0	0	0	0
Aug 14, 2023	0	0	0	0
Aug 15, 2023	0	0	0	0
Aug 16, 2023	0	0	0	0
Aug 17, 2023	0	0	0	0
Aug 18, 2023	0	0	0	0
Aug 19, 2023	0	0	0	0
Aug 20, 2023	0	0	0	0
Aug 21, 2023	0	0	0	0
Aug 22, 2023	0	0	0	0
Aug 23, 2023	0	0	0	0
Aug 24, 2023	0	0	0	0
Aug 25, 2023	0	0	0	0
Aug 26, 2023	0	0	0	0
Aug 27, 2023	0	0	0	0
Aug 28, 2023	0	0	0	0
Aug 29, 2023	0	0	0	0
Aug 30, 2023	0	0	0	0
Aug 31, 2023	0	0	0	0
Sep 01, 2023	0	0	0	0
Sep 02, 2023	0	0	0	0
Sep 03, 2023	0	0	0	0
Sep 04, 2023	0	0	0	0
Sep 05, 2023	0	0	0	0
Sep 06, 2023	0	0	0	0
Sep 07, 2023	0	0	0	0
Sep 08, 2023	0	0	0	0
Sep 09, 2023	0	0	0	0
Sep 10, 2023	0	0	0	0
Sep 11, 2023	0	0	0	0
Sep 12, 2023	0	0	0	0
Sep 13, 2023	0	0	0	0
Sep 14, 2023	0	0	0	0
Sep 15, 2023	0	0	0	0
Sep 16, 2023	0	0	0	0
Sep 17, 2023	0	0	0	0
Sep 18, 2023	0	0	0	0
Sep 19, 2023	0	0	0	0
Sep 20, 2023	0	0	0	0
Sep 21, 2023	0	0	0	0
Sep 22, 2023	0	0	0	0
Sep 23, 2023	0	0	0	0
Sep 24, 2023	0	0	0	0
Sep 25, 2023	0	0	0	0
Sep 26, 2023	0	0	0	0
Sep 27, 2023	0	0	0	0
Sep 28, 2023	0	0	0	0
Sep 29, 2023	0	0	0	0
Sep 30, 2023	0	0	0	0
Oct 01, 2023	0	0	0	0
Oct 02, 2023	0	0	0	0
Oct 03, 2023	0	0	0	0
Oct 04, 2023	0	0	0	0
Oct 05, 2023	0	0	0	0
Oct 06, 2023	0	0	0	0
Oct 07, 2023	0	0	0	0
Oct 08, 2023	0	0	0	0
Oct 09, 2023	0	0	0	0
Oct 10, 2023	0	0	0	0
Oct 11, 2023	0	0	0	0
Oct 12, 2023	0	0	0	0
Oct 13, 2023	0	0	0	0
Oct 14, 2023	0	0	0	0
Oct 15, 2023	0	0	0	0
Oct 16, 2023	0	0	0	0
Oct 17, 2023	0	0	0	0
Oct 18, 2023	0	0	0	0
Oct 19, 2023	0	0	0	0
Oct 20, 2023	0	0	0	0
Oct 21, 2023	0	0	0	0
Oct 22, 2023	0	0	0	0
Oct 23, 2023	0	0	0	0
Oct 24, 2023	0	0	0	0
Oct 25, 2023	0	0	0	0
Oct 26, 2023	0	0	0	0
Oct 27, 2023	0	0	0	0
Oct 28, 2023	0	0	0	0
Oct 29, 2023	0	0	0	0
Oct 30, 2023	0	0	0	0
Oct 31, 2023	0	0	0	0
Nov 01, 2023	0	0	0	0
Nov 02, 2023	0	0	0	0
Nov 03, 2023	0	0	0	0
Nov 04, 2023	0	0	0	0
Nov 05, 2023	0	0	0	0
Nov 06, 2023	0	0	0	0
Nov 07, 2023	0	0	0	0
Nov 08, 2023	0	0	0	0
Nov 09, 2023	0	0	0	0
Nov 10, 2023	0	0	0	0
Nov 11, 2023	0	0	0	0
Nov 12, 2023	0	0	0	0
Nov 13, 2023	0	0	0	0
Nov 14, 2023	0	0	0	0
Nov 15, 2023	0	0	0	0
Nov 16, 2023	0	0	0	0
Nov 17, 2023	0	0	0	0
Nov 18, 2023	0	0	0	0
Nov 19, 2023	0	0	0	0
Nov 20, 2023	0	0	0	0
Nov 21, 2023	0	0	0	0
Nov 22, 2023	0	0	0	0
Nov 23, 2023	0	0	0	0
Nov 24, 2023	0	0	0	0
Nov 25, 2023	0	0	0	0
Nov 26, 2023	0	0	0	0
Nov 27, 2023	0	0	0	0
Nov 28, 2023	0	0	0	0
Nov 29, 2023	0	0	0	0
Nov 30, 2023	0	0	0	0
Dec 01, 2023	0	0	0	0
Dec 02, 2023	0	0	0	0
Dec 03, 2023	0	0	0	0
Dec 04, 2023	0	0	0	0
Dec 05, 2023	0	0	0	0
Dec 06, 2023	0	0	0	0
Dec 07, 2023	0	0	0	0
Dec 08, 2023	0	0	0	0
Dec 09, 2023	0	0	0	0
Dec 10, 2023	0	0	0	0
Dec 11, 2023	0	0	0	0
Dec 12, 2023	0	0	0	0
Dec 13, 2023	0	0	0	0
Dec 14, 2023	0	0	0	0
Dec 15, 2023	0	0	0	0
Dec 16, 2023	0	0	0	0
Dec 17, 2023	0	0	0	0
Dec 18, 2023	0	0	0	0
Dec 19, 2023	0	0	0	0
Dec 20, 2023	0	0	0	0
Dec 21, 2023	0	0	0	0
Dec 22, 2023	0	0	0	0
Dec 23, 2023	0	0	0	0
Dec 24, 2023	0	0	0	0
Dec 25, 2023	0	0	0	0
Dec 26, 2023	0	0	0	0
Dec 27, 2023	0	0	0	0
Dec 28, 2023	0	0	0	0
Dec 29, 2023	0	0	0	0
Dec 30, 2023	0	0	0	0
Dec 31, 2023	0	0	0	0
Jan 01, 2024	0	0	0	0
Jan 02, 2024	0	0	0	0
Jan 03, 2024	0	0	0	0
Jan 04, 2024	0	0	0	0
Jan 05, 2024	0	0	0	0
Jan 06, 2024	0	0	0	0
Jan 07, 2024	0	0	0	0
Jan 08, 2024	0	0	0	0
Jan 09, 2024	0	0	0	0
Jan 10, 2024	0	0	0	0
Jan 11, 2024	0	0	0	0
Jan 12, 2024	0	0	0	0
Jan 13, 2024	0	0	0	0
Jan 14, 2024	0	0	0	0
Jan 15, 2024	0	0	0	0
Jan 16, 2024	0	0	0	0
Jan 17, 2024	0	0	0	0
Jan 18, 2024	0	0	0	0
Jan 19, 2024	0	0	0	0
Jan 20, 2024	0	0	0	0
Jan 21, 2024	0	0	0	0
Jan 22, 2024	0	0	0	0
Jan 23, 2024	0	0	0	0
Jan 24, 2024	0	0	0	0
Jan 25, 2024	0	0	0	0
Jan 26, 2024	0	0	0	0
Jan 27, 2024	0	0	0	0
Jan 28, 2024	0	0	0	0
Jan 29, 2024	0	0	0	0
Jan 30, 2024	0	0	0	0
Jan 31, 2024	0	0	0	0
Feb 01, 2024	0	0	0	0
Feb 02, 2024	0	0	0	0
Feb 03, 2024	0	0	0	0
Feb 04, 2024	0	0	0	0
Feb 05, 2024	0	0	0	0
Feb 06, 2024	0	0	0	0
Feb 07, 2024	0	0	0	0
Feb 08, 2024	0	0	0	0
Feb 09, 2024	0	0	0	0
Feb 10, 2024	0	0	0	0
Feb 11, 2024	0	0	0	0
Feb 12, 2024	0	0	0	0
Feb 13, 2024	0	0	0	0
Feb 14, 2024	0	0	0	0
Feb 15, 2024	0	0	0	0
Feb 16, 2024	0	0	0	0
Feb 17, 2024	0	0	0	0
Feb 18, 2024	0	0	0	0
Feb 19, 2024	0	0	0	0
Feb 20, 2024	0	0	0	0
Feb 21, 2024	0	0	0	0
Feb 22, 2024	0	0	0	0
Feb 23, 2024	0	0	0	0
Feb 24, 2024	0	0	0	0
Feb 25, 2024	0	0	0	0
Feb 26, 2024	0	0	0	0
Feb 27, 2024	0	0	0	0
Feb 28, 2024	0	0	0	0
Feb 29, 2024	0	0	0	0
Mar 01, 2024	0	0	0	0
Mar 02, 2024	0	0	0	0
Mar 03, 2024	0	0	0	0
Mar 04, 2024	0	0	0	0
Mar 05, 2024	0	0	0	0
Mar 06, 2024	0	0	0	0
Mar 07, 2024	0	0	0	0
Mar 08, 2024	0	0	0	0
Mar 09, 2024	0	0	0	0
Mar 10, 2024	0	0	0	0
Mar 11, 2024	0	0	0	0
Mar 12, 2024	0	0	0	0
Mar 13, 2024	0	0	0	0
Mar 14, 2024	0	0	0	0
Mar 15, 2024	0	0	0	0
Mar 16, 2024	0	0	0	0
Mar 17, 2024	0	0	0	0
Mar 18, 2024	0	0	0	0
Mar 19, 2024	0	0	0	0
Mar 20, 2024	0	0	0	0
Mar 21, 2024	0	0	0	0
Mar 22, 2024	0	0	0	0
Mar 23, 2024	0	0	0	0
