Feb 15, 2020	0	null	0	0
Feb 16, 2020	0	null	0	0
Feb 17, 2020	0	null	0	0
Feb 18, 2020	0	null	0	0
Feb 19, 2020	0	null	0	0
Feb 20, 2020	0	null	0	0
Feb 21, 2020	0	null	0	0
Feb 22, 2020	0	null	0	0
Feb 23, 2020	0	null	0	0
Feb 24, 2020	0	null	0	0
Feb 25, 2020	0	null	0	0
Feb 26, 2020	0	null	0	0
Feb 27, 2020	0	null	0	0
Feb 28, 2020	0	null	0	0
Feb 29, 2020	0	null	0	0
Mar 01, 2020	0	null	0	0
Mar 02, 2020	0	null	0	0
Mar 03, 2020	0	null	0	0
Mar 04, 2020	0	null	0	0
Mar 05, 2020	0	null	0	0
Mar 06, 2020	0	null	0	0
Mar 07, 2020	0	null	0	0
Mar 08, 2020	0	null	0	0
Mar 09, 2020	0	null	0	0
Mar 10, 2020	0	null	0	0
Mar 11, 2020	0	null	0	0
Mar 12, 2020	0	null	0	0
Mar 13, 2020	1	null	0	0
Mar 14, 2020	1	null	0	0
Mar 15, 2020	3	null	0	0
Mar 16, 2020	3	null	0	0
Mar 17, 2020	4	null	0	0
Mar 18, 2020	7	null	0	0
Mar 19, 2020	7	null	0	0
Mar 20, 2020	7	null	0	0
Mar 21, 2020	7	null	0	0
Mar 22, 2020	15	null	0	0
Mar 23, 2020	16	null	0	0
Mar 24, 2020	25	null	0	0
Mar 25, 2020	27	null	0	0
Mar 26, 2020	29	null	0	0
Mar 27, 2020	29	0	0	0
Mar 28, 2020	36	0	0	0
Mar 29, 2020	40	0	0	0
Mar 30, 2020	48	0	0	0
Mar 31, 2020	57	0	0	0
Apr 01, 2020	76	0	0	0
Apr 02, 2020	102	2	0	0
Apr 03, 2020	113	1	0	0
Apr 04, 2020	117	0	0	0
Apr 05, 2020	133	0	0	0
Apr 06, 2020	147	2	0	0
Apr 07, 2020	157	0	0	0
Apr 08, 2020	161	0	0	0
Apr 09, 2020	161	1	0	0
Apr 10, 2020	153	0	0	0
Apr 11, 2020	152	0	0	0
Apr 12, 2020	156	1	0	0
Apr 13, 2020	146	1	0	0
Apr 14, 2020	153	0	0	0
Apr 15, 2020	145	1	0	0
Apr 16, 2020	153	1	0	0
Apr 17, 2020	165	0	0	0
Apr 18, 2020	171	1	0	0
Apr 19, 2020	168	2	0	0
Apr 20, 2020	176	0	0	0
Apr 21, 2020	184	0	0	0
Apr 22, 2020	191	0	0	0
Apr 23, 2020	188	0	0	0
Apr 24, 2020	197	0	0	0
Apr 25, 2020	199	0	0	0
Apr 26, 2020	200	0	0	0
Apr 27, 2020	197	0	0	0
Apr 28, 2020	195	0	0	0
Apr 29, 2020	197	1	0	0
Apr 30, 2020	187	2	0	0
May 01, 2020	190	4	0	0
May 02, 2020	210	1	0	0
May 03, 2020	218	2	0	0
May 04, 2020	235	0	0	0
May 05, 2020	268	0	0	0
May 06, 2020	302	2	0	0
May 07, 2020	315	3	0	0
May 08, 2020	322	0	0	0
May 09, 2020	342	1	0	0
May 10, 2020	320	2	0	0
May 11, 2020	331	1	0	0
May 12, 2020	332	3	0	0
May 13, 2020	320	4	0	0
May 14, 2020	335	2	0	0
May 15, 2020	355	3	0	0
May 16, 2020	376	5	0	0
May 17, 2020	417	0	0	0
May 18, 2020	411	0	0	0
May 19, 2020	432	0	0	0
May 20, 2020	487	0	0	0
May 21, 2020	555	0	0	0
May 22, 2020	600	0	0	0
May 23, 2020	631	0	0	0
May 24, 2020	648	1	0	0
May 25, 2020	693	1	0	0
May 26, 2020	751	0	0	0
May 27, 2020	867	3	0	0
May 28, 2020	993	3	0	0
May 29, 2020	1093	4	0	0
May 30, 2020	1200	1	0	0
May 31, 2020	1254	1	0	0
Jun 01, 2020	1303	5	0	0
Jun 02, 2020	1350	2	0	0
Jun 03, 2020	1397	3	0	0
Jun 04, 2020	1464	4	0	0
Jun 05, 2020	1528	1	0	0
Jun 06, 2020	1565	4	0	0
Jun 07, 2020	1669	1	0	0
Jun 08, 2020	1632	1	0	0
Jun 09, 2020	1724	3	0	0
Jun 10, 2020	1592	1	0	0
Jun 11, 2020	1651	3	0	0
Jun 12, 2020	1640	4	0	0
Jun 13, 2020	1711	4	0	0
Jun 14, 2020	1802	3	0	0
Jun 15, 2020	1890	1	0	0
Jun 16, 2020	1965	1	0	0
Jun 17, 2020	2113	2	0	0
Jun 18, 2020	2173	10	0	0
Jun 19, 2020	2165	2	0	0
Jun 20, 2020	2218	2	0	0
Jun 21, 2020	2448	2	0	0
Jun 22, 2020	2407	2	0	0
Jun 23, 2020	2421	3	0	0
Jun 24, 2020	2618	2	0	0
Jun 25, 2020	2748	2	0	0
Jun 26, 2020	2827	5	0	0
Jun 27, 2020	3059	4	0	0
Jun 28, 2020	3269	2	0	0
Jun 29, 2020	3331	1	0	0
Jun 30, 2020	3468	4	0	0
Jul 01, 2020	3707	1	0	0
Jul 02, 2020	3945	3	0	0
Jul 03, 2020	4137	2	0	0
Jul 04, 2020	4402	5	0	0
Jul 05, 2020	4641	1	0	0
Jul 06, 2020	4647	4	0	0
Jul 07, 2020	4706	3	0	0
Jul 08, 2020	4862	2	0	0
Jul 09, 2020	5219	4	0	0
Jul 10, 2020	5582	8	0	0
Jul 11, 2020	5724	3	0	0
Jul 12, 2020	6036	1	0	0
Jul 13, 2020	6125	12	0	0
Jul 14, 2020	6521	5	0	0
Jul 15, 2020	6906	7	0	0
Jul 16, 2020	6550	8	0	0
Jul 17, 2020	6469	5	0	0
Jul 18, 2020	6538	3	0	0
Jul 19, 2020	6212	9	0	0
Jul 20, 2020	5960	4	0	0
Jul 21, 2020	5479	12	0	0
Jul 22, 2020	5433	10	0	0
Jul 23, 2020	5716	3	0	0
Jul 24, 2020	5953	11	0	0
Jul 25, 2020	6151	4	0	0
Jul 26, 2020	6881	2	0	0
Jul 27, 2020	7127	5	0	0
Jul 28, 2020	7618	14	0	0
Jul 29, 2020	7998	12	0	0
Jul 30, 2020	8637	14	0	0
Jul 31, 2020	9285	16	0	0
Aug 01, 2020	9647	23	0	0
Aug 02, 2020	10254	5	0	0
Aug 03, 2020	10430	13	0	0
Aug 04, 2020	10237	6	0	0
Aug 05, 2020	10092	3	0	0
Aug 06, 2020	9929	8	0	0
Aug 07, 2020	9733	14	0	0
Aug 08, 2020	9374	5	0	0
Aug 09, 2020	8539	2	0	0
Aug 10, 2020	8308	3	0	0
Aug 11, 2020	8288	15	0	0
Aug 12, 2020	7947	18	0	0
Aug 13, 2020	7932	4	0	0
Aug 14, 2020	8240	5	0	0
Aug 15, 2020	7842	7	0	0
Aug 16, 2020	7186	2	0	0
Aug 17, 2020	6743	8	0	0
Aug 18, 2020	6729	5	0	0
Aug 19, 2020	6760	19	0	0
Aug 20, 2020	6829	10	0	0
Aug 21, 2020	6747	16	0	0
Aug 22, 2020	6693	10	0	0
Aug 23, 2020	6640	6	0	0
Aug 24, 2020	6524	6	0	0
Aug 25, 2020	6549	5	0	0
Aug 26, 2020	6432	5	0	0
Aug 27, 2020	6705	3	0	0
Aug 28, 2020	6857	0	0	0
Aug 29, 2020	6806	5	0	0
Aug 30, 2020	6935	2	0	0
Aug 31, 2020	6800	3	0	0
Sep 01, 2020	6485	0	0	0
Sep 02, 2020	6659	4	0	0
Sep 03, 2020	6283	4	0	0
Sep 04, 2020	5898	4	0	0
Sep 05, 2020	5896	5	0	0
Sep 06, 2020	5879	3	0	0
Sep 07, 2020	5871	2	0	0
Sep 08, 2020	5789	0	0	0
Sep 09, 2020	5785	8	0	0
Sep 10, 2020	5262	5	0	0
Sep 11, 2020	4915	4	0	0
Sep 12, 2020	4644	3	0	0
Sep 13, 2020	4430	3	0	0
Sep 14, 2020	4239	2	0	0
Sep 15, 2020	4162	10	0	0
Sep 16, 2020	4029	3	0	0
Sep 17, 2020	4096	5	0	0
Sep 18, 2020	4108	4	0	0
Sep 19, 2020	4121	0	0	0
Sep 20, 2020	4123	2	0	0
Sep 21, 2020	4135	2	0	0
Sep 22, 2020	3998	9	0	0
Sep 23, 2020	3980	5	0	0
Sep 24, 2020	4007	5	0	0
Sep 25, 2020	3983	13	0	0
Sep 26, 2020	4036	7	0	0
Sep 27, 2020	4224	2	0	0
Sep 28, 2020	4187	9	0	0
Sep 29, 2020	4310	7	0	0
Sep 30, 2020	4230	4	0	0
Oct 01, 2020	4252	7	0	0
Oct 02, 2020	4332	7	0	0
Oct 03, 2020	4169	3	0	0
Oct 04, 2020	4095	3	0	0
Oct 05, 2020	2258	4	0	0
Oct 06, 2020	1988	8	0	0
Oct 07, 2020	-2183	5	0	0
Oct 08, 2020	-1984	3	0	0
Oct 09, 2020	-1770	4	0	0
Oct 10, 2020	-1319	5	0	0
Oct 11, 2020	-1153	6	0	0
Oct 12, 2020	-2309	11	0	0
Oct 13, 2020	-1111	10	0	0
Oct 14, 2020	-636	10	0	0
Oct 15, 2020	-150	8	0	0
Oct 16, 2020	90	8	0	0
Oct 17, 2020	554	12	0	0
Oct 18, 2020	1090	7	0	0
Oct 19, 2020	972	7	0	0
Oct 20, 2020	949	3	0	0
Oct 21, 2020	1109	16	0	0
Oct 22, 2020	1774	12	0	0
Oct 23, 2020	1891	14	0	0
Oct 24, 2020	2212	12	0	0
Oct 25, 2020	2688	6	0	0
Oct 26, 2020	2649	18	0	0
Oct 27, 2020	2928	14	0	0
Oct 28, 2020	3356	16	0	0
Oct 29, 2020	3636	14	0	0
Oct 30, 2020	4437	17	0	0
Oct 31, 2020	5817	15	0	0
Nov 01, 2020	4708	17	0	0
Nov 02, 2020	5084	14	0	0
Nov 03, 2020	5019	12	0	0
Nov 04, 2020	5780	12	0	0
Nov 05, 2020	5672	21	0	0
Nov 06, 2020	5495	21	0	0
Nov 07, 2020	5353	10	0	0
Nov 08, 2020	4834	8	0	0
Nov 09, 2020	4589	19	0	0
Nov 10, 2020	5321	24	0	0
Nov 11, 2020	5795	26	0	0
Nov 12, 2020	6133	23	0	0
Nov 13, 2020	6456	25	0	0
Nov 14, 2020	6784	21	0	0
Nov 15, 2020	7261	20	0	0
Nov 16, 2020	7157	18	0	0
Nov 17, 2020	6694	15	0	0
Nov 18, 2020	4113	11	0	0
Nov 19, 2020	4503	17	0	0
Nov 20, 2020	5092	19	0	0
Nov 21, 2020	5790	17	0	0
Nov 22, 2020	6535	14	0	0
Nov 23, 2020	6402	12	0	0
Nov 24, 2020	6025	17	0	0
Nov 25, 2020	6470	8	0	0
Nov 26, 2020	6496	10	0	0
Nov 27, 2020	7228	14	0	0
Nov 28, 2020	7804	4	0	0
Nov 29, 2020	7731	7	0	0
Nov 30, 2020	7518	17	0	0
Dec 01, 2020	7705	5	0	0
Dec 02, 2020	7504	10	0	0
Dec 03, 2020	-6528	16	0	0
Dec 04, 2020	-6102	6	0	0
Dec 05, 2020	-5948	12	0	0
Dec 06, 2020	-6095	8	0	0
Dec 07, 2020	-6555	5	0	0
Dec 08, 2020	-6621	14	0	0
Dec 09, 2020	-6546	7	0	0
Dec 10, 2020	-7347	16	0	0
Dec 11, 2020	-7126	14	0	0
Dec 12, 2020	-7953	4	0	0
Dec 13, 2020	-8171	1	0	0
Dec 14, 2020	-8586	6	0	0
Dec 15, 2020	-8904	11	0	0
Dec 16, 2020	-9092	10	0	0
Dec 17, 2020	-9348	4	0	0
Dec 18, 2020	-9374	11	0	0
Dec 19, 2020	-9372	4	0	0
Dec 20, 2020	-9266	6	0	0
Dec 21, 2020	-9595	5	0	0
Dec 22, 2020	-9662	3	0	0
Dec 23, 2020	-9622	1	0	0
Dec 24, 2020	-9676	4	0	0
Dec 25, 2020	-9518	1	0	0
Dec 26, 2020	-9642	2	0	0
Dec 27, 2020	-10138	3	0	0
Dec 28, 2020	-10207	6	0	0
Dec 29, 2020	-10247	1	0	0
Dec 30, 2020	-11237	2	0	0
Dec 31, 2020	-11386	3	0	0
Jan 01, 2021	-11329	11	0	0
Jan 02, 2021	-11552	4	0	0
Jan 03, 2021	-11510	0	0	0
Jan 04, 2021	-11653	1	0	0
Jan 05, 2021	-11573	4	0	0
Jan 06, 2021	-12127	4	0	0
Jan 07, 2021	-12258	8	0	0
Jan 08, 2021	-12530	1	0	0
Jan 09, 2021	-12486	1	0	0
Jan 10, 2021	-12495	6	0	0
Jan 11, 2021	-12740	3	0	0
Jan 12, 2021	-12853	3	0	0
Jan 13, 2021	-13290	4	0	0
Jan 14, 2021	-13514	3	0	0
Jan 15, 2021	-13704	3	0	0
Jan 16, 2021	-13657	2	0	0
Jan 17, 2021	-13615	3	0	0
Jan 18, 2021	-13657	3	0	0
Jan 19, 2021	-13645	0	0	0
Jan 20, 2021	-13748	2	0	0
Jan 21, 2021	-13666	3	0	0
Jan 22, 2021	-13713	1	0	0
Jan 23, 2021	-13678	0	0	0
Jan 24, 2021	-13641	4	0	0
Jan 25, 2021	-14177	0	0	0
Jan 26, 2021	-14321	6	0	0
Jan 27, 2021	-14281	1	0	0
Jan 28, 2021	-14273	2	0	0
Jan 29, 2021	-14218	0	0	0
Jan 30, 2021	-14154	2	0	0
Jan 31, 2021	-14134	8	0	0
Feb 01, 2021	-14093	3	0	0
Feb 02, 2021	-14013	0	0	0
Feb 03, 2021	-13960	3	0	0
Feb 04, 2021	-13896	4	0	0
Feb 05, 2021	-13873	3	0	0
Feb 06, 2021	-13763	0	0	0
Feb 07, 2021	-13717	3	0	0
Feb 08, 2021	-13750	7	0	0
Feb 09, 2021	-13742	3	0	0
Feb 10, 2021	-13822	2	0	0
Feb 11, 2021	-13777	3	0	0
Feb 12, 2021	-13629	0	0	0
Feb 13, 2021	-13558	1	0	0
Feb 14, 2021	-13559	0	0	0
Feb 15, 2021	-13738	0	0	0
Feb 16, 2021	-13682	2	0	0
Feb 17, 2021	-13616	4	0	0
Feb 18, 2021	-13401	6	0	0
Feb 19, 2021	-13282	6	0	0
Feb 20, 2021	-13172	4	0	0
Feb 21, 2021	-13020	6	0	0
Feb 22, 2021	-12985	4	0	0
Feb 23, 2021	-12854	10	0	0
Feb 24, 2021	-13537	2	0	0
Feb 25, 2021	-13428	8	0	0
Feb 26, 2021	-13056	6	0	0
Feb 27, 2021	-12995	1	0	0
Feb 28, 2021	-12765	2	0	0
Mar 01, 2021	-12669	3	0	0
Mar 02, 2021	-12521	4	0	0
Mar 03, 2021	-12266	3	0	0
Mar 04, 2021	-11991	4	0	0
Mar 05, 2021	-11698	3	0	0
Mar 06, 2021	-11570	1	0	0
Mar 07, 2021	-11134	2	0	0
Mar 08, 2021	-10871	3	0	0
Mar 09, 2021	-10551	7	0	0
Mar 10, 2021	-10075	12	0	0
Mar 11, 2021	-9370	1	0	0
Mar 12, 2021	-8912	2	0	0
Mar 13, 2021	-8207	7	0	0
Mar 14, 2021	-7888	5	0	0
Mar 15, 2021	-7420	5	0	0
Mar 16, 2021	-6612	7	0	0
Mar 17, 2021	-5723	12	0	0
Mar 18, 2021	-4706	17	0	0
Mar 19, 2021	-3629	28	0	0
Mar 20, 2021	-2529	12	0	0
Mar 21, 2021	-1953	17	0	0
Mar 22, 2021	-1852	12	0	0
Mar 23, 2021	-1033	25	0	0
Mar 24, 2021	241	18	0	0
Mar 25, 2021	1006	26	0	0
Mar 26, 2021	2678	6	0	0
Mar 27, 2021	3619	6	0	0
Mar 28, 2021	4370	13	0	0
Mar 29, 2021	4705	18	0	0
Mar 30, 2021	6049	12	0	0
Mar 31, 2021	6930	6	0	0
Apr 01, 2021	7377	14	0	0
Apr 02, 2021	8720	19	0	0
Apr 03, 2021	9587	20	0	0
Apr 04, 2021	9761	18	0	0
Apr 05, 2021	9961	20	0	0
Apr 06, 2021	7352	14	0	0
Apr 07, 2021	8026	18	0	0
Apr 08, 2021	9093	16	0	0
Apr 09, 2021	9448	17	0	0
Apr 10, 2021	9888	21	0	0
Apr 11, 2021	9695	18	0	0
Apr 12, 2021	10006	20	0	0
Apr 13, 2021	10472	26	0	0
Apr 14, 2021	11427	26	0	0
Apr 15, 2021	12514	4	0	0
Apr 16, 2021	11648	19	0	0
Apr 17, 2021	12140	20	0	0
Apr 18, 2021	12110	18	0	0
Apr 19, 2021	11473	20	0	0
Apr 20, 2021	9980	18	0	0
Apr 21, 2021	8981	21	0	0
Apr 22, 2021	9746	20	0	0
Apr 23, 2021	9517	23	0	0
Apr 24, 2021	10650	20	0	0
Apr 25, 2021	10433	19	0	0
Apr 26, 2021	10272	21	0	0
Apr 27, 2021	10761	22	0	0
Apr 28, 2021	10162	23	0	0
Apr 29, 2021	10312	19	0	0
Apr 30, 2021	10197	17	0	0
May 01, 2021	10610	20	0	0
May 02, 2021	10863	19	0	0
May 03, 2021	10691	18	0	0
May 04, 2021	10823	24	0	0
May 05, 2021	10548	20	0	0
May 06, 2021	10269	25	0	0
May 07, 2021	10589	15	0	0
May 08, 2021	10501	18	0	0
May 09, 2021	10721	12	0	0
May 10, 2021	9282	12	0	0
May 11, 2021	8594	21	0	0
May 12, 2021	8892	22	0	0
May 13, 2021	9041	18	0	0
May 14, 2021	9177	8	0	0
May 15, 2021	9342	25	0	0
May 16, 2021	9260	2	0	0
May 17, 2021	8969	10	0	0
May 18, 2021	9372	8	0	0
May 19, 2021	9305	14	0	0
May 20, 2021	9727	5	0	0
May 21, 2021	10236	3	0	0
May 22, 2021	10725	6	0	0
May 23, 2021	10924	10	0	0
May 24, 2021	10830	14	0	0
May 25, 2021	9669	14	0	0
May 26, 2021	10048	10	0	0
May 27, 2021	10184	11	0	0
May 28, 2021	10472	16	0	0
May 29, 2021	10744	17	0	0
May 30, 2021	10023	16	0	0
May 31, 2021	10000	15	0	0
Jun 01, 2021	10096	16	0	0
Jun 02, 2021	10198	18	0	0
Jun 03, 2021	10200	17	0	0
Jun 04, 2021	10300	17	0	0
Jun 05, 2021	10615	24	0	0
Jun 06, 2021	10633	23	0	0
Jun 07, 2021	9909	21	0	0
Jun 08, 2021	9791	18	0	0
Jun 09, 2021	9940	19	0	0
Jun 10, 2021	10125	17	0	0
Jun 11, 2021	10134	16	0	0
Jun 12, 2021	9923	18	0	0
Jun 13, 2021	9831	14	0	0
Jun 14, 2021	9960	11	0	0
Jun 15, 2021	9688	7	0	0
Jun 16, 2021	9752	0	0	0
Jun 17, 2021	9311	6	0	0
Jun 18, 2021	9662	3	0	0
Jun 19, 2021	9982	10	0	0
Jun 20, 2021	10158	9	0	0
Jun 21, 2021	10019	5	0	0
Jun 22, 2021	10464	23	0	0
Jun 23, 2021	10634	30	0	0
Jun 24, 2021	11218	24	0	0
Jun 25, 2021	11319	18	0	0
Jun 26, 2021	11082	18	0	0
Jun 27, 2021	11206	21	0	0
Jun 28, 2021	11271	17	0	0
Jun 29, 2021	10902	9	0	0
Jun 30, 2021	11048	13	0	0
Jul 01, 2021	10191	6	0	0
Jul 02, 2021	10587	11	0	0
Jul 03, 2021	10726	20	0	0
Jul 04, 2021	10097	4	0	0
Jul 05, 2021	8668	15	0	0
Jul 06, 2021	8584	7	0	0
Jul 07, 2021	8732	8	0	0
Jul 08, 2021	7353	11	0	0
Jul 09, 2021	6476	2	0	0
Jul 10, 2021	6673	3	0	0
Jul 11, 2021	5512	1	0	0
Jul 12, 2021	5358	1	0	0
Jul 13, 2021	5347	9	0	0
Jul 14, 2021	5822	5	0	0
Jul 15, 2021	6650	9	0	0
Jul 16, 2021	7334	8	0	0
Jul 17, 2021	6993	6	0	0
Jul 18, 2021	6657	15	0	0
Jul 19, 2021	6485	8	0	0
Jul 20, 2021	6796	17	0	0
Jul 21, 2021	6519	11	0	0
Jul 22, 2021	6824	15	0	0
Jul 23, 2021	7175	12	0	0
Jul 24, 2021	7134	11	0	0
Jul 25, 2021	7736	16	0	0
Jul 26, 2021	7493	7	0	0
Jul 27, 2021	7490	10	0	0
Jul 28, 2021	8222	13	0	0
Jul 29, 2021	8877	15	0	0
Jul 30, 2021	9590	16	0	0
Jul 31, 2021	10346	5	0	0
Aug 01, 2021	10603	15	0	0
Aug 02, 2021	10609	24	0	0
Aug 03, 2021	11266	25	0	0
Aug 04, 2021	11478	30	0	0
Aug 05, 2021	8520	32	0	0
Aug 06, 2021	9948	31	0	0
Aug 07, 2021	9882	29	0	0
Aug 08, 2021	10372	32	0	0
Aug 09, 2021	10926	30	0	0
Aug 10, 2021	10759	32	0	0
Aug 11, 2021	12050	30	0	0
Aug 12, 2021	13005	32	0	0
Aug 13, 2021	13357	29	0	0
Aug 14, 2021	13247	17	0	0
Aug 15, 2021	12465	21	0	0
Aug 16, 2021	13134	10	0	0
Aug 17, 2021	12628	4	0	0
Aug 18, 2021	12572	24	0	0
Aug 19, 2021	13090	26	0	0
Aug 20, 2021	12803	31	0	0
Aug 21, 2021	12115	32	0	0
Aug 22, 2021	12476	30	0	0
Aug 23, 2021	11627	31	0	0
Aug 24, 2021	10856	36	0	0
Aug 25, 2021	11325	36	0	0
Aug 26, 2021	11463	35	0	0
Aug 27, 2021	10907	31	0	0
Aug 28, 2021	10189	28	0	0
Aug 29, 2021	9289	16	0	0
Aug 30, 2021	8221	10	0	0
Aug 31, 2021	7500	6	0	0
Sep 01, 2021	7872	13	0	0
Sep 02, 2021	8223	7	0	0
Sep 03, 2021	8058	11	0	0
Sep 04, 2021	7640	21	0	0
Sep 05, 2021	7303	8	0	0
Sep 06, 2021	6629	9	0	0
Sep 07, 2021	6572	5	0	0
Sep 08, 2021	6858	30	0	0
Sep 09, 2021	7013	34	0	0
Sep 10, 2021	7109	32	0	0
Sep 11, 2021	6596	6	0	0
Sep 12, 2021	5901	4	0	0
Sep 13, 2021	5104	17	0	0
Sep 14, 2021	4715	5	0	0
Sep 15, 2021	4681	21	0	0
Sep 16, 2021	4907	12	0	0
Sep 17, 2021	4647	4	0	0
Sep 18, 2021	4513	15	0	0
Sep 19, 2021	4246	9	0	0
Sep 20, 2021	3698	6	0	0
Sep 21, 2021	3500	13	0	0
Sep 22, 2021	3633	10	0	0
Sep 23, 2021	3746	27	0	0
Sep 24, 2021	3689	37	0	0
Sep 25, 2021	3566	14	0	0
Sep 26, 2021	3124	6	0	0
Sep 27, 2021	2734	7	0	0
Sep 28, 2021	2474	7	0	0
Sep 29, 2021	2644	3	0	0
Sep 30, 2021	2791	4	0	0
Oct 01, 2021	2769	5	0	0
Oct 02, 2021	2665	3	0	0
Oct 03, 2021	2439	9	0	0
Oct 04, 2021	2193	1	0	0
Oct 05, 2021	2166	9	0	0
Oct 06, 2021	2049	25	0	0
Oct 07, 2021	2213	3	0	0
Oct 08, 2021	2128	1	0	0
Oct 09, 2021	2104	2	0	0
Oct 10, 2021	2027	0	0	0
Oct 11, 2021	1821	9	0	0
Oct 12, 2021	1585	5	0	0
Oct 13, 2021	1539	3	0	0
Oct 14, 2021	1532	4	0	0
Oct 15, 2021	1516	8	0	0
Oct 16, 2021	1566	5	0	0
Oct 17, 2021	1556	8	0	0
Oct 18, 2021	1495	1	0	0
Oct 19, 2021	1381	9	0	0
Oct 20, 2021	1284	5	0	0
Oct 21, 2021	1255	0	0	0
Oct 22, 2021	1288	11	0	0
Oct 23, 2021	1346	6	0	0
Oct 24, 2021	1141	2	0	0
Oct 25, 2021	1073	3	0	0
Oct 26, 2021	1186	3	0	0
Oct 27, 2021	1167	3	0	0
Oct 28, 2021	1179	4	0	0
Oct 29, 2021	1257	3	0	0
Oct 30, 2021	1252	3	0	0
Oct 31, 2021	1200	5	0	0
Nov 01, 2021	1137	0	0	0
Nov 02, 2021	1170	1	0	0
Nov 03, 2021	1205	0	0	0
Nov 04, 2021	1209	14	0	0
Nov 05, 2021	1239	0	0	0
Nov 06, 2021	1265	9	0	0
Nov 07, 2021	1221	7	0	0
Nov 08, 2021	1171	0	0	0
Nov 09, 2021	1107	2	0	0
Nov 10, 2021	1254	0	0	0
Nov 11, 2021	1309	1	0	0
Nov 12, 2021	1325	1	0	0
Nov 13, 2021	1327	0	0	0
Nov 14, 2021	1336	0	0	0
Nov 15, 2021	1308	3	0	0
Nov 16, 2021	1351	3	0	0
Nov 17, 2021	1337	3	0	0
Nov 18, 2021	1399	0	0	0
Nov 19, 2021	1430	0	0	0
Nov 20, 2021	1444	0	0	0
Nov 21, 2021	1428	3	0	0
Nov 22, 2021	1425	0	0	0
Nov 23, 2021	1459	2	0	0
Nov 24, 2021	1466	2	0	0
Nov 25, 2021	1460	0	0	0
Nov 26, 2021	1487	0	0	0
Nov 27, 2021	1492	0	0	0
Nov 28, 2021	1487	1	0	0
Nov 29, 2021	1337	1	0	0
Nov 30, 2021	1435	1	0	0
Dec 01, 2021	1479	0	0	0
Dec 02, 2021	1549	0	0	0
Dec 03, 2021	1622	0	0	0
Dec 04, 2021	1669	0	0	0
Dec 05, 2021	1676	0	0	0
Dec 06, 2021	1690	0	0	0
Dec 07, 2021	1755	2	0	0
Dec 08, 2021	1842	0	0	0
Dec 09, 2021	1977	2	0	0
Dec 10, 2021	2102	3	0	0
Dec 11, 2021	2277	4	0	0
Dec 12, 2021	2472	2	0	0
Dec 13, 2021	2584	1	0	0
Dec 14, 2021	2662	0	0	0
Dec 15, 2021	3255	1	0	0
Dec 16, 2021	4053	0	0	0
Dec 17, 2021	5621	3	0	0
Dec 18, 2021	7760	0	0	0
Dec 19, 2021	9058	0	0	0
Dec 20, 2021	10059	0	0	0
Dec 21, 2021	12743	1	0	0
Dec 22, 2021	15987	1	0	0
Dec 23, 2021	19672	1	0	0
Dec 24, 2021	22558	1	0	0
Dec 25, 2021	26062	2	0	0
Dec 26, 2021	27197	2	0	0
Dec 27, 2021	28460	3	0	0
Dec 28, 2021	29563	0	0	0
Dec 29, 2021	32616	8	0	0
Dec 30, 2021	35638	4	0	0
Dec 31, 2021	37369	2	0	0
Jan 01, 2022	38059	3	0	0
Jan 02, 2022	39010	3	0	0
Jan 03, 2022	37787	10	0	0
Jan 04, 2022	38200	7	0	0
Jan 05, 2022	39638	3	0	0
Jan 06, 2022	40208	7	0	0
Jan 07, 2022	41572	14	0	0
Jan 08, 2022	43227	12	0	0
Jan 09, 2022	41130	9	0	0
Jan 10, 2022	38545	8	0	0
Jan 11, 2022	36322	8	0	0
Jan 12, 2022	33002	7	0	0
Jan 13, 2022	31149	3	0	0
Jan 14, 2022	31019	10	0	0
Jan 15, 2022	30493	6	0	0
Jan 16, 2022	27419	0	0	0
Jan 17, 2022	26731	11	0	0
Jan 18, 2022	26262	5	0	0
Jan 19, 2022	26351	16	0	0
Jan 20, 2022	25896	0	0	0
Jan 21, 2022	25886	8	0	0
Jan 22, 2022	25060	3	0	0
Jan 23, 2022	23314	23	0	0
Jan 24, 2022	22924	4	0	0
Jan 25, 2022	22665	4	0	0
Jan 26, 2022	22614	3	0	0
Jan 27, 2022	22334	2	0	0
Jan 28, 2022	21498	11	0	0
Jan 29, 2022	21583	0	0	0
Jan 30, 2022	21140	2	0	0
Jan 31, 2022	21076	3	0	0
Feb 01, 2022	21106	4	0	0
Feb 02, 2022	20645	6	0	0
Feb 03, 2022	20626	11	0	0
Feb 04, 2022	20738	0	0	0
Feb 05, 2022	20739	3	0	0
Feb 06, 2022	20504	14	0	0
Feb 07, 2022	20422	0	0	0
Feb 08, 2022	20356	0	0	0
Feb 09, 2022	20170	1	0	0
Feb 10, 2022	16403	4	0	0
Feb 11, 2022	14115	0	0	0
Feb 12, 2022	14114	3	0	0
Feb 13, 2022	14098	2	0	0
Feb 14, 2022	14036	1	0	0
Feb 15, 2022	14019	0	0	0
Feb 16, 2022	13994	1	0	0
Feb 17, 2022	14044	0	0	0
Feb 18, 2022	14041	0	0	0
Feb 19, 2022	14024	2	0	0
Feb 20, 2022	13982	0	0	0
Feb 21, 2022	13957	3	0	0
Feb 22, 2022	13991	0	0	0
Feb 23, 2022	13999	0	0	0
Feb 24, 2022	14018	0	0	0
Feb 25, 2022	14033	0	0	0
Feb 26, 2022	14059	1	0	0
Feb 27, 2022	14043	0	0	0
Feb 28, 2022	14046	0	0	0
Mar 01, 2022	14065	0	0	0
Mar 02, 2022	14066	1	0	0
Mar 03, 2022	14089	0	0	0
Mar 04, 2022	14093	0	0	0
Mar 05, 2022	14102	0	0	0
Mar 06, 2022	14082	1	0	0
Mar 07, 2022	272	0	0	0
Mar 08, 2022	245	0	0	0
Mar 09, 2022	223	0	0	0
Mar 10, 2022	33	3	0	0
Mar 11, 2022	49	0	0	0
Mar 12, 2022	37	0	0	0
Mar 13, 2022	47	1	0	0
Mar 14, 2022	58	1	0	0
Mar 15, 2022	54	1	0	0
Mar 16, 2022	49	0	0	0
Mar 17, 2022	63	0	0	0
Mar 18, 2022	62	0	0	0
Mar 19, 2022	58	0	0	0
Mar 20, 2022	53	0	0	0
Mar 21, 2022	61	0	0	0
Mar 22, 2022	78	0	0	0
Mar 23, 2022	91	0	0	0
Mar 24, 2022	105	0	0	0
Mar 25, 2022	122	0	0	0
Mar 26, 2022	137	0	0	0
Mar 27, 2022	137	0	0	0
Mar 28, 2022	128	0	0	0
Mar 29, 2022	123	1	0	0
Mar 30, 2022	121	0	0	0
Mar 31, 2022	134	0	0	0
Apr 01, 2022	130	0	0	0
Apr 02, 2022	131	0	0	0
Apr 03, 2022	121	0	0	0
Apr 04, 2022	118	0	0	0
Apr 05, 2022	114	0	0	0
Apr 06, 2022	141	0	0	0
Apr 07, 2022	141	0	0	0
Apr 08, 2022	141	0	0	0
Apr 09, 2022	129	0	0	0
Apr 10, 2022	118	0	0	0
Apr 11, 2022	127	0	0	0
Apr 12, 2022	133	1	0	0
Apr 13, 2022	138	0	0	0
Apr 14, 2022	145	0	0	0
Apr 15, 2022	150	0	0	0
Apr 16, 2022	149	0	0	0
Apr 17, 2022	154	0	0	0
Apr 18, 2022	158	0	0	0
Apr 19, 2022	130	0	0	0
Apr 20, 2022	115	0	0	0
Apr 21, 2022	133	0	0	0
Apr 22, 2022	137	0	0	0
Apr 23, 2022	138	0	0	0
Apr 24, 2022	151	0	0	0
Apr 25, 2022	150	0	0	0
Apr 26, 2022	151	0	0	0
Apr 27, 2022	157	0	0	0
Apr 28, 2022	164	0	0	0
Apr 29, 2022	179	0	0	0
Apr 30, 2022	164	0	0	0
May 01, 2022	159	0	0	0
May 02, 2022	141	0	0	0
May 03, 2022	137	0	0	0
May 04, 2022	123	0	0	0
May 05, 2022	127	0	0	0
May 06, 2022	142	0	0	0
May 07, 2022	164	0	0	0
May 08, 2022	163	0	0	0
May 09, 2022	167	0	0	0
May 10, 2022	175	0	0	0
May 11, 2022	180	0	0	0
May 12, 2022	187	0	0	0
May 13, 2022	206	0	0	0
May 14, 2022	232	0	0	0
May 15, 2022	235	0	0	0
May 16, 2022	227	0	0	0
May 17, 2022	230	0	0	0
May 18, 2022	243	0	0	0
May 19, 2022	256	0	0	0
May 20, 2022	281	0	0	0
May 21, 2022	310	0	0	0
May 22, 2022	315	2	0	0
May 23, 2022	299	0	0	0
May 24, 2022	338	0	0	0
May 25, 2022	380	0	0	0
May 26, 2022	423	0	0	0
May 27, 2022	487	0	0	0
May 28, 2022	589	0	0	0
May 29, 2022	656	0	0	0
May 30, 2022	684	0	0	0
May 31, 2022	720	0	0	0
Jun 01, 2022	814	0	0	0
Jun 02, 2022	896	0	0	0
Jun 03, 2022	971	0	0	0
Jun 04, 2022	1036	0	0	0
Jun 05, 2022	1116	0	0	0
Jun 06, 2022	1076	0	0	0
Jun 07, 2022	1111	0	0	0
Jun 08, 2022	1247	0	0	0
Jun 09, 2022	1358	0	0	0
Jun 10, 2022	1473	0	0	0
Jun 11, 2022	1667	0	0	0
Jun 12, 2022	1762	0	0	0
Jun 13, 2022	1825	0	0	0
Jun 14, 2022	1983	0	0	0
Jun 15, 2022	2338	0	0	0
Jun 16, 2022	2685	0	0	0
Jun 17, 2022	2912	0	0	0
Jun 18, 2022	3092	0	0	0
Jun 19, 2022	3136	0	0	0
Jun 20, 2022	3156	0	0	0
Jun 21, 2022	3287	0	0	0
Jun 22, 2022	3546	0	0	0
Jun 23, 2022	3892	0	0	0
Jun 24, 2022	4114	0	0	0
Jun 25, 2022	4074	0	0	0
Jun 26, 2022	3908	1	0	0
Jun 27, 2022	3750	0	0	0
Jun 28, 2022	3791	0	0	0
Jun 29, 2022	3937	0	0	0
Jun 30, 2022	4089	0	0	0
Jul 01, 2022	3927	1	0	0
Jul 02, 2022	3768	2	0	0
Jul 03, 2022	3768	0	0	0
Jul 04, 2022	3457	1	0	0
Jul 05, 2022	3457	1	0	0
Jul 06, 2022	3486	2	0	0
Jul 07, 2022	2882	1	0	0
Jul 08, 2022	3090	0	0	0
Jul 09, 2022	2483	3	0	0
Jul 10, 2022	2167	4	0	0
Jul 11, 2022	1977	1	0	0
Jul 12, 2022	1818	0	0	0
Jul 13, 2022	1799	0	0	0
Jul 14, 2022	1655	0	0	0
Jul 15, 2022	1594	0	0	0
Jul 16, 2022	1598	0	0	0
Jul 17, 2022	1399	0	0	0
Jul 18, 2022	1229	0	0	0
Jul 19, 2022	1086	0	0	0
Jul 20, 2022	1142	2	0	0
Jul 21, 2022	1154	0	0	0
Jul 22, 2022	1106	0	0	0
Jul 23, 2022	948	0	0	0
Jul 24, 2022	850	0	0	0
Jul 25, 2022	759	0	0	0
Jul 26, 2022	697	2	0	0
Jul 27, 2022	714	0	0	0
Jul 28, 2022	700	0	0	0
Jul 29, 2022	644	0	0	0
Jul 30, 2022	592	0	0	0
Jul 31, 2022	535	0	0	0
Aug 01, 2022	476	0	0	0
Aug 02, 2022	445	0	0	0
Aug 03, 2022	435	0	0	0
Aug 04, 2022	427	0	0	0
Aug 05, 2022	417	0	0	0
Aug 06, 2022	375	0	0	0
Aug 07, 2022	351	0	0	0
Aug 08, 2022	322	0	0	0
Aug 09, 2022	283	0	0	0
Aug 10, 2022	269	1	0	0
Aug 11, 2022	270	0	0	0
Aug 12, 2022	229	0	0	0
Aug 13, 2022	201	0	0	0
Aug 14, 2022	179	0	0	0
Aug 15, 2022	185	0	0	0
Aug 16, 2022	133	0	0	0
Aug 17, 2022	132	0	0	0
Aug 18, 2022	135	0	0	0
Aug 19, 2022	138	0	0	0
Aug 20, 2022	148	0	0	0
Aug 21, 2022	135	0	0	0
Aug 22, 2022	141	0	0	0
Aug 23, 2022	132	0	0	0
Aug 24, 2022	147	0	0	0
Aug 25, 2022	141	0	0	0
Aug 26, 2022	139	0	0	0
Aug 27, 2022	182	0	0	0
Aug 28, 2022	150	1	0	0
Aug 29, 2022	141	0	0	0
Aug 30, 2022	126	0	0	0
Aug 31, 2022	134	0	0	0
Sep 01, 2022	155	0	0	0
Sep 02, 2022	151	0	0	0
Sep 03, 2022	144	0	0	0
Sep 04, 2022	132	0	0	0
Sep 05, 2022	132	0	0	0
Sep 06, 2022	126	0	0	0
Sep 07, 2022	94	0	0	0
Sep 08, 2022	98	0	0	0
Sep 09, 2022	103	0	0	0
Sep 10, 2022	108	0	0	0
Sep 11, 2022	100	0	0	0
Sep 12, 2022	102	0	0	0
Sep 13, 2022	87	1	0	0
Sep 14, 2022	87	0	0	0
Sep 15, 2022	92	0	0	0
Sep 16, 2022	95	0	0	0
Sep 17, 2022	87	0	0	0
Sep 18, 2022	90	0	0	0
Sep 19, 2022	87	0	0	0
Sep 20, 2022	95	0	0	0
Sep 21, 2022	96	0	0	0
Sep 22, 2022	98	0	0	0
Sep 23, 2022	95	0	0	0
Sep 24, 2022	101	0	0	0
Sep 25, 2022	95	0	0	0
Sep 26, 2022	95	0	0	0
Sep 27, 2022	100	0	0	0
Sep 28, 2022	79	3	0	0
Sep 29, 2022	79	0	0	0
Sep 30, 2022	87	0	0	0
Oct 01, 2022	68	0	0	0
Oct 02, 2022	66	0	0	0
Oct 03, 2022	67	0	0	0
Oct 04, 2022	66	0	0	0
Oct 05, 2022	73	0	0	0
Oct 06, 2022	82	0	0	0
Oct 07, 2022	44	0	0	0
Oct 08, 2022	53	0	0	0
Oct 09, 2022	11	0	0	0
Oct 10, 2022	18	0	0	0
Oct 11, 2022	30	0	0	0
Oct 12, 2022	38	0	0	0
Oct 13, 2022	48	0	0	0
Oct 14, 2022	72	0	0	0
Oct 15, 2022	67	0	0	0
Oct 16, 2022	63	0	0	0
Oct 17, 2022	84	0	0	0
Oct 18, 2022	132	0	0	0
Oct 19, 2022	163	0	0	0
Oct 20, 2022	188	0	0	0
Oct 21, 2022	213	0	0	0
Oct 22, 2022	213	0	0	0
Oct 23, 2022	234	0	0	0
Oct 24, 2022	234	0	0	0
Oct 25, 2022	234	0	0	0
Oct 26, 2022	320	0	0	0
Oct 27, 2022	371	0	0	0
Oct 28, 2022	389	0	0	0
Oct 29, 2022	400	0	0	0
Oct 30, 2022	410	0	0	0
Oct 31, 2022	419	0	0	0
Nov 01, 2022	504	0	0	0
Nov 02, 2022	566	0	0	0
Nov 03, 2022	566	0	0	0
Nov 04, 2022	723	0	0	0
Nov 05, 2022	763	0	0	0
Nov 06, 2022	786	0	0	0
Nov 07, 2022	752	0	0	0
Nov 08, 2022	850	0	0	0
Nov 09, 2022	874	0	0	0
Nov 10, 2022	967	0	0	0
Nov 11, 2022	956	0	0	0
Nov 12, 2022	1021	0	0	0
Nov 13, 2022	990	2	0	0
Nov 14, 2022	990	0	0	0
Nov 15, 2022	927	0	0	0
Nov 16, 2022	928	4	0	0
Nov 17, 2022	990	0	0	0
Nov 18, 2022	996	0	0	0
Nov 19, 2022	982	0	0	0
Nov 20, 2022	910	0	0	0
Nov 21, 2022	828	0	0	0
Nov 22, 2022	739	0	0	0
Nov 23, 2022	798	0	0	0
Nov 24, 2022	845	0	0	0
Nov 25, 2022	755	0	0	0
Nov 26, 2022	764	0	0	0
Nov 27, 2022	706	0	0	0
Nov 28, 2022	621	0	0	0
Nov 29, 2022	598	0	0	0
Nov 30, 2022	606	0	0	0
Dec 01, 2022	653	0	0	0
Dec 02, 2022	688	0	0	0
Dec 03, 2022	651	0	0	0
Dec 04, 2022	605	0	0	0
Dec 05, 2022	551	0	0	0
Dec 06, 2022	553	0	0	0
Dec 07, 2022	504	0	0	0
Dec 08, 2022	525	0	0	0
Dec 09, 2022	515	0	0	0
Dec 10, 2022	515	0	0	0
Dec 11, 2022	411	0	0	0
Dec 12, 2022	404	0	0	0
Dec 13, 2022	439	0	0	0
Dec 14, 2022	285	0	0	0
Dec 15, 2022	315	0	0	0
Dec 16, 2022	317	0	0	0
Dec 17, 2022	298	0	0	0
Dec 18, 2022	310	4	0	0
Dec 19, 2022	254	0	0	0
Dec 20, 2022	271	0	0	0
Dec 21, 2022	311	0	0	0
Dec 22, 2022	324	0	0	0
Dec 23, 2022	296	0	0	0
Dec 24, 2022	261	0	0	0
Dec 25, 2022	261	0	0	0
Dec 26, 2022	181	0	0	0
Dec 27, 2022	157	0	0	0
Dec 28, 2022	143	0	0	0
Dec 29, 2022	135	0	0	0
Dec 30, 2022	125	0	0	0
Dec 31, 2022	81	0	0	0
Jan 01, 2023	63	0	0	0
Jan 02, 2023	60	0	0	0
Jan 03, 2023	42	0	0	0
Jan 04, 2023	40	0	0	0
Jan 05, 2023	87	0	0	0
Jan 06, 2023	103	0	0	0
Jan 07, 2023	119	0	0	0
Jan 08, 2023	117	0	0	0
Jan 09, 2023	115	0	0	0
Jan 10, 2023	118	0	0	0
Jan 11, 2023	140	0	0	0
Jan 12, 2023	152	0	0	0
Jan 13, 2023	160	0	0	0
Jan 14, 2023	185	0	0	0
Jan 15, 2023	141	0	0	0
Jan 16, 2023	125	0	0	0
Jan 17, 2023	125	0	0	0
Jan 18, 2023	125	0	0	0
Jan 19, 2023	129	0	0	0
Jan 20, 2023	131	0	0	0
Jan 21, 2023	120	0	0	0
Jan 22, 2023	99	0	0	0
Jan 23, 2023	91	0	0	0
Jan 24, 2023	69	0	0	0
Jan 25, 2023	79	0	0	0
Jan 26, 2023	82	0	0	0
Jan 27, 2023	82	0	0	0
Jan 28, 2023	82	0	0	0
Jan 29, 2023	82	0	0	0
Jan 30, 2023	82	0	0	0
Jan 31, 2023	34	0	0	0
Feb 01, 2023	34	0	0	0
Feb 02, 2023	34	0	0	0
Feb 03, 2023	34	0	0	0
Feb 04, 2023	34	0	0	0
Feb 05, 2023	34	0	0	0
Feb 06, 2023	34	0	0	0
Feb 07, 2023	34	0	0	0
Feb 08, 2023	34	0	0	0
Feb 09, 2023	34	0	0	0
Feb 10, 2023	34	0	0	0
Feb 11, 2023	34	0	0	0
Feb 12, 2023	34	0	0	0
Feb 13, 2023	32	0	0	0
Feb 14, 2023	32	0	0	0
Feb 15, 2023	40	0	0	0
Feb 16, 2023	40	0	0	0
Feb 17, 2023	40	0	0	0
Feb 18, 2023	40	0	0	0
Feb 19, 2023	40	0	0	0
Feb 20, 2023	40	0	0	0
Feb 21, 2023	40	0	0	0
Feb 22, 2023	29	0	0	0
Feb 23, 2023	29	0	0	0
Feb 24, 2023	29	0	0	0
Feb 25, 2023	29	0	0	0
Feb 26, 2023	29	0	0	0
Feb 27, 2023	26	0	0	0
Feb 28, 2023	26	0	0	0
Mar 01, 2023	15	0	0	0
Mar 02, 2023	15	0	0	0
Mar 03, 2023	15	0	0	0
Mar 04, 2023	15	0	0	0
Mar 05, 2023	15	0	0	0
Mar 06, 2023	15	0	0	0
Mar 07, 2023	24	0	0	0
Mar 08, 2023	27	0	0	0
Mar 09, 2023	28	0	0	0
Mar 10, 2023	30	0	0	0
Mar 11, 2023	31	0	0	0
Mar 12, 2023	32	0	0	0
Mar 13, 2023	30	0	0	0
Mar 14, 2023	30	0	0	0
Mar 15, 2023	32	0	0	0
Mar 16, 2023	35	0	0	0
Mar 17, 2023	40	0	0	0
Mar 18, 2023	43	0	0	0
Mar 19, 2023	43	0	0	0
Mar 20, 2023	45	0	0	0
Mar 21, 2023	46	0	0	0
Mar 22, 2023	28	0	0	0
Mar 23, 2023	30	0	0	0
Mar 24, 2023	32	0	0	0
Mar 25, 2023	32	0	0	0
Mar 26, 2023	36	0	0	0
Mar 27, 2023	39	0	0	0
Mar 28, 2023	39	0	0	0
Mar 29, 2023	41	0	0	0
Mar 30, 2023	45	0	0	0
Mar 31, 2023	45	0	0	0
Apr 01, 2023	47	0	0	0
Apr 02, 2023	52	0	0	0
Apr 03, 2023	52	0	0	0
Apr 04, 2023	52	0	0	0
Apr 05, 2023	52	0	0	0
Apr 06, 2023	52	0	0	0
Apr 07, 2023	52	0	0	0
Apr 08, 2023	52	0	0	0
Apr 09, 2023	52	0	0	0
Apr 10, 2023	26	0	0	0
Apr 11, 2023	26	0	0	0
Apr 12, 2023	22	0	0	0
Apr 13, 2023	22	0	0	0
Apr 14, 2023	22	0	0	0
Apr 15, 2023	22	0	0	0
Apr 16, 2023	22	0	0	0
Apr 17, 2023	24	0	0	0
Apr 18, 2023	30	0	0	0
Apr 19, 2023	33	0	0	0
Apr 20, 2023	40	0	0	0
Apr 21, 2023	41	0	0	0
Apr 22, 2023	44	0	0	0
Apr 23, 2023	50	0	0	0
Apr 24, 2023	51	0	0	0
Apr 25, 2023	51	0	0	0
Apr 26, 2023	49	0	0	0
Apr 27, 2023	54	0	0	0
Apr 28, 2023	63	0	0	0
Apr 29, 2023	67	0	0	0
Apr 30, 2023	67	0	0	0
May 01, 2023	67	0	0	0
May 02, 2023	67	0	0	0
May 03, 2023	63	0	0	0
May 04, 2023	63	0	0	0
May 05, 2023	63	0	0	0
May 06, 2023	63	0	0	0
May 07, 2023	63	0	0	0
May 08, 2023	63	0	0	0
May 09, 2023	63	0	0	0
May 10, 2023	76	0	0	0
May 11, 2023	76	0	0	0
May 12, 2023	76	0	0	0
May 13, 2023	76	0	0	0
May 14, 2023	76	0	0	0
May 15, 2023	76	0	0	0
May 16, 2023	76	0	0	0
May 17, 2023	77	0	0	0
May 18, 2023	77	0	0	0
May 19, 2023	77	0	0	0
May 20, 2023	77	0	0	0
May 21, 2023	77	0	0	0
May 22, 2023	77	0	0	0
May 23, 2023	77	0	0	0
May 24, 2023	77	0	0	0
May 25, 2023	77	0	0	0
May 26, 2023	77	0	0	0
May 27, 2023	77	0	0	0
May 28, 2023	77	0	0	0
May 29, 2023	77	0	0	0
May 30, 2023	77	0	0	0
May 31, 2023	77	0	0	0
Jun 01, 2023	77	0	0	0
Jun 02, 2023	77	0	0	0
Jun 03, 2023	77	0	0	0
Jun 04, 2023	77	0	0	0
Jun 05, 2023	77	0	0	0
Jun 06, 2023	77	0	0	0
Jun 07, 2023	315	0	0	0
Jun 08, 2023	315	0	0	0
Jun 09, 2023	315	0	0	0
Jun 10, 2023	315	0	0	0
Jun 11, 2023	315	0	0	0
Jun 12, 2023	315	0	0	0
Jun 13, 2023	315	0	0	0
Jun 14, 2023	315	0	0	0
Jun 15, 2023	315	0	0	0
Jun 16, 2023	315	0	0	0
Jun 17, 2023	315	0	0	0
Jun 18, 2023	315	0	0	0
Jun 19, 2023	315	0	0	0
Jun 20, 2023	315	0	0	0
Jun 21, 2023	539	1	0	0
Jun 22, 2023	539	0	0	0
Jun 23, 2023	539	0	0	0
Jun 24, 2023	539	0	0	0
Jun 25, 2023	539	0	0	0
Jun 26, 2023	539	0	0	0
Jun 27, 2023	539	0	0	0
Jun 28, 2023	539	0	0	0
Jun 29, 2023	539	0	0	0
Jun 30, 2023	539	0	0	0
Jul 01, 2023	539	0	0	0
Jul 02, 2023	539	0	0	0
Jul 03, 2023	539	0	0	0
Jul 04, 2023	539	0	0	0
Jul 05, 2023	788	0	0	0
Jul 06, 2023	788	0	0	0
Jul 07, 2023	788	0	0	0
Jul 08, 2023	788	0	0	0
Jul 09, 2023	788	0	0	0
Jul 10, 2023	788	0	0	0
Jul 11, 2023	788	0	0	0
Jul 12, 2023	788	0	0	0
Jul 13, 2023	788	0	0	0
Jul 14, 2023	788	0	0	0
Jul 15, 2023	788	0	0	0
Jul 16, 2023	788	0	0	0
Jul 17, 2023	788	0	0	0
Jul 18, 2023	788	0	0	0
Jul 19, 2023	900	0	0	0
Jul 20, 2023	900	0	0	0
Jul 21, 2023	900	0	0	0
Jul 22, 2023	900	0	0	0
Jul 23, 2023	900	0	0	0
Jul 24, 2023	900	0	0	0
Jul 25, 2023	900	0	0	0
Jul 26, 2023	917	0	0	0
Jul 27, 2023	917	0	0	0
Jul 28, 2023	917	0	0	0
Jul 29, 2023	917	0	0	0
Jul 30, 2023	917	0	0	0
Jul 31, 2023	917	0	0	0
Aug 01, 2023	917	0	0	0
Aug 02, 2023	920	0	0	0
Aug 03, 2023	920	0	0	0
Aug 04, 2023	920	0	0	0
Aug 05, 2023	920	0	0	0
Aug 06, 2023	920	0	0	0
Aug 07, 2023	920	0	0	0
Aug 08, 2023	920	0	0	0
Aug 09, 2023	920	0	0	0
Aug 10, 2023	920	0	0	0
Aug 11, 2023	920	0	0	0
Aug 12, 2023	920	0	0	0
Aug 13, 2023	920	0	0	0
Aug 14, 2023	920	0	0	0
Aug 15, 2023	920	0	0	0
Aug 16, 2023	920	0	0	0
Aug 17, 2023	920	0	0	0
Aug 18, 2023	920	0	0	0
Aug 19, 2023	920	0	0	0
Aug 20, 2023	920	0	0	0
Aug 21, 2023	920	0	0	0
Aug 22, 2023	920	0	0	0
Aug 23, 2023	920	0	0	0
Aug 24, 2023	920	0	0	0
Aug 25, 2023	920	0	0	0
Aug 26, 2023	920	0	0	0
Aug 27, 2023	920	0	0	0
Aug 28, 2023	920	0	0	0
Aug 29, 2023	920	0	0	0
Aug 30, 2023	920	0	0	0
Aug 31, 2023	920	0	0	0
Sep 01, 2023	920	0	0	0
Sep 02, 2023	920	0	0	0
Sep 03, 2023	920	0	0	0
Sep 04, 2023	920	0	0	0
Sep 05, 2023	920	0	0	0
Sep 06, 2023	920	0	0	0
Sep 07, 2023	957	0	0	0
Sep 08, 2023	957	0	0	0
Sep 09, 2023	957	0	0	0
Sep 10, 2023	957	0	0	0
Sep 11, 2023	957	0	0	0
Sep 12, 2023	957	0	0	0
Sep 13, 2023	957	0	0	0
Sep 14, 2023	957	0	0	0
Sep 15, 2023	957	0	0	0
Sep 16, 2023	957	0	0	0
Sep 17, 2023	957	0	0	0
Sep 18, 2023	957	0	0	0
Sep 19, 2023	957	0	0	0
Sep 20, 2023	957	0	0	0
Sep 21, 2023	957	0	0	0
Sep 22, 2023	957	0	0	0
Sep 23, 2023	957	0	0	0
Sep 24, 2023	957	0	0	0
Sep 25, 2023	957	0	0	0
Sep 26, 2023	957	0	0	0
Sep 27, 2023	957	0	0	0
Sep 28, 2023	957	0	0	0
Sep 29, 2023	957	0	0	0
Sep 30, 2023	957	0	0	0
Oct 01, 2023	957	0	0	0
Oct 02, 2023	957	0	0	0
Oct 03, 2023	957	0	0	0
Oct 04, 2023	957	0	0	0
Oct 05, 2023	957	0	0	0
Oct 06, 2023	957	0	0	0
Oct 07, 2023	957	0	0	0
Oct 08, 2023	957	0	0	0
Oct 09, 2023	957	0	0	0
Oct 10, 2023	957	0	0	0
Oct 11, 2023	957	0	0	0
Oct 12, 2023	957	0	0	0
Oct 13, 2023	957	0	0	0
Oct 14, 2023	957	0	0	0
Oct 15, 2023	957	0	0	0
Oct 16, 2023	957	0	0	0
Oct 17, 2023	957	0	0	0
Oct 18, 2023	957	0	0	0
Oct 19, 2023	1001	0	0	0
Oct 20, 2023	1001	0	0	0
Oct 21, 2023	1001	0	0	0
Oct 22, 2023	1001	0	0	0
Oct 23, 2023	1001	0	0	0
Oct 24, 2023	1001	0	0	0
Oct 25, 2023	1001	0	0	0
Oct 26, 2023	1072	0	0	0
Oct 27, 2023	1072	0	0	0
Oct 28, 2023	1072	0	0	0
Oct 29, 2023	1072	0	0	0
Oct 30, 2023	1072	0	0	0
Oct 31, 2023	1072	0	0	0
Nov 01, 2023	1072	0	0	0
Nov 02, 2023	1072	0	0	0
Nov 03, 2023	1072	0	0	0
Nov 04, 2023	1072	0	0	0
Nov 05, 2023	1072	0	0	0
Nov 06, 2023	1072	0	0	0
Nov 07, 2023	1072	0	0	0
Nov 08, 2023	1072	0	0	0
Nov 09, 2023	1072	0	0	0
Nov 10, 2023	1132	0	0	0
Nov 11, 2023	1132	0	0	0
Nov 12, 2023	1132	0	0	0
Nov 13, 2023	1132	0	0	0
Nov 14, 2023	1132	0	0	0
Nov 15, 2023	1132	0	0	0
Nov 16, 2023	1132	0	0	0
Nov 17, 2023	1132	0	0	0
Nov 18, 2023	1132	0	0	0
Nov 19, 2023	1132	0	0	0
Nov 20, 2023	1132	0	0	0
Nov 21, 2023	1132	0	0	0
Nov 22, 2023	1132	0	0	0
Nov 23, 2023	1132	0	0	0
Nov 24, 2023	1132	0	0	0
Nov 25, 2023	1132	0	0	0
Nov 26, 2023	1132	0	0	0
Nov 27, 2023	1132	0	0	0
Nov 28, 2023	1132	0	0	0
Nov 29, 2023	1132	0	0	0
Nov 30, 2023	1132	0	0	0
Dec 01, 2023	1132	0	0	0
Dec 02, 2023	1132	0	0	0
Dec 03, 2023	1132	0	0	0
Dec 04, 2023	1132	0	0	0
Dec 05, 2023	1132	0	0	0
Dec 06, 2023	1132	0	0	0
Dec 07, 2023	1132	0	0	0
Dec 08, 2023	1132	0	0	0
Dec 09, 2023	1132	0	0	0
Dec 10, 2023	1132	0	0	0
Dec 11, 2023	1132	0	0	0
Dec 12, 2023	1132	0	0	0
Dec 13, 2023	1132	0	0	0
Dec 14, 2023	1132	0	0	0
Dec 15, 2023	1132	0	0	0
Dec 16, 2023	1132	0	0	0
Dec 17, 2023	1132	0	0	0
Dec 18, 2023	1132	0	0	0
Dec 19, 2023	1132	0	0	0
Dec 20, 2023	1132	0	0	0
Dec 21, 2023	1132	0	0	0
Dec 22, 2023	1132	0	0	0
Dec 23, 2023	1132	0	0	0
Dec 24, 2023	1132	0	0	0
Dec 25, 2023	1132	0	0	0
Dec 26, 2023	1132	0	0	0
Dec 27, 2023	1132	0	0	0
Dec 28, 2023	1132	0	0	0
Dec 29, 2023	1132	0	0	0
Dec 30, 2023	1132	0	0	0
Dec 31, 2023	1132	0	0	0
Jan 01, 2024	1132	0	0	0
Jan 02, 2024	1132	0	0	0
Jan 03, 2024	1132	0	0	0
Jan 04, 2024	1132	0	0	0
Jan 05, 2024	1132	0	0	0
Jan 06, 2024	1132	0	0	0
Jan 07, 2024	1132	0	0	0
Jan 08, 2024	1132	0	0	0
Jan 09, 2024	1132	0	0	0
Jan 10, 2024	1132	0	0	0
Jan 11, 2024	1132	0	0	0
Jan 12, 2024	1132	0	0	0
Jan 13, 2024	1132	0	0	0
Jan 14, 2024	1132	0	0	0
Jan 15, 2024	1132	0	0	0
Jan 16, 2024	1132	0	0	0
Jan 17, 2024	1132	0	0	0
Jan 18, 2024	1132	0	0	0
Jan 19, 2024	1132	0	0	0
Jan 20, 2024	1132	0	0	0
Jan 21, 2024	1132	0	0	0
Jan 22, 2024	1132	0	0	0
Jan 23, 2024	1132	0	0	0
Jan 24, 2024	1132	0	0	0
Jan 25, 2024	1132	0	0	0
Jan 26, 2024	1132	0	0	0
Jan 27, 2024	1132	0	0	0
Jan 28, 2024	1132	0	0	0
Jan 29, 2024	1132	0	0	0
Jan 30, 2024	1132	0	0	0
Jan 31, 2024	1132	0	0	0
Feb 01, 2024	1132	0	0	0
Feb 02, 2024	1132	0	0	0
Feb 03, 2024	1132	0	0	0
Feb 04, 2024	1132	0	0	0
Feb 05, 2024	1132	0	0	0
Feb 06, 2024	1132	0	0	0
Feb 07, 2024	1132	0	0	0
Feb 08, 2024	1132	0	0	0
Feb 09, 2024	1132	0	0	0
Feb 10, 2024	1132	0	0	0
Feb 11, 2024	1132	0	0	0
Feb 12, 2024	1132	0	0	0
Feb 13, 2024	1132	0	0	0
Feb 14, 2024	1132	0	0	0
Feb 15, 2024	1132	0	0	0
Feb 16, 2024	1132	0	0	0
Feb 17, 2024	1132	0	0	0
Feb 18, 2024	1132	0	0	0
Feb 19, 2024	1132	0	0	0
Feb 20, 2024	1132	0	0	0
Feb 21, 2024	1132	0	0	0
Feb 22, 2024	1132	0	0	0
Feb 23, 2024	1132	0	0	0
Feb 24, 2024	1132	0	0	0
Feb 25, 2024	1132	0	0	0
Feb 26, 2024	1132	0	0	0
Feb 27, 2024	1132	0	0	0
Feb 28, 2024	1132	0	0	0
Feb 29, 2024	1132	0	0	0
Mar 01, 2024	1132	0	0	0
Mar 02, 2024	1132	0	0	0
Mar 03, 2024	1132	0	0	0
Mar 04, 2024	1132	0	0	0
Mar 05, 2024	1132	0	0	0
Mar 06, 2024	1132	0	0	0
Mar 07, 2024	1132	0	0	0
Mar 08, 2024	1132	0	0	0
Mar 09, 2024	1132	0	0	0
Mar 10, 2024	1132	0	0	0
Mar 11, 2024	1132	0	0	0
Mar 12, 2024	1132	0	0	0
Mar 13, 2024	1132	0	0	0
Mar 14, 2024	1132	0	0	0
Mar 15, 2024	1132	0	0	0
Mar 16, 2024	1132	0	0	0
Mar 17, 2024	1132	0	0	0
Mar 18, 2024	1132	0	0	0
Mar 19, 2024	1132	0	0	0
Mar 20, 2024	1132	0	0	0
Mar 21, 2024	1132	0	0	0
Mar 22, 2024	1132	0	0	0
Mar 23, 2024	1132	0	0	0
