Feb 15, 2020	14	null	null	null
Feb 16, 2020	14	0	0	0
Feb 17, 2020	11	0	1	0
Feb 18, 2020	9	0	2	0
Feb 19, 2020	5	0	0	0
Feb 20, 2020	5	0	0	0
Feb 21, 2020	5	0	0	0
Feb 22, 2020	4	0	3	0
Feb 23, 2020	4	0	0	0
Feb 24, 2020	2	0	1	0
Feb 25, 2020	2	0	0	2
Feb 26, 2020	2	0	0	4
Feb 27, 2020	1	0	0	19
Feb 28, 2020	3	0	0	18
Feb 29, 2020	3	0	1	39
Mar 01, 2020	7	0	0	27
Mar 02, 2020	7	0	0	56
Mar 03, 2020	14	0	0	20
Mar 04, 2020	27	0	0	67
Mar 05, 2020	32	0	0	126
Mar 06, 2020	60	0	0	209
Mar 07, 2020	69	5	0	269
Mar 08, 2020	74	3	0	236
Mar 09, 2020	91	11	0	185
Mar 10, 2020	103	3	0	338
Mar 11, 2020	122	15	0	452
Mar 12, 2020	125	13	0	540
Mar 13, 2020	164	18	0	714
Mar 14, 2020	201	12	0	761
Mar 15, 2020	386	36	0	840
Mar 16, 2020	511	21	0	1100
Mar 17, 2020	622	27	590	997
Mar 18, 2020	728	89	0	1277
Mar 19, 2020	823	108	693	1691
Mar 20, 2020	940	78	292	1469
Mar 21, 2020	1061	112	0	1678
Mar 22, 2020	1157	112	613	1417
Mar 23, 2020	1345	186	0	3488
Mar 24, 2020	1425	240	1081	2224
Mar 25, 2020	1577	231	619	2662
Mar 26, 2020	1793	365	1048	3564
Mar 27, 2020	1876	299	752	3462
Mar 28, 2020	1973	319	0	4191
Mar 29, 2020	2047	292	1502	2362
Mar 30, 2020	2111	418	725	3977
Mar 31, 2020	2187	498	1517	6887
Apr 01, 2020	2219	508	1491	4418
Apr 02, 2020	2300	1354	1493	1923
Apr 03, 2020	2454	1119	1580	4755
Apr 04, 2020	2512	1052	1430	3877
Apr 05, 2020	2597	517	745	1703
Apr 06, 2020	2491	832	1067	3555
Apr 07, 2020	2580	1416	2087	3432
Apr 08, 2020	2568	540	1917	3526
Apr 09, 2020	2554	1339	1952	3895
Apr 10, 2020	2447	986	1726	3946
Apr 11, 2020	2463	634	1459	2829
Apr 12, 2020	2500	561	795	1466
Apr 13, 2020	2465	574	532	2428
Apr 14, 2020	2428	761	1087	4996
Apr 15, 2020	2343	1437	2150	2393
Apr 16, 2020	2333	752	1857	2400
Apr 17, 2020	2199	760	1608	368
Apr 18, 2020	2116	641	1563	2335
Apr 19, 2020	2104	395	595	714
Apr 20, 2020	2042	546	831	1864
Apr 21, 2020	2042	530	1772	2423
Apr 22, 2020	1988	543	1476	1661
Apr 23, 2020	1967	515	1431	1502
Apr 24, 2020	1933	389	1405	1611
Apr 25, 2020	1883	369	1101	1397
Apr 26, 2020	1821	242	309	419
Apr 27, 2020	1765	436	610	3420
Apr 28, 2020	1720	367	1373	1381
Apr 29, 2020	1759	426	1342	1675
Apr 30, 2020	1730	289	1248	1061
May 01, 2020	1759	218	736	563
May 02, 2020	1748	166	350	740
May 03, 2020	1781	135	222	287
May 04, 2020	1765	306	587	537
May 05, 2020	1711	330	1365	1029
May 06, 2020	1620	278	1236	3898
May 07, 2020	1585	178	1055	586
May 08, 2020	1565	243	815	598
May 09, 2020	1553	80	4206	403
May 10, 2020	1524	70	4272	195
May 11, 2020	1505	263	2851	425
May 12, 2020	1411	348	1265	659
May 13, 2020	1388	83	2590	473
May 14, 2020	1357	351	5146	580
May 15, 2020	1305	104	2529	524
May 16, 2020	1248	96	2468	347
May 17, 2020	1211	146	77	112
May 18, 2020	1214	131	2361	459
May 19, 2020	1219	119	1002	489
May 20, 2020	1190	110	1941	389
May 21, 2020	1150	83	2584	296
May 22, 2020	1164	74	1753	366
May 23, 2020	1159	43	1610	233
May 24, 2020	1186	35	1738	107
May 25, 2020	1324	65	1267	334
May 26, 2020	1449	98	3800	257
May 27, 2020	1422	66	520	178
May 28, 2020	1346	66	532	3098
May 29, 2020	1383	52	351	556
May 30, 2020	1318	57	138	1703
May 31, 2020	1352	31	394	239
Jun 01, 2020	1339	31	628	315
Jun 02, 2020	1293	107	366	283
Jun 03, 2020	1325	81	499	330
Jun 04, 2020	1574	44	480	720
Jun 05, 2020	1541	46	301	573
Jun 06, 2020	1552	31	81	543
Jun 07, 2020	1532	13	446	322
Jun 08, 2020	1519	54	435	198
Jun 09, 2020	1245	87	302	378
Jun 10, 2020	1207	23	273	511
Jun 11, 2020	1187	27	339	399
Jun 12, 2020	1116	28	205	681
Jun 13, 2020	1015	24	83	494
Jun 14, 2020	987	9	325	382
Jun 15, 2020	974	29	228	143
Jun 16, 2020	652	111	67	323
Jun 17, 2020	522	28	3070	430
Jun 18, 2020	409	28	528	438
Jun 19, 2020	345	14	1689	761
Jun 20, 2020	290	16	223	602
Jun 21, 2020	296	7	308	267
Jun 22, 2020	290	23	260	350
Jun 23, 2020	284	57	273	485
Jun 24, 2020	245	11	709	76
Jun 25, 2020	209	21	552	0
Jun 26, 2020	192	26	517	1490
Jun 27, 2020	188	8	314	490
Jun 28, 2020	196	9	189	490
Jun 29, 2020	183	18	360	263
Jun 30, 2020	165	30	481	508
Jul 01, 2020	145	18	381	861
Jul 02, 2020	86	14	667	618
Jul 03, 2020	82	18	476	546
Jul 04, 2020	77	7	375	526
Jul 05, 2020	78	7	136	600
Jul 06, 2020	72	13	310	165
Jul 07, 2020	73	13	417	446
Jul 08, 2020	71	32	406	622
Jul 09, 2020	64	14	747	583
Jul 10, 2020	65	25	577	617
Jul 11, 2020	68	4	263	628
Jul 12, 2020	78	3	347	627
Jul 13, 2020	84	18	467	270
Jul 14, 2020	84	71	5	480
Jul 15, 2020	87	20	-20	390
Jul 16, 2020	78	18	1472	501
Jul 17, 2020	93	14	476	785
Jul 18, 2020	97	9	481	812
Jul 19, 2020	104	8	255	812
Jul 20, 2020	123	8	500	328
Jul 21, 2020	131	13	848	548
Jul 22, 2020	143	7	611	937
Jul 23, 2020	144	10	536	997
Jul 24, 2020	162	10	516	1060
Jul 25, 2020	168	4	596	956
Jul 26, 2020	174	4	161	955
Jul 27, 2020	180	9	437	482
Jul 28, 2020	213	14	608	680
Jul 29, 2020	221	15	568	1306
Jul 30, 2020	224	16	601	1292
Jul 31, 2020	208	11	617	1263
Aug 01, 2020	214	3	624	0
Aug 02, 2020	211	4	266	2646
Aug 03, 2020	209	22	458	522
Aug 04, 2020	194	2	388	975
Aug 05, 2020	197	9	492	1591
Aug 06, 2020	201	7	778	1505
Aug 07, 2020	211	12	800	2147
Aug 08, 2020	171	1	811	1910
Aug 09, 2020	175	1	327	1909
Aug 10, 2020	167	14	534	737
Aug 11, 2020	170	14	923	1311
Aug 12, 2020	173	17	980	2369
Aug 13, 2020	184	17	1043	2505
Aug 14, 2020	197	17	939	2671
Aug 15, 2020	220	4	951	3106
Aug 16, 2020	217	1	481	2829
Aug 17, 2020	212	24	656	463
Aug 18, 2020	193	17	1289	2100
Aug 19, 2020	186	17	1275	3544
Aug 20, 2020	184	12	1251	4477
Aug 21, 2020	180	23	-23	4304
Aug 22, 2020	184	9	2637	3380
Aug 23, 2020	184	1	521	4596
Aug 24, 2020	185	15	960	1835
Aug 25, 2020	190	16	1575	3101
Aug 26, 2020	189	0	1505	5095
Aug 27, 2020	178	32	2115	5735
Aug 28, 2020	152	20	1890	6925
Aug 29, 2020	155	6	1903	5117
Aug 30, 2020	161	4	733	5080
Aug 31, 2020	160	29	1282	2892
Sep 01, 2020	152	26	2343	4675
Sep 02, 2020	154	25	2480	6585
Sep 03, 2020	164	0	2671	6716
Sep 04, 2020	166	0	3106	8423
Sep 05, 2020	151	12	2817	8024
Sep 06, 2020	155	3	460	6636
Sep 07, 2020	208	25	2075	3944
Sep 08, 2020	296	38	3506	6141
Sep 09, 2020	313	30	4447	8049
Sep 10, 2020	334	19	4285	9237
Sep 11, 2020	502	80	3300	8827
Sep 12, 2020	552	17	4579	9911
Sep 13, 2020	592	6	1829	6741
Sep 14, 2020	616	34	3067	5779
Sep 15, 2020	633	49	5046	7369
Sep 16, 2020	669	46	5689	9182
Sep 17, 2020	675	50	6875	9941
Sep 18, 2020	755	153	4964	12402
Sep 19, 2020	723	26	5054	12667
Sep 20, 2020	735	11	2881	9918
Sep 21, 2020	752	53	4622	4972
Sep 22, 2020	666	78	6507	9392
Sep 23, 2020	771	43	6673	12267
Sep 24, 2020	779	52	8371	15105
Sep 25, 2020	859	150	7874	14825
Sep 26, 2020	852	39	6597	13525
Sep 27, 2020	951	27	3917	10438
Sep 28, 2020	1012	81	6060	3819
Sep 29, 2020	1063	85	7964	7555
Sep 30, 2020	1122	63	9174	12054
Oct 01, 2020	1335	63	8764	13110
Oct 02, 2020	1541	130	9781	11400
Oct 03, 2020	1736	49	6692	15927
Oct 04, 2020	1962	32	5747	11792
Oct 05, 2020	2337	69	7300	4771
Oct 06, 2020	2937	66	9116	9843
Oct 07, 2020	3352	80	9861	17592
Oct 08, 2020	3704	76	12326	17013
Oct 09, 2020	3864	109	12558	19087
Oct 10, 2020	4162	54	9864	25240
Oct 11, 2020	4588	46	4926	15110
Oct 12, 2020	5040	95	9297	7981
Oct 13, 2020	5346	108	12159	12193
Oct 14, 2020	5769	104	15001	21200
Oct 15, 2020	5946	88	14737	28736
Oct 16, 2020	6324	178	13347	23542
Oct 17, 2020	6887	89	10349	30431
Oct 18, 2020	7050	85	3734	28000
Oct 19, 2020	7457	146	7409	12428
Oct 20, 2020	7682	262	11792	19208
Oct 21, 2020	7828	163	12947	25034
Oct 22, 2020	8184	162	11238	39060
Oct 23, 2020	8417	298	15629	39445
Oct 24, 2020	8967	137	11655	42626
Oct 25, 2020	9203	116	4655	48808
Oct 26, 2020	9745	257	9586	25123
Oct 27, 2020	9904	523	17069	31360
Oct 28, 2020	10124	244	16769	34194
Oct 29, 2020	10088	235	18852	44705
Oct 30, 2020	10393	545	24695	46185
Oct 31, 2020	10052	223	14887	33447
Nov 01, 2020	10037	231	7750	45258
Nov 02, 2020	9969	467	11726	51104
Nov 03, 2020	10136	906	20294	35912
Nov 04, 2020	10340	437	28299	39880
Nov 05, 2020	10504	415	23127	56292
Nov 06, 2020	11531	880	29551	58581
Nov 07, 2020	11667	356	27644	83324
Nov 08, 2020	11690	322	12106	38059
Nov 09, 2020	11309	548	18660	20732
Nov 10, 2020	11447	857	24177	22632
Nov 11, 2020	11498	328	38732	35488
Nov 12, 2020	11420	425	39020	32948
Nov 13, 2020	11823	932	41694	24147
Nov 14, 2020	12132	552	48256	31937
Nov 15, 2020	12324	500	24623	27370
Nov 16, 2020	12602	704	30656	10645
Nov 17, 2020	12789	625	33569	13630
Nov 18, 2020	12815	677	44028	26636
Nov 19, 2020	13223	681	45504	19848
Nov 20, 2020	13222	634	32813	21473
Nov 21, 2020	12855	390	44868	16780
Nov 22, 2020	12844	352	50752	12347
Nov 23, 2020	13843	638	35274	4178
Nov 24, 2020	14354	592	39288	8591
Nov 25, 2020	12972	569	55723	15280
Nov 26, 2020	11349	527	58054	12728
Nov 27, 2020	11308	581	82743	11692
Nov 28, 2020	11509	316	37743	11806
Nov 29, 2020	11482	301	20431	9182
Nov 30, 2020	10579	509	22123	3758
Dec 01, 2020	10496	466	35022	7585
Dec 02, 2020	10687	425	32523	13198
Dec 03, 2020	10803	439	23708	11914
Dec 04, 2020	10800	397	31540	10530
Dec 05, 2020	10776	327	27043	12127
Dec 06, 2020	11040	287	10358	10344
Dec 07, 2020	11605	480	13150	3201
Dec 08, 2020	10863	491	26145	12869
Dec 09, 2020	10749	403	19445	13697
Dec 10, 2020	11868	400	21073	12904
Dec 11, 2020	12735	412	16368	12581
Dec 12, 2020	13752	314	12033	13088
Dec 13, 2020	13668	271	3907	10823
Dec 14, 2020	13831	492	8099	2874
Dec 15, 2020	14516	428	14852	10822
Dec 16, 2020	14752	407	12321	16531
Dec 17, 2020	14672	376	11316	17130
Dec 18, 2020	15141	374	11432	14709
Dec 19, 2020	15295	294	8888	16484
Dec 20, 2020	15564	236	3522	12011
Dec 21, 2020	16497	456	7129	5440
Dec 22, 2020	17647	487	12711	11069
Dec 23, 2020	18280	359	11555	14010
Dec 24, 2020	18774	373	10157	20302
Dec 25, 2020	18577	242	11885	19015
Dec 26, 2020	20036	230	10114	2903
Dec 27, 2020	20234	257	2944	8279
Dec 28, 2020	20644	447	12422	2778
Dec 29, 2020	21444	468	13229	10694
Dec 30, 2020	22563	377	12527	24828
Dec 31, 2020	23599	325	12256	18700
Jan 01, 2021	23434	207	12881	18157
Jan 02, 2021	22399	231	10592	3253
Jan 03, 2021	21366	191	2683	11720
Jan 04, 2021	22090	453	10369	3774
Jan 05, 2021	22888	420	16111	19228
Jan 06, 2021	24348	387	16743	23817
Jan 07, 2021	25222	381	14328	20367
Jan 08, 2021	25141	381	16103	18594
Jan 09, 2021	26186	264	11747	18935
Jan 10, 2021	27333	248	5192	14963
Jan 11, 2021	28555	407	10662	3362
Jan 12, 2021	30391	452	13558	18536
Jan 13, 2021	32378	347	19955	22384
Jan 14, 2021	33990	401	18614	19921
Jan 15, 2021	35254	399	2504	19962
Jan 16, 2021	37127	264	8015	20088
Jan 17, 2021	37783	213	2565	15618
Jan 18, 2021	38792	475	10219	3506
Jan 19, 2021	39465	441	24387	22155
Jan 20, 2021	41088	420	18280	25135
Jan 21, 2021	41756	456	17701	21442
Jan 22, 2021	42815	429	2824	21858
Jan 23, 2021	42770	295	11425	22451
Jan 24, 2021	41678	237	3537	17301
Jan 25, 2021	41077	510	18718	3979
Jan 26, 2021	40575	417	23400	20726
Jan 27, 2021	42390	505	19862	25259
Jan 28, 2021	43193	499	18095	22307
Jan 29, 2021	45479	510	18425	21451
Jan 30, 2021	47389	322	14641	22890
Jan 31, 2021	48151	275	3087	18051
Feb 01, 2021	48075	536	18000	4079
Feb 02, 2021	47848	485	21899	21900
Feb 03, 2021	48310	476	19445	24739
Feb 04, 2021	48772	476	19486	22005
Feb 05, 2021	48752	413	19675	20776
Feb 06, 2021	50895	263	15355	19319
Feb 07, 2021	51242	243	3263	18501
Feb 08, 2021	51978	530	21625	4051
Feb 09, 2021	50842	508	24627	17708
Feb 10, 2021	52187	404	21038	23824
Feb 11, 2021	51784	468	21390	19766
Feb 12, 2021	51580	429	22022	19427
Feb 13, 2021	51559	257	17044	19924
Feb 14, 2021	49491	226	3753	15527
Feb 15, 2021	47136	471	20255	4107
Feb 16, 2021	44130	410	24849	18384
Feb 17, 2021	41397	391	21916	23478
Feb 18, 2021	38764	352	21099	21116
Feb 19, 2021	36798	409	22481	22631
Feb 20, 2021	34469	213	17838	20994
Feb 21, 2021	33305	163	3916	20689
Feb 22, 2021	32077	363	21537	4360
Feb 23, 2021	30476	341	24398	18829
Feb 24, 2021	30678	370	21635	29579
Feb 25, 2021	28838	354	20422	23839
Feb 26, 2021	27995	379	18940	23655
Feb 27, 2021	27029	214	18287	22519
Feb 28, 2021	26206	125	3926	18724
Mar 01, 2021	25543	404	17304	4413
Mar 02, 2021	24564	330	23494	21450
Mar 03, 2021	24026	389	19377	25139
Mar 04, 2021	23162	360	19067	23723
Mar 05, 2021	22035	305	19619	22060
Mar 06, 2021	21160	187	15340	21871
Mar 07, 2021	20334	147	3960	20482
Mar 08, 2021	19779	377	18007	4999
Mar 09, 2021	18705	316	23162	21868
Mar 10, 2021	18011	295	20821	28438
Mar 11, 2021	17545	296	22335	25494
Mar 12, 2021	17075	254	20740	23676
Mar 13, 2021	16712	192	20497	27927
Mar 14, 2021	16280	137	4223	24721
Mar 15, 2021	15512	357	18472	6073
Mar 16, 2021	15205	338	29241	28130
Mar 17, 2021	15076	300	23539	36131
Mar 18, 2021	14783	327	23328	32844
Mar 19, 2021	14361	362	22157	32911
Mar 20, 2021	14443	244	18480	33169
Mar 21, 2021	14519	170	4243	28699
Mar 22, 2021	14135	402	21048	35259
Mar 23, 2021	14455	347	24792	23350
Mar 24, 2021	14638	305	23418	31334
Mar 25, 2021	14505	285	21775	42831
Mar 26, 2021	14270	363	21508	39292
Mar 27, 2021	14210	201	20281	39995
Mar 28, 2021	14381	142	4857	34736
Mar 29, 2021	14220	371	21497	26843
Mar 30, 2021	14200	348	28090	26580
Mar 31, 2021	14605	325	25169	39327
Apr 01, 2021	14400	314	23362	47541
Apr 02, 2021	14247	304	27623	43804
Apr 03, 2021	14433	213	24508	18571
Apr 04, 2021	14510	185	5888	57172
Apr 05, 2021	14279	197	27933	11576
Apr 06, 2021	14162	414	35717	54241
Apr 07, 2021	14098	431	32413	28890
Apr 08, 2021	14204	374	32537	14892
Apr 09, 2021	14806	301	32868	38704
Apr 10, 2021	15060	179	28520	40620
Apr 11, 2021	15575	176	35083	32747
Apr 12, 2021	15836	385	22965	8011
Apr 13, 2021	16301	351	30983	36705
Apr 14, 2021	16697	303	42528	40827
Apr 15, 2021	17576	302	38990	35703
Apr 16, 2021	18601	313	39682	34199
Apr 17, 2021	19095	189	34547	33653
Apr 18, 2021	19855	140	26703	27538
Apr 19, 2021	20523	489	26091	6847
Apr 20, 2021	21269	346	38981	39882
Apr 21, 2021	21688	313	47228	32815
Apr 22, 2021	22015	283	43521	32205
Apr 23, 2021	22513	332	18239	30349
Apr 24, 2021	22927	217	56955	30624
Apr 25, 2021	23754	152	11424	22959
Apr 26, 2021	24714	405	53836	5586
Apr 27, 2021	25415	333	28557	28451
Apr 28, 2021	26720	322	14570	29598
Apr 29, 2021	28094	313	38391	24904
Apr 30, 2021	29228	276	40344	22803
May 01, 2021	29632	195	32552	24090
May 02, 2021	30340	116	7895	9279
May 03, 2021	30754	315	36390	3529
May 04, 2021	31517	247	40580	22871
May 05, 2021	32940	252	35451	24400
May 06, 2021	33763	227	33972	20375
May 07, 2021	34790	235	33418	17947
May 08, 2021	36565	179	27359	19468
May 09, 2021	37061	119	6728	8566
May 10, 2021	37397	296	39586	3089
May 11, 2021	38500	240	32575	18573
May 12, 2021	40102	184	32021	20175
May 13, 2021	41583	131	30218	18263
May 14, 2021	41472	173	30451	6593
May 15, 2021	42136	122	22837	14719
May 16, 2021	41890	91	5495	13089
May 17, 2021	43507	206	28245	3144
May 18, 2021	44828	198	29400	16151
May 19, 2021	47341	146	24763	17877
May 20, 2021	50172	138	22803	15415
May 21, 2021	52107	113	23947	12800
May 22, 2021	53683	95	9166	12611
May 23, 2021	57023	76	3440	9704
May 24, 2021	60019	68	22801	2229
May 25, 2021	63459	203	24320	3155
May 26, 2021	66209	153	20172	12646
May 27, 2021	69409	151	17803	13933
May 28, 2021	72824	107	19308	11268
May 29, 2021	76219	69	8459	10675
May 30, 2021	78018	46	3021	8541
May 31, 2021	79524	128	18529	1211
Jun 01, 2021	80475	129	20044	9848
Jun 02, 2021	82275	98	18134	8743
Jun 03, 2021	83332	72	6469	8161
Jun 04, 2021	84370	84	14673	6953
Jun 05, 2021	85608	57	13005	6654
Jun 06, 2021	86629	26	3087	5070
Jun 07, 2021	84270	65	16126	1166
Jun 08, 2021	82798	73	17811	6016
Jun 09, 2021	81576	66	15342	5557
Jun 10, 2021	79849	70	12735	4475
Jun 11, 2021	78865	71	12540	3871
Jun 12, 2021	76248	34	9604	3972
Jun 13, 2021	73325	13	2195	2855
Jun 14, 2021	71626	63	3171	689
Jun 15, 2021	70113	80	12583	3235
Jun 16, 2021	67950	50	13853	3058
Jun 17, 2021	66098	62	11224	2044
Jun 18, 2021	65603	56	10607	3181
Jun 19, 2021	64524	22	8485	2624
Jun 20, 2021	63816	14	1189	1815
Jun 21, 2021	62919	40	9834	487
Jun 22, 2021	62028	51	8703	2204
Jun 23, 2021	60817	33	8110	2320
Jun 24, 2021	61163	44	6920	2007
Jun 25, 2021	60118	33	6610	1986
Jun 26, 2021	60647	16	5037	2128
Jun 27, 2021	61396	21	1154	1578
Jun 28, 2021	61813	48	5999	509
Jun 29, 2021	62845	33	5501	2314
Jun 30, 2021	64130	25	4442	2457
Jul 01, 2021	65454	29	3846	2664
Jul 02, 2021	66085	24	3943	2683
Jul 03, 2021	66959	17	2831	3006
Jul 04, 2021	67670	9	672	2549
Jul 05, 2021	69448	36	3226	796
Jul 06, 2021	72202	34	3022	3585
Jul 07, 2021	74345	28	2010	4081
Jul 08, 2021	77276	25	3153	4442
Jul 09, 2021	80666	18	2599	4580
Jul 10, 2021	84022	19	1797	4696
Jul 11, 2021	87842	4	468	4256
Jul 12, 2021	91273	28	2200	1260
Jul 13, 2021	96237	54	2292	6950
Jul 14, 2021	101360	6	1953	8875
Jul 15, 2021	108370	16	1980	3617
Jul 16, 2021	114054	22	2112	10908
Jul 17, 2021	119815	16	1556	10949
Jul 18, 2021	124594	5	493	12532
Jul 19, 2021	128998	20	2309	4151
Jul 20, 2021	133704	33	2437	18181
Jul 21, 2021	137588	29	2631	21539
Jul 22, 2021	142052	11	2654	21909
Jul 23, 2021	147387	26	2995	19561
Jul 24, 2021	153634	25	2523	25624
Jul 25, 2021	160904	7	771	15242
Jul 26, 2021	165842	50	3579	5307
Jul 27, 2021	170226	31	4036	26871
Jul 28, 2021	175115	44	4414	27934
Jul 29, 2021	179181	32	4540	25190
Jul 30, 2021	183708	66	4667	24309
Jul 31, 2021	189611	47	4196	23471
Aug 01, 2021	195275	20	1217	19600
Aug 02, 2021	199053	56	6932	5184
Aug 03, 2021	203666	63	8824	26829
Aug 04, 2021	210524	59	3560	28784
Aug 05, 2021	217063	57	10855	26460
Aug 06, 2021	221398	66	10897	25077
Aug 07, 2021	224123	35	12472	25755
Aug 08, 2021	225396	33	4119	20450
Aug 09, 2021	227233	75	18151	5775
Aug 10, 2021	230765	75	21471	28576
Aug 11, 2021	233361	60	21841	30920
Aug 12, 2021	237024	85	19507	28554
Aug 13, 2021	241190	82	25547	26453
Aug 14, 2021	243945	56	15168	24427
Aug 15, 2021	247264	49	5256	21172
Aug 16, 2021	249280	107	26827	5829
Aug 17, 2021	252151	123	27837	28114
Aug 18, 2021	254488	124	25079	28405
Aug 19, 2021	255538	140	24197	23973
Aug 20, 2021	257421	92	23344	22319
Aug 21, 2021	260884	89	19517	22636
Aug 22, 2021	262259	49	5103	17300
Aug 23, 2021	260704	119	26785	5166
Aug 24, 2021	262717	169	28676	24853
Aug 25, 2021	264296	102	26307	23706
Aug 26, 2021	265845	110	24984	19683
Aug 27, 2021	265699	109	25432	18249
Aug 28, 2021	268552	85	20355	17590
Aug 29, 2021	268001	61	5701	13630
Aug 30, 2021	265717	112	28523	3795
Aug 31, 2021	267867	136	30822	19425
Sep 01, 2021	265278	86	28418	17621
Sep 02, 2021	262544	103	26320	15911
Sep 03, 2021	259193	93	24324	13466
Sep 04, 2021	256306	83	21079	13336
Sep 05, 2021	255793	49	5746	10410
Sep 06, 2021	252672	102	28065	3042
Sep 07, 2021	252006	152	28303	14534
Sep 08, 2021	248677	100	23821	12828
Sep 09, 2021	242806	103	22219	10969
Sep 10, 2021	242165	80	22533	9966
Sep 11, 2021	239352	46	17220	9601
Sep 12, 2021	237278	29	5120	7679
Sep 13, 2021	228125	86	24824	2062
Sep 14, 2021	225278	147	23620	10327
Sep 15, 2021	225591	79	19536	9144
Sep 16, 2021	227121	65	18170	8128
Sep 17, 2021	221340	66	17525	7373
Sep 18, 2021	219360	42	13564	7414
Sep 19, 2021	210469	28	3753	5814
Sep 20, 2021	207699	68	19397	1515
Sep 21, 2021	206474	153	17553	7851
Sep 22, 2021	201275	58	15758	6794
Sep 23, 2021	198285	62	13408	6229
Sep 24, 2021	195838	49	13274	5879
Sep 25, 2021	191435	29	10361	6012
Sep 26, 2021	183290	14	3013	4706
Sep 27, 2021	177561	92	14520	1309
Sep 28, 2021	174493	60	12736	6765
Sep 29, 2021	169719	42	10909	5835
Sep 30, 2021	164537	56	9924	5204
Oct 01, 2021	160414	46	9545	4935
Oct 02, 2021	155824	30	7633	4948
Oct 03, 2021	150318	9	2032	3744
Oct 04, 2021	142861	50	10318	1138
Oct 05, 2021	135946	75	9094	5558
Oct 06, 2021	132176	34	8053	4946
Oct 07, 2021	129050	34	7339	4615
Oct 08, 2021	125999	38	7380	4470
Oct 09, 2021	120246	15	5776	4734
Oct 10, 2021	116596	8	1500	3991
Oct 11, 2021	112379	30	7843	1120
Oct 12, 2021	108997	68	6764	5880
Oct 13, 2021	106047	23	6161	5578
Oct 14, 2021	101587	38	5856	5187
Oct 15, 2021	98773	34	5974	6099
Oct 16, 2021	96663	15	4672	4899
Oct 17, 2021	93514	5	1294	3778
Oct 18, 2021	90441	41	6760	1057
Oct 19, 2021	87184	49	5794	5934
Oct 20, 2021	83223	21	5155	6036
Oct 21, 2021	81775	35	4914	6127
Oct 22, 2021	80697	29	4913	6366
Oct 23, 2021	77305	23	3715	6291
Oct 24, 2021	75947	4	1115	5005
Oct 25, 2021	73223	41	5554	1295
Oct 26, 2021	73258	47	4905	6603
Oct 27, 2021	71713	34	4568	6528
Oct 28, 2021	71358	33	4436	6461
Oct 29, 2021	70058	27	4701	6433
Oct 30, 2021	69153	22	3964	7360
Oct 31, 2021	67969	12	1098	6329
Nov 01, 2021	67233	6	5868	1866
Nov 02, 2021	66862	74	5572	2039
Nov 03, 2021	67160	39	5113	10050
Nov 04, 2021	66944	47	6060	9502
Nov 05, 2021	66240	26	4852	8998
Nov 06, 2021	65505	25	3752	9605
Nov 07, 2021	64623	10	1032	8547
Nov 08, 2021	61760	55	5924	2197
Nov 09, 2021	61774	58	5981	12476
Nov 10, 2021	62890	33	6069	11883
Nov 11, 2021	63827	17	6333	12603
Nov 12, 2021	64277	48	6274	3860
Nov 13, 2021	65319	16	4957	14646
Nov 14, 2021	65417	17	1279	12496
Nov 15, 2021	65956	70	6586	3241
Nov 16, 2021	65316	47	6458	19778
Nov 17, 2021	66793	50	6414	20294
Nov 18, 2021	67358	52	6383	20366
Nov 19, 2021	68634	50	7308	21220
Nov 20, 2021	69485	23	6279	22678
Nov 21, 2021	68790	15	1843	19749
Nov 22, 2021	67986	94	2024	5266
Nov 23, 2021	68625	98	9956	30454
Nov 24, 2021	69261	81	9404	32591
Nov 25, 2021	68755	43	8917	33464
Nov 26, 2021	67547	60	9562	34436
Nov 27, 2021	67252	34	8487	37218
Nov 28, 2021	66455	23	2163	31648
Nov 29, 2021	65497	122	12453	8279
Nov 30, 2021	65153	115	11761	47177
Dec 01, 2021	63740	96	12488	49610
Dec 02, 2021	62253	103	3764	48416
Dec 03, 2021	62486	127	14543	49858
Dec 04, 2021	62670	49	12369	51624
Dec 05, 2021	62000	29	3192	42252
Dec 06, 2021	60330	192	19749	11308
Dec 07, 2021	60412	172	20102	59019
Dec 08, 2021	60879	133	20194	61340
Dec 09, 2021	60857	136	21087	56854
Dec 10, 2021	60874	150	-136	55339
Dec 11, 2021	60779	65	42277	53720
Dec 12, 2021	58853	48	5201	43848
Dec 13, 2021	57927	243	30406	12036
Dec 14, 2021	57675	158	32348	63405
Dec 15, 2021	56990	151	33306	65713
Dec 16, 2021	56230	188	34285	60866
Dec 17, 2021	55476	162	37030	58128
Dec 18, 2021	54095	85	31486	58536
Dec 19, 2021	53483	75	8194	48473
Dec 20, 2021	52219	224	47102	15075
Dec 21, 2021	51025	229	49386	72832
Dec 22, 2021	49397	170	48187	84272
Dec 23, 2021	47866	179	49688	91608
Dec 24, 2021	46886	167	51445	94124
Dec 25, 2021	45601	84	42085	104611
Dec 26, 2021	44821	96	11224	27697
Dec 27, 2021	42923	256	58923	30383
Dec 28, 2021	42363	290	61084	179807
Dec 29, 2021	41688	184	56564	208099
Dec 30, 2021	41667	180	55155	206243
Dec 31, 2021	41227	189	53540	232200
Jan 01, 2022	41040	110	43659	219126
Jan 02, 2022	40612	91	11926	58432
Jan 03, 2022	39739	270	63314	67461
Jan 04, 2022	39688	351	65443	271686
Jan 05, 2022	39745	246	60515	332252
Jan 06, 2022	39785	204	57882	261481
Jan 07, 2022	39703	193	58332	328214
Jan 08, 2022	39782	142	48280	303669
Jan 09, 2022	39933	90	14933	296097
Jan 10, 2022	39748	280	72742	93896
Jan 11, 2022	39919	341	83992	368149
Jan 12, 2022	39902	246	91267	361719
Jan 13, 2022	40282	225	93878	305322
Jan 14, 2022	40564	191	104386	329371
Jan 15, 2022	40791	148	27506	324580
Jan 16, 2022	41205	98	30235	278129
Jan 17, 2022	40625	296	179709	102144
Jan 18, 2022	40767	375	207803	464769
Jan 19, 2022	41135	231	205868	436167
Jan 20, 2022	41623	245	231969	425183
Jan 21, 2022	42849	233	218881	400851
Jan 22, 2022	44094	167	58199	389320
Jan 23, 2022	45126	115	67294	301614
Jan 24, 2022	45214	393	271571	108481
Jan 25, 2022	45705	467	331859	501635
Jan 26, 2022	46791	258	261014	428008
Jan 27, 2022	47811	268	327956	392168
Jan 28, 2022	50036	263	303401	353503
Jan 29, 2022	51403	178	295834	332398
Jan 30, 2022	53254	127	93718	249448
Jan 31, 2022	54783	348	368022	82657
Feb 01, 2022	57155	381	361371	416896
Feb 02, 2022	59688	276	304941	315363
Feb 03, 2022	61432	264	329095	274352
Feb 04, 2022	63401	355	324316	241049
Feb 05, 2022	65958	170	277774	214542
Feb 06, 2022	69578	129	101974	155439
Feb 07, 2022	74567	417	464640	46001
Feb 08, 2022	83077	691	435750	235267
Feb 09, 2022	94521	283	412530	179614
Feb 10, 2022	107889	310	412530	153025
Feb 11, 2022	122997	329	389010	131376
Feb 12, 2022	140342	161	301285	118611
Feb 13, 2022	155679	107	108320	86562
Feb 14, 2022	168453	385	501528	26475
Feb 15, 2022	182971	390	427623	142253
Feb 16, 2022	202870	276	391778	98735
Feb 17, 2022	217788	287	353227	92345
Feb 18, 2022	233071	304	332111	82553
Feb 19, 2022	243348	148	249144	76638
Feb 20, 2022	251684	114	82509	59003
Feb 21, 2022	258991	283	416896	17195
Feb 22, 2022	267090	285	319295	97382
Feb 23, 2022	277835	213	269738	66833
Feb 24, 2022	286527	281	240836	66732
Feb 25, 2022	294436	188	214261	58138
Feb 26, 2022	298982	101	155251	53623
Feb 27, 2022	301028	76	45900	42600
Feb 28, 2022	293429	232	235191	13483
Mar 01, 2022	293657	209	179382	79794
Mar 02, 2022	293485	186	152816	57697
Mar 03, 2022	298237	180	131190	60225
Mar 04, 2022	305016	181	118431	57789
Mar 05, 2022	311212	120	86381	53678
Mar 06, 2022	308257	32	26355	45328
Mar 07, 2022	304310	176	142221	14496
Mar 08, 2022	306686	167	98559	93050
Mar 09, 2022	310166	155	92178	69190
Mar 10, 2022	314426	107	82398	74818
Mar 11, 2022	322706	149	76531	72399
Mar 12, 2022	323790	51	58854	72443
Mar 13, 2022	320882	29	17144	60422
Mar 14, 2022	308948	185	97353	18853
Mar 15, 2022	304153	146	66648	116618
Mar 16, 2022	299337	173	66586	108832
Mar 17, 2022	296805	116	57965	101747
Mar 18, 2022	294372	112	53507	97579
Mar 19, 2022	283281	62	42488	98104
Mar 20, 2022	274065	30	13421	81283
Mar 21, 2022	263827	152	79764	24179
Mar 22, 2022	252677	133	57545	180777
Mar 23, 2022	248869	101	60092	145560
Mar 24, 2022	247609	124	57688	148635
Mar 25, 2022	247071	121	53554	143571
Mar 26, 2022	242493	67	45207	139517
Mar 27, 2022	233148	41	14429	110174
Mar 28, 2022	220878	149	93009	29455
Mar 29, 2022	211877	164	69041	217480
Mar 30, 2022	206599	149	74654	169024
Mar 31, 2022	206862	139	72250	169311
Apr 01, 2022	206987	134	72304	148629
Apr 02, 2022	201240	68	60288	132114
Apr 03, 2022	192955	31	18785	102266
Apr 04, 2022	179627	149	116587	27648
Apr 05, 2022	171180	129	108683	203021
Apr 06, 2022	162224	128	101618	161950
Apr 07, 2022	157579	105	97451	158792
Apr 08, 2022	158447	139	97999	148768
Apr 09, 2022	153471	87	81144	141690
Apr 10, 2022	145806	45	24092	107654
Apr 11, 2022	134477	178	180732	25492
Apr 12, 2022	126463	159	145382	190762
Apr 13, 2022	120600	152	148476	146426
Apr 14, 2022	117793	133	143419	137342
Apr 15, 2022	113183	151	139384	125394
Apr 16, 2022	108530	61	110023	111583
Apr 17, 2022	103908	35	29394	86650
Apr 18, 2022	96609	48	217445	19810
Apr 19, 2022	92047	182	168976	25465
Apr 20, 2022	90732	227	169129	155711
Apr 21, 2022	88192	185	148402	104007
Apr 22, 2022	85411	146	131929	88389
Apr 23, 2022	80985	75	102120	80571
Apr 24, 2022	74760	40	27573	58954
Apr 25, 2022	68015	197	202981	13984
Apr 26, 2022	61879	170	161753	97498
Apr 27, 2022	58444	152	158622	67711
Apr 28, 2022	53784	132	148616	59760
Apr 29, 2022	50302	158	141558	52919
Apr 30, 2022	45514	61	107496	49482
May 01, 2022	41175	32	25431	36726
May 02, 2022	36448	180	190730	8737
May 03, 2022	31841	120	146246	67017
May 04, 2022	28785	114	137222	47925
May 05, 2022	27462	122	125280	44225
May 06, 2022	25525	110	111461	40224
May 07, 2022	23284	62	86540	37958
May 08, 2022	22564	54	19748	29324
May 09, 2022	22376	132	25411	7354
May 10, 2022	22961	123	155579	56449
May 11, 2022	24858	96	103884	40299
May 12, 2022	26834	84	88293	36047
May 13, 2022	28742	98	80487	32773
May 14, 2022	29770	74	58856	30459
May 15, 2022	30743	21	13984	22844
May 16, 2022	30887	126	97403	5936
May 17, 2022	30517	90	67585	43727
May 18, 2022	29979	80	59670	29995
May 19, 2022	29797	67	52839	27842
May 20, 2022	29237	65	49415	24332
May 21, 2022	28093	44	36661	22507
May 22, 2022	26519	11	8737	16965
May 23, 2022	25156	82	66962	4386
May 24, 2022	24948	88	47843	32029
May 25, 2022	25180	51	44137	22006
May 26, 2022	25197	28	40173	21234
May 27, 2022	25392	45	37930	4811
May 28, 2022	25226	23	29279	23582
May 29, 2022	24401	14	7354	16440
May 30, 2022	23787	85	56412	4673
May 31, 2022	23160	76	40214	35142
Jun 01, 2022	23056	58	35971	26144
Jun 02, 2022	23216	41	32715	25365
Jun 03, 2022	23054	38	30418	25130
Jun 04, 2022	22455	34	22806	25172
Jun 05, 2022	22191	10	5936	20542
Jun 06, 2022	21638	9	43727	6184
Jun 07, 2022	21210	74	29942	11627
Jun 08, 2022	21597	77	27768	53802
Jun 09, 2022	22082	42	24255	40151
Jun 10, 2022	22759	39	-42	17152
Jun 11, 2022	22720	0	39433	0
Jun 12, 2022	22403	0	4386	79397
Jun 13, 2022	22615	92	32029	8474
Jun 14, 2022	22969	57	21914	65425
Jun 15, 2022	23894	49	21177	51954
Jun 16, 2022	24585	49	4762	53081
Jun 17, 2022	25634	43	23533	50605
Jun 18, 2022	26370	19	-43	50266
Jun 19, 2022	25952	3	16440	40125
Jun 20, 2022	25960	45	39793	11566
Jun 21, 2022	26163	56	26099	95217
Jun 22, 2022	27034	66	25309	77967
Jun 23, 2022	27326	40	25064	79852
Jun 24, 2022	28255	49	25132	79262
Jun 25, 2022	28018	30	-49	80926
Jun 26, 2022	28159	11	20542	66301
Jun 27, 2022	28101	48	17770	17601
Jun 28, 2022	27755	37	53754	147248
Jun 29, 2022	28722	48	40114	124724
Jun 30, 2022	29442	42	17104	133346
Jul 01, 2022	30225	52	-42	125066
Jul 02, 2022	30393	30	-52	122639
Jul 03, 2022	29801	14	79397	96191
Jul 04, 2022	29390	97	73899	24418
Jul 05, 2022	30027	75	51813	206554
Jul 06, 2022	31548	53	53006	154615
Jul 07, 2022	33847	89	50552	161265
Jul 08, 2022	35206	74	50177	140997
Jul 09, 2022	35331	39	-74	116405
Jul 10, 2022	35890	15	40125	110589
Jul 11, 2022	35766	108	106783	24343
Jul 12, 2022	35724	126	77805	182006
Jul 13, 2022	36902	109	79726	127642
Jul 14, 2022	38921	54	79153	119285
Jul 15, 2022	41216	108	80872	23027
Jul 16, 2022	42489	59	66193	124009
Jul 17, 2022	42519	26	17601	73668
Jul 18, 2022	42193	174	147163	17733
Jul 19, 2022	43152	144	124550	134188
Jul 20, 2022	45492	125	133202	89982
Jul 21, 2022	47417	133	124941	80869
Jul 22, 2022	48676	113	122506	74348
Jul 23, 2022	49555	57	96078	68532
Jul 24, 2022	48260	23	24418	50032
Jul 25, 2022	46324	130	206474	11195
Jul 26, 2022	46268	119	154485	87562
Jul 27, 2022	46914	103	161146	58638
Jul 28, 2022	47294	112	140894	51594
Jul 29, 2022	48308	89	116293	45515
Jul 30, 2022	47022	55	110500	41274
Jul 31, 2022	45314	20	24343	31535
Aug 01, 2022	44672	121	181931	7249
Aug 02, 2022	44286	101	127521	54519
Aug 03, 2022	46531	90	119184	38788
Aug 04, 2022	47542	87	22937	33799
Aug 05, 2022	46514	80	123922	30592
Aug 06, 2022	46912	45	73588	28518
Aug 07, 2022	45778	20	17733	21528
Aug 08, 2022	43883	109	134123	5090
Aug 09, 2022	42725	111	89873	38230
Aug 10, 2022	44630	88	80758	27081
Aug 11, 2022	46089	80	74260	24312
Aug 12, 2022	45383	74	68452	22638
Aug 13, 2022	44625	0	49958	21175
Aug 14, 2022	43439	0	11195	16347
Aug 15, 2022	42210	65	87562	4564
Aug 16, 2022	40748	113	58573	6331
Aug 17, 2022	41708	93	51481	35745
Aug 18, 2022	42483	92	45422	23605
Aug 19, 2022	42774	74	41182	20236
Aug 20, 2022	40897	40	31461	19870
Aug 21, 2022	38925	0	7249	14820
Aug 22, 2022	37703	76	54479	4012
Aug 23, 2022	35558	88	38712	28988
Aug 24, 2022	34977	57	33711	21289
Aug 25, 2022	35995	44	30535	19837
Aug 26, 2022	35744	51	28474	18116
Aug 27, 2022	34515	23	21477	17833
Aug 28, 2022	32908	9	5090	14110
Aug 29, 2022	31575	78	38198	3806
Aug 30, 2022	31166	72	27003	27358
Aug 31, 2022	30998	54	24240	19240
Sep 01, 2022	31470	41	22584	18646
Sep 02, 2022	31171	55	21134	16399
Sep 03, 2022	30204	14	16292	15597
Sep 04, 2022	28968	3	4564	12894
Sep 05, 2022	27553	67	6314	3443
Sep 06, 2022	27335	60	35678	26918
Sep 07, 2022	27083	46	23545	20142
Sep 08, 2022	27407	58	20190	19866
Sep 09, 2022	27377	31	19812	19087
Sep 10, 2022	26956	15	14789	19517
Sep 11, 2022	26346	6	4012	16422
Sep 12, 2022	26040	40	28967	4579
Sep 13, 2022	25700	49	21249	41850
Sep 14, 2022	26306	33	19788	33575
Sep 15, 2022	27212	33	18083	33263
Sep 16, 2022	27165	28	17800	28686
Sep 17, 2022	26039	11	14082	33162
Sep 18, 2022	25618	2	3806	23137
Sep 19, 2022	25090	58	27345	5219
Sep 20, 2022	24722	48	19182	51816
Sep 21, 2022	25334	33	18598	38250
Sep 22, 2022	25666	30	16366	38464
Sep 23, 2022	25724	33	15567	37524
Sep 24, 2022	25285	14	12861	38024
Sep 25, 2022	24539	8	3443	31365
Sep 26, 2022	24028	51	26896	7489
Sep 27, 2022	23890	40	20091	73639
Sep 28, 2022	24720	45	19826	53410
Sep 29, 2022	25181	33	19042	51366
Sep 30, 2022	25776	34	19484	48261
Oct 01, 2022	25016	17	16388	46596
Oct 02, 2022	24104	7	4579	37453
Oct 03, 2022	23338	62	41826	8690
Oct 04, 2022	22964	74	33513	89185
Oct 05, 2022	23045	47	33189	66564
Oct 06, 2022	23612	50	28639	65537
Oct 07, 2022	23887	53	33112	61121
Oct 08, 2022	23128	26	23084	57270
Oct 09, 2022	22779	8	5219	42626
Oct 10, 2022	22174	79	51782	9373
Oct 11, 2022	21870	85	38171	94753
Oct 12, 2022	22152	55	38379	67948
Oct 13, 2022	22811	62	37469	64218
Oct 14, 2022	23564	79	37962	58695
Oct 15, 2022	23888	35	31286	55394
Oct 16, 2022	23899	17	7489	41973
Oct 17, 2022	23077	112	73587	9421
Oct 18, 2022	23432	101	53298	87666
Oct 19, 2022	24338	106	51265	63031
Oct 20, 2022	25643	69	48155	56793
Oct 21, 2022	26533	81	46527	49087
Oct 22, 2022	27306	33	37372	43746
Oct 23, 2022	27385	17	8690	31470
Oct 24, 2022	27001	122	89135	6907
Oct 25, 2022	26804	131	66442	59653
Oct 26, 2022	27239	60	65406	41185
Oct 27, 2022	28726	71	61061	37089
Oct 28, 2022	30061	61	57199	25783
Oct 29, 2022	30708	41	42565	22723
Oct 30, 2022	31371	9	9373	16456
Oct 31, 2022	31442	112	94703	3768
Nov 01, 2022	31753	53	67836	29525
Nov 02, 2022	33024	97	64165	5691
Nov 03, 2022	34615	55	58598	42025
Nov 04, 2022	35545	78	55339	29438
Nov 05, 2022	36588	34	41895	26840
Nov 06, 2022	36722	9	0	21178
Nov 07, 2022	34721	109	97044	3645
Nov 08, 2022	35604	117	62922	40591
Nov 09, 2022	34903	72	56676	28702
Nov 10, 2022	34039	53	49015	27068
Nov 11, 2022	33072	33	43693	26353
Nov 12, 2022	31215	15	31437	5577
Nov 13, 2022	29611	2	6907	27155
Nov 14, 2022	28790	100	59636	6017
Nov 15, 2022	27920	110	41085	48971
Nov 16, 2022	28171	71	36979	34878
Nov 17, 2022	27883	87	25712	33331
Nov 18, 2022	27717	74	22636	37177
Nov 19, 2022	27162	75	16382	47088
Nov 20, 2022	26804	6	3768	14204
Nov 21, 2022	27147	94	29444	29335
Nov 22, 2022	27009	89	5597	64772
Nov 23, 2022	27219	84	41936	49188
Nov 24, 2022	26862	60	-84	50530
Nov 25, 2022	26909	68	56218	48629
Nov 26, 2022	27014	29	21110	48331
Nov 27, 2022	27213	8	3645	37675
Nov 28, 2022	27644	95	40554	9304
Nov 29, 2022	26584	88	28607	91814
Nov 30, 2022	24966	91	26980	68382
Dec 01, 2022	24473	76	26262	69253
Dec 02, 2022	24059	67	5501	59008
Dec 03, 2022	23105	38	27088	52908
Dec 04, 2022	22511	10	6017	40006
Dec 05, 2022	21806	104	48923	10591
Dec 06, 2022	21764	117	34774	105516
Dec 07, 2022	22012	93	33214	75752
Dec 08, 2022	21479	62	37084	71597
Dec 09, 2022	20474	94	47026	65509
Dec 10, 2022	19183	62	14110	61482
Dec 11, 2022	18727	30	29335	46422
Dec 12, 2022	17978	167	64680	10878
Dec 13, 2022	17553	138	49021	97037
Dec 14, 2022	17221	114	50392	70224
Dec 15, 2022	16817	106	48515	62541
Dec 16, 2022	16527	131	48225	56361
Dec 17, 2022	16055	45	37544	52544
Dec 18, 2022	15742	35	9304	37264
Dec 19, 2022	15547	178	91734	8213
Dec 20, 2022	15417	130	68204	71212
Dec 21, 2022	14860	127	69123	54613
Dec 22, 2022	14601	120	58881	49517
Dec 23, 2022	14393	158	52788	43766
Dec 24, 2022	14132	58	39848	40744
Dec 25, 2022	14004	24	0	23681
Dec 26, 2022	13825	133	10591	5429
Dec 27, 2022	13408	208	105516	30989
Dec 28, 2022	12927	140	147349	26081
Dec 29, 2022	12677	132	64946	24436
Dec 30, 2022	12329	115	61350	23808
Dec 31, 2022	12008	52	46307	21836
Jan 01, 2023	11877	28	10878	15005
Jan 02, 2023	11813	172	96957	2246
Jan 03, 2023	11769	163	70052	22916
Jan 04, 2023	11702	123	62378	14105
Jan 05, 2023	11570	143	56238	11537
Jan 06, 2023	10631	126	52401	10383
Jan 07, 2023	10647	54	37264	8961
Jan 08, 2023	10610	22	8213	6557
Jan 09, 2023	10630	145	71010	1702
Jan 10, 2023	10628	115	54468	11715
Jan 11, 2023	10588	88	49402	7635
Jan 12, 2023	10342	53	43678	7159
Jan 13, 2023	10153	101	40691	6238
Jan 14, 2023	9850	27	23580	5429
Jan 15, 2023	9693	9	5429	4166
Jan 16, 2023	9547	80	30953	1235
Jan 17, 2023	9543	99	26001	8381
Jan 18, 2023	9606	82	24337	5894
Jan 19, 2023	9593	64	23726	4992
Jan 20, 2023	9571	44	21772	4475
Jan 21, 2023	9536	54	14961	4324
Jan 22, 2023	9553	9	2246	3477
Jan 23, 2023	9428	134	22853	1027
Jan 24, 2023	9214	59	13971	7263
Jan 25, 2023	8999	0	11478	5347
Jan 26, 2023	8843	28	10383	5287
Jan 27, 2023	8765	44	8933	4681
Jan 28, 2023	8712	0	6513	4513
Jan 29, 2023	8696	0	1702	3802
Jan 30, 2023	8755	96	11715	982
Jan 31, 2023	8901	57	7539	6860
Feb 01, 2023	9113	53	7102	4506
Feb 02, 2023	9289	52	6185	4021
Feb 03, 2023	9213	28	0	3618
Feb 04, 2023	9139	21	5429	3312
Feb 05, 2023	8561	0	4166	2632
Feb 06, 2023	7722	40	9616	718
Feb 07, 2023	7651	42	5753	4999
Feb 08, 2023	7561	31	4950	3991
Feb 09, 2023	7455	17	4444	3653
Feb 10, 2023	7400	20	4307	3366
Feb 11, 2023	7268	0	3457	3187
Feb 12, 2023	7070	0	1027	2469
Feb 13, 2023	6979	50	7263	706
Feb 14, 2023	7023	35	5297	4986
Feb 15, 2023	7044	35	5252	3972
Feb 16, 2023	7068	27	4646	4021
Feb 17, 2023	7074	28	4486	3589
Feb 18, 2023	6975	0	3774	4236
Feb 19, 2023	7002	0	982	2999
Feb 20, 2023	6999	47	6860	898
Feb 21, 2023	6991	32	4459	5774
Feb 22, 2023	6993	38	3989	4584
Feb 23, 2023	6939	19	3580	4489
Feb 24, 2023	6889	29	3293	3917
Feb 25, 2023	6843	0	2603	3843
Feb 26, 2023	6875	0	718	2942
Feb 27, 2023	6888	52	4999	841
Feb 28, 2023	6917	34	3939	5651
Mar 01, 2023	6899	25	3619	4525
Mar 02, 2023	7138	21	3341	4196
Mar 03, 2023	7129	21	3166	3194
Mar 04, 2023	7121	0	2448	4013
Mar 05, 2023	6464	0	0	0
Mar 06, 2023	6471	43	5692	953
Mar 07, 2023	6495	0	-43	0
Mar 08, 2023	6513	0	3972	0
Mar 09, 2023	6556	0	4021	0
Mar 10, 2023	6610	90	7825	6188
Mar 11, 2023	6640	0	2909	6072
Mar 12, 2023	6699	0	898	4558
Mar 13, 2023	6745	50	5774	1235
Mar 14, 2023	6783	27	4534	9937
Mar 15, 2023	6802	24	4462	8348
Mar 16, 2023	6851	24	3893	7932
Mar 17, 2023	6882	26	3819	7228
Mar 18, 2023	6917	0	2916	7210
Mar 19, 2023	6955	0	841	5459
Mar 20, 2023	6928	63	5651	1470
Mar 21, 2023	6964	35	4462	11519
Mar 22, 2023	7034	13	4161	9762
Mar 23, 2023	7099	29	3181	9249
Mar 24, 2023	7216	15	3984	8839
Mar 25, 2023	7314	0	-15	8435
Mar 26, 2023	7641	0	953	6211
Mar 27, 2023	7867	65	0	7
Mar 28, 2023	7887	39	-65	12933
Mar 29, 2023	7986	36	-39	10885
Mar 30, 2023	8142	0	-36	0
Mar 31, 2023	8351	69	12260	9211
Apr 01, 2023	8575	0	4489	8455
Apr 02, 2023	8678	0	1235	6027
Apr 03, 2023	8904	58	9937	1453
Apr 04, 2023	9156	0	-58	0
Apr 05, 2023	9407	58	16280	9922
Apr 06, 2023	10212	35	7170	9374
Apr 07, 2023	10413	28	7175	8786
Apr 08, 2023	10555	0	5431	7739
Apr 09, 2023	10653	0	1470	6474
Apr 10, 2023	10725	0	11519	1342
Apr 11, 2023	11311	0	9762	1884
Apr 12, 2023	11521	59	9249	14207
Apr 13, 2023	11606	0	8780	10678
Apr 14, 2023	11662	108	8435	9467
Apr 15, 2023	11783	0	6103	8595
Apr 16, 2023	11988	0	7	5805
Apr 17, 2023	11918	0	12933	1411
Apr 18, 2023	12039	140	10885	10616
Apr 19, 2023	11968	0	-140	8807
Apr 20, 2023	11901	0	9211	8201
Apr 21, 2023	11751	125	8455	7400
Apr 22, 2023	11421	0	5902	6796
Apr 23, 2023	11152	0	1453	5008
Apr 24, 2023	11059	0	0	1185
Apr 25, 2023	10838	136	9922	8895
Apr 26, 2023	10646	0	9238	7490
Apr 27, 2023	10716	0	8786	6609
Apr 28, 2023	11101	131	7739	6144
Apr 29, 2023	11551	0	6343	5642
Apr 30, 2023	12050	0	1342	4030
May 01, 2023	12442	0	1884	1098
May 02, 2023	13235	89	14207	1065
May 03, 2023	14588	0	10589	8715
May 04, 2023	15076	0	9467	6161
May 05, 2023	15243	166	8595	5505
May 06, 2023	15241	0	5639	5103
May 07, 2023	15301	0	1411	3301
May 08, 2023	15538	0	10616	759
May 09, 2023	16799	51	8807	1044
May 10, 2023	16899	0	8150	6708
May 11, 2023	18228	0	0	0
May 12, 2023	19550	108	14196	9003
May 13, 2023	19507	0	4900	3706
May 14, 2023	19346	0	1185	2563
May 15, 2023	19057	0	8895	623
May 16, 2023	18833	82	7490	5118
May 17, 2023	18499	0	6527	4149
May 18, 2023	18345	0	0	0
May 19, 2023	18007	0	6144	0
May 20, 2023	17521	0	5642	0
May 21, 2023	17525	0	4030	0
May 22, 2023	17420	76	2163	677
May 23, 2023	17311	79	8639	5901
May 24, 2023	17264	0	6082	4905
May 25, 2023	17051	0	5505	4220
May 26, 2023	16892	56	5103	3724
May 27, 2023	16895	0	3245	3317
May 28, 2023	16746	0	759	2284
May 29, 2023	16602	0	1044	592
May 30, 2023	16476	48	6708	902
May 31, 2023	16262	0	-48	5210
Jun 01, 2023	16928	0	9003	3735
Jun 02, 2023	17582	62	3706	3204
Jun 03, 2023	17306	0	2501	2797
Jun 04, 2023	16703	0	623	2082
Jun 05, 2023	16515	0	5118	443
Jun 06, 2023	16190	51	4149	3590
Jun 07, 2023	16850	0	-51	2762
Jun 08, 2023	17531	0	0	2603
Jun 09, 2023	18155	56	0	2357
Jun 10, 2023	18137	0	-56	2135
Jun 11, 2023	18208	0	677	1282
Jun 12, 2023	18188	0	5901	332
Jun 13, 2023	18310	28	4905	2631
Jun 14, 2023	18203	0	4192	2069
Jun 15, 2023	18041	0	3724	545
Jun 16, 2023	17974	40	3317	2895
Jun 17, 2023	17744	0	2244	1482
Jun 18, 2023	17648	0	592	1080
Jun 19, 2023	17390	0	902	270
Jun 20, 2023	17151	45	5210	2071
Jun 21, 2023	16932	0	3690	1702
Jun 22, 2023	16753	0	3204	1420
Jun 23, 2023	16506	23	2797	1232
Jun 24, 2023	16306	0	2059	1217
Jun 25, 2023	16032	0	443	776
Jun 26, 2023	15877	0	3590	213
Jun 27, 2023	15723	26	2762	1680
Jun 28, 2023	15531	0	2577	1148
Jun 29, 2023	15337	0	2357	1106
Jun 30, 2023	15121	0	2135	1106
Jul 01, 2023	14957	0	0	0
Jul 02, 2023	14830	0	1282	0
Jul 03, 2023	14865	0	332	0
Jul 04, 2023	14715	0	2631	0
Jul 05, 2023	14661	0	2069	0
Jul 06, 2023	13925	0	545	0
Jul 07, 2023	13922	0	2895	0
Jul 08, 2023	13894	0	1482	0
Jul 09, 2023	13917	0	1080	0
Jul 10, 2023	13885	0	270	0
Jul 11, 2023	13881	0	2071	0
Jul 12, 2023	13890	0	1702	0
Jul 13, 2023	13819	0	1420	0
Jul 14, 2023	13837	0	1232	0
Jul 15, 2023	13869	0	1217	0
Jul 16, 2023	13887	0	776	0
Jul 17, 2023	13856	0	213	0
Jul 18, 2023	13797	0	1680	0
Jul 19, 2023	13794	0	1148	0
Jul 20, 2023	13758	0	1106	0
Jul 21, 2023	13688	0	1106	0
Jul 22, 2023	13628	0	0	0
Jul 23, 2023	13606	0	0	0
Jul 24, 2023	13589	0	0	0
Jul 25, 2023	13558	0	0	0
Jul 26, 2023	13573	0	0	0
Jul 27, 2023	13589	0	0	0
Jul 28, 2023	13584	0	0	0
Jul 29, 2023	13599	0	0	0
Jul 30, 2023	13554	0	0	0
Jul 31, 2023	13516	0	0	0
Aug 01, 2023	13484	0	0	0
Aug 02, 2023	13441	0	0	0
Aug 03, 2023	13368	0	0	0
Aug 04, 2023	13385	0	0	0
Aug 05, 2023	13362	0	0	0
Aug 06, 2023	12735	0	0	0
Aug 07, 2023	12708	0	0	0
Aug 08, 2023	12662	0	0	0
Aug 09, 2023	12648	0	0	0
Aug 10, 2023	12656	0	0	0
Aug 11, 2023	12625	0	0	0
Aug 12, 2023	12602	0	0	0
Aug 13, 2023	12608	0	0	0
Aug 14, 2023	12618	0	0	0
Aug 15, 2023	12654	0	0	0
Aug 16, 2023	12691	0	0	0
Aug 17, 2023	12674	0	0	0
Aug 18, 2023	12677	0	0	0
Aug 19, 2023	12726	0	0	0
Aug 20, 2023	12724	0	0	0
Aug 21, 2023	12717	0	0	0
Aug 22, 2023	12704	0	0	0
Aug 23, 2023	12714	0	0	0
Aug 24, 2023	12727	0	0	0
Aug 25, 2023	12737	0	0	0
Aug 26, 2023	12716	0	0	0
Aug 27, 2023	12719	0	0	0
Aug 28, 2023	12709	0	0	0
Aug 29, 2023	12681	0	0	0
Aug 30, 2023	12658	0	0	0
Aug 31, 2023	12627	0	0	0
Sep 01, 2023	12580	0	0	0
Sep 02, 2023	12537	0	0	0
Sep 03, 2023	12548	0	0	0
Sep 04, 2023	12542	0	0	0
Sep 05, 2023	11734	0	0	0
Sep 06, 2023	11087	0	0	0
Sep 07, 2023	11110	0	0	0
Sep 08, 2023	11155	0	0	0
Sep 09, 2023	11206	0	0	0
Sep 10, 2023	11220	0	0	0
Sep 11, 2023	11225	0	0	0
Sep 12, 2023	11226	0	0	0
Sep 13, 2023	11258	0	0	0
Sep 14, 2023	11271	0	0	0
Sep 15, 2023	11267	0	0	0
Sep 16, 2023	11241	0	0	0
Sep 17, 2023	11251	0	0	0
Sep 18, 2023	11236	0	0	0
Sep 19, 2023	11193	0	0	0
Sep 20, 2023	11200	0	0	0
Sep 21, 2023	11205	0	0	0
Sep 22, 2023	11214	0	0	0
Sep 23, 2023	11212	0	0	0
Sep 24, 2023	11204	0	0	0
Sep 25, 2023	11214	0	0	0
Sep 26, 2023	11282	0	0	0
Sep 27, 2023	11309	0	0	0
Sep 28, 2023	11309	0	0	0
Sep 29, 2023	11293	0	0	0
Sep 30, 2023	11299	0	0	0
Oct 01, 2023	11320	0	0	0
Oct 02, 2023	11369	0	0	0
Oct 03, 2023	11346	0	0	0
Oct 04, 2023	11351	0	0	0
Oct 05, 2023	11357	0	0	0
Oct 06, 2023	11396	0	0	0
Oct 07, 2023	11445	0	0	0
Oct 08, 2023	11445	0	0	0
Oct 09, 2023	11430	0	0	0
Oct 10, 2023	11426	0	0	0
Oct 11, 2023	11446	0	0	0
Oct 12, 2023	11481	0	0	0
Oct 13, 2023	11506	0	0	0
Oct 14, 2023	11554	0	0	0
Oct 15, 2023	11600	0	0	0
Oct 16, 2023	11610	0	0	0
Oct 17, 2023	11649	0	0	0
Oct 18, 2023	11664	0	0	0
Oct 19, 2023	11672	0	0	0
Oct 20, 2023	11665	0	0	0
Oct 21, 2023	11643	0	0	0
Oct 22, 2023	11631	0	0	0
Oct 23, 2023	11659	0	0	0
Oct 24, 2023	11708	0	0	0
Oct 25, 2023	11722	0	0	0
Oct 26, 2023	11742	0	0	0
Oct 27, 2023	11793	0	0	0
Oct 28, 2023	11849	0	0	0
Oct 29, 2023	11891	0	0	0
Oct 30, 2023	11900	0	0	0
Oct 31, 2023	11903	0	0	0
Nov 01, 2023	11981	0	0	0
Nov 02, 2023	12059	0	0	0
Nov 03, 2023	12134	0	0	0
Nov 04, 2023	11580	0	0	0
Nov 05, 2023	10278	0	0	0
Nov 06, 2023	10267	0	0	0
Nov 07, 2023	10330	0	0	0
Nov 08, 2023	10356	0	0	0
Nov 09, 2023	10381	0	0	0
Nov 10, 2023	10404	0	0	0
Nov 11, 2023	10353	0	0	0
Nov 12, 2023	10452	0	0	0
Nov 13, 2023	10482	0	0	0
Nov 14, 2023	10456	0	0	0
Nov 15, 2023	10477	0	0	0
Nov 16, 2023	10579	0	0	0
Nov 17, 2023	10722	0	0	0
Nov 18, 2023	10857	0	0	0
Nov 19, 2023	10875	0	0	0
Nov 20, 2023	10990	0	0	0
Nov 21, 2023	11220	0	0	0
Nov 22, 2023	11543	0	0	0
Nov 23, 2023	11720	0	0	0
Nov 24, 2023	11951	0	0	0
Nov 25, 2023	12189	0	0	0
Nov 26, 2023	12554	0	0	0
Nov 27, 2023	12687	0	0	0
Nov 28, 2023	12936	0	0	0
Nov 29, 2023	13464	0	0	0
Nov 30, 2023	14015	0	0	0
Dec 01, 2023	14806	0	0	0
Dec 02, 2023	15322	0	0	0
Dec 03, 2023	15738	0	0	0
Dec 04, 2023	16181	0	0	0
Dec 05, 2023	15870	0	0	0
Dec 06, 2023	16721	0	0	0
Dec 07, 2023	18002	0	0	0
Dec 08, 2023	18626	0	0	0
Dec 09, 2023	20014	0	0	0
Dec 10, 2023	21338	0	0	0
Dec 11, 2023	22230	0	0	0
Dec 12, 2023	23215	0	0	0
Dec 13, 2023	24685	0	0	0
Dec 14, 2023	25975	0	0	0
Dec 15, 2023	27257	0	0	0
Dec 16, 2023	28367	0	0	0
Dec 17, 2023	28648	0	0	0
Dec 18, 2023	29173	0	0	0
Dec 19, 2023	29973	0	0	0
Dec 20, 2023	31707	0	0	0
Dec 21, 2023	32214	0	0	0
Dec 22, 2023	33157	0	0	0
Dec 23, 2023	33278	0	0	0
Dec 24, 2023	33737	0	0	0
Dec 25, 2023	33543	0	0	0
Dec 26, 2023	32477	0	0	0
Dec 27, 2023	30465	0	0	0
Dec 28, 2023	29338	0	0	0
Dec 29, 2023	28584	0	0	0
Dec 30, 2023	27894	0	0	0
Dec 31, 2023	26925	0	0	0
Jan 01, 2024	26553	0	0	0
Jan 02, 2024	26108	0	0	0
Jan 03, 2024	25570	0	0	0
Jan 04, 2024	25456	0	0	0
Jan 05, 2024	24954	0	0	0
Jan 06, 2024	24463	0	0	0
Jan 07, 2024	24383	0	0	0
Jan 08, 2024	23892	0	0	0
Jan 09, 2024	23629	0	0	0
Jan 10, 2024	23114	0	0	0
Jan 11, 2024	21904	0	0	0
Jan 12, 2024	20650	0	0	0
Jan 13, 2024	19689	0	0	0
Jan 14, 2024	18813	0	0	0
Jan 15, 2024	18326	0	0	0
Jan 16, 2024	18059	0	0	0
Jan 17, 2024	17658	0	0	0
Jan 18, 2024	16729	0	0	0
Jan 19, 2024	16138	0	0	0
Jan 20, 2024	15648	0	0	0
Jan 21, 2024	15028	0	0	0
Jan 22, 2024	14689	0	0	0
Jan 23, 2024	14022	0	0	0
Jan 24, 2024	13344	0	0	0
Jan 25, 2024	12935	0	0	0
Jan 26, 2024	12372	0	0	0
Jan 27, 2024	11920	0	0	0
Jan 28, 2024	11729	0	0	0
Jan 29, 2024	11447	0	0	0
Jan 30, 2024	11072	0	0	0
Jan 31, 2024	10678	0	0	0
Feb 01, 2024	10363	0	0	0
Feb 02, 2024	10113	0	0	0
Feb 03, 2024	9894	0	0	0
Feb 04, 2024	9633	0	0	0
Feb 05, 2024	9502	0	0	0
Feb 06, 2024	9337	0	0	0
Feb 07, 2024	9138	0	0	0
Feb 08, 2024	8911	0	0	0
Feb 09, 2024	8839	0	0	0
Feb 10, 2024	8821	0	0	0
Feb 11, 2024	8728	0	0	0
Feb 12, 2024	8572	0	0	0
Feb 13, 2024	8438	0	0	0
Feb 14, 2024	8306	0	0	0
Feb 15, 2024	8222	0	0	0
Feb 16, 2024	8155	0	0	0
Feb 17, 2024	8131	0	0	0
Feb 18, 2024	8195	0	0	0
Feb 19, 2024	8235	0	0	0
Feb 20, 2024	8270	0	0	0
Feb 21, 2024	8268	0	0	0
Feb 22, 2024	8290	0	0	0
Feb 23, 2024	8281	0	0	0
Feb 24, 2024	8235	0	0	0
Feb 25, 2024	8155	0	0	0
Feb 26, 2024	8114	0	0	0
Feb 27, 2024	8084	0	0	0
Feb 28, 2024	8087	0	0	0
Feb 29, 2024	8070	0	0	0
Mar 01, 2024	8045	0	0	0
Mar 02, 2024	8011	0	0	0
Mar 03, 2024	8000	0	0	0
Mar 04, 2024	7994	0	0	0
Mar 05, 2024	7984	0	0	0
Mar 06, 2024	7938	0	0	0
Mar 07, 2024	7954	0	0	0
Mar 08, 2024	7936	0	0	0
Mar 09, 2024	7935	0	0	0
Mar 10, 2024	7926	0	0	0
Mar 11, 2024	7910	0	0	0
Mar 12, 2024	7905	0	0	0
Mar 13, 2024	7922	0	0	0
Mar 14, 2024	7921	0	0	0
Mar 15, 2024	7942	0	0	0
Mar 16, 2024	7960	0	0	0
Mar 17, 2024	7980	0	0	0
Mar 18, 2024	7980	0	0	0
Mar 19, 2024	7980	0	0	0
Mar 20, 2024	7980	0	0	0
Mar 21, 2024	7980	0	0	0
Mar 22, 2024	7980	0	0	0
Mar 23, 2024	7980	0	0	0
