Feb 15, 2020	-2	null	null	null
Feb 16, 2020	-2	0	0	0
Feb 17, 2020	-2	0	1	0
Feb 18, 2020	-2	0	2	0
Feb 19, 2020	-2	0	0	0
Feb 20, 2020	-2	0	0	0
Feb 21, 2020	-2	0	0	0
Feb 22, 2020	-2	0	3	0
Feb 23, 2020	-2	0	0	0
Feb 24, 2020	-2	0	1	0
Feb 25, 2020	-2	0	0	2
Feb 26, 2020	-2	0	0	4
Feb 27, 2020	-2	0	0	19
Feb 28, 2020	0	0	0	18
Feb 29, 2020	2	0	1	39
Mar 01, 2020	3	0	0	27
Mar 02, 2020	4	0	0	56
Mar 03, 2020	3	0	0	20
Mar 04, 2020	3	0	0	67
Mar 05, 2020	2	0	0	126
Mar 06, 2020	2	0	0	209
Mar 07, 2020	2	5	0	269
Mar 08, 2020	3	3	0	236
Mar 09, 2020	0	11	0	185
Mar 10, 2020	0	3	0	338
Mar 11, 2020	4	15	0	452
Mar 12, 2020	5	13	0	540
Mar 13, 2020	8	18	0	714
Mar 14, 2020	19	12	0	761
Mar 15, 2020	36	36	0	840
Mar 16, 2020	46	21	0	1100
Mar 17, 2020	76	27	590	997
Mar 18, 2020	87	89	0	1277
Mar 19, 2020	111	108	693	1691
Mar 20, 2020	155	78	292	1469
Mar 21, 2020	195	112	0	1678
Mar 22, 2020	244	112	613	1417
Mar 23, 2020	311	186	0	3488
Mar 24, 2020	362	240	1081	2224
Mar 25, 2020	400	231	619	2662
Mar 26, 2020	469	365	1048	3564
Mar 27, 2020	581	299	752	3462
Mar 28, 2020	709	319	0	4191
Mar 29, 2020	804	292	1502	2362
Mar 30, 2020	939	418	725	3977
Mar 31, 2020	1034	498	1517	6887
Apr 01, 2020	1145	508	1491	4418
Apr 02, 2020	1288	1354	1493	1923
Apr 03, 2020	805	1119	1580	4755
Apr 04, 2020	962	1052	1430	3877
Apr 05, 2020	1138	517	745	1703
Apr 06, 2020	1361	832	1067	3555
Apr 07, 2020	1634	1416	2087	3432
Apr 08, 2020	1934	540	1917	3526
Apr 09, 2020	2283	1339	1952	3895
Apr 10, 2020	2501	986	1726	3946
Apr 11, 2020	2856	634	1459	2829
Apr 12, 2020	2027	561	795	1466
Apr 13, 2020	2331	574	532	2428
Apr 14, 2020	2490	761	1087	4996
Apr 15, 2020	2628	1437	2150	2393
Apr 16, 2020	2981	752	1857	2400
Apr 17, 2020	3334	760	1608	368
Apr 18, 2020	3826	641	1563	2335
Apr 19, 2020	3829	395	595	714
Apr 20, 2020	4483	546	831	1864
Apr 21, 2020	4832	530	1772	2423
Apr 22, 2020	5380	543	1476	1661
Apr 23, 2020	6245	515	1431	1502
Apr 24, 2020	7156	389	1405	1611
Apr 25, 2020	3689	369	1101	1397
Apr 26, 2020	4429	242	309	419
Apr 27, 2020	3810	436	610	3420
Apr 28, 2020	3653	367	1373	1381
Apr 29, 2020	2303	426	1342	1675
Apr 30, 2020	3071	289	1248	1061
May 01, 2020	4161	218	736	563
May 02, 2020	4424	166	350	740
May 03, 2020	4341	135	222	287
May 04, 2020	5420	306	587	537
May 05, 2020	4052	330	1365	1029
May 06, 2020	3888	278	1236	3898
May 07, 2020	4137	178	1055	586
May 08, 2020	5784	243	815	598
May 09, 2020	4823	80	4206	403
May 10, 2020	4882	70	4272	195
May 11, 2020	4811	263	2851	425
May 12, 2020	5720	348	1265	659
May 13, 2020	4500	83	2590	473
May 14, 2020	4890	351	5146	580
May 15, 2020	5405	104	2529	524
May 16, 2020	5407	96	2468	347
May 17, 2020	5645	146	77	112
May 18, 2020	5782	131	2361	459
May 19, 2020	5639	119	1002	489
May 20, 2020	5925	110	1941	389
May 21, 2020	6120	83	2584	296
May 22, 2020	6850	74	1753	366
May 23, 2020	7271	43	1610	233
May 24, 2020	7972	35	1738	107
May 25, 2020	7784	65	1267	334
May 26, 2020	7292	98	3800	257
May 27, 2020	7916	66	520	178
May 28, 2020	8718	66	532	3098
May 29, 2020	9362	52	351	556
May 30, 2020	9110	57	138	1703
May 31, 2020	9262	31	394	239
Jun 01, 2020	9468	31	628	315
Jun 02, 2020	8541	107	366	283
Jun 03, 2020	9061	81	499	330
Jun 04, 2020	9495	44	480	720
Jun 05, 2020	11239	46	301	573
Jun 06, 2020	11940	31	81	543
Jun 07, 2020	12108	13	446	322
Jun 08, 2020	12176	54	435	198
Jun 09, 2020	11375	87	302	378
Jun 10, 2020	11862	23	273	511
Jun 11, 2020	13042	27	339	399
Jun 12, 2020	13155	28	205	681
Jun 13, 2020	14177	24	83	494
Jun 14, 2020	13854	9	325	382
Jun 15, 2020	14315	29	228	143
Jun 16, 2020	12249	111	67	323
Jun 17, 2020	13116	28	3070	430
Jun 18, 2020	14266	28	528	438
Jun 19, 2020	15622	14	1689	761
Jun 20, 2020	15908	16	223	602
Jun 21, 2020	15779	7	308	267
Jun 22, 2020	17097	23	260	350
Jun 23, 2020	16297	57	273	485
Jun 24, 2020	17798	11	709	76
Jun 25, 2020	17907	21	552	0
Jun 26, 2020	23573	26	517	1490
Jun 27, 2020	28572	8	314	490
Jun 28, 2020	32461	9	189	490
Jun 29, 2020	35949	18	360	263
Jun 30, 2020	39190	30	481	508
Jul 01, 2020	44052	18	381	861
Jul 02, 2020	49206	14	667	618
Jul 03, 2020	55482	18	476	546
Jul 04, 2020	61754	7	375	526
Jul 05, 2020	65211	7	136	600
Jul 06, 2020	66021	13	310	165
Jul 07, 2020	66283	13	417	446
Jul 08, 2020	67940	32	406	622
Jul 09, 2020	70201	14	747	583
Jul 10, 2020	72555	25	577	617
Jul 11, 2020	74048	4	263	628
Jul 12, 2020	75865	3	347	627
Jul 13, 2020	75850	18	467	270
Jul 14, 2020	75641	71	5	480
Jul 15, 2020	77190	20	-20	390
Jul 16, 2020	77595	18	1472	501
Jul 17, 2020	79081	14	476	785
Jul 18, 2020	80794	9	481	812
Jul 19, 2020	83331	8	255	812
Jul 20, 2020	83654	8	500	328
Jul 21, 2020	83548	13	848	548
Jul 22, 2020	84739	7	611	937
Jul 23, 2020	85889	10	536	997
Jul 24, 2020	89062	10	516	1060
Jul 25, 2020	89621	4	596	956
Jul 26, 2020	91386	4	161	955
Jul 27, 2020	91944	9	437	482
Jul 28, 2020	91026	14	608	680
Jul 29, 2020	92994	15	568	1306
Jul 30, 2020	92470	16	601	1292
Jul 31, 2020	94733	11	617	1263
Aug 01, 2020	96290	3	624	0
Aug 02, 2020	99256	4	266	2646
Aug 03, 2020	98992	22	458	522
Aug 04, 2020	96945	2	388	975
Aug 05, 2020	97963	9	492	1591
Aug 06, 2020	99079	7	778	1505
Aug 07, 2020	101031	12	800	2147
Aug 08, 2020	102743	1	811	1910
Aug 09, 2020	103555	1	327	1909
Aug 10, 2020	103568	14	534	737
Aug 11, 2020	103133	14	923	1311
Aug 12, 2020	104560	17	980	2369
Aug 13, 2020	106086	17	1043	2505
Aug 14, 2020	108212	17	939	2671
Aug 15, 2020	109257	4	951	3106
Aug 16, 2020	109515	1	481	2829
Aug 17, 2020	109796	24	656	463
Aug 18, 2020	108669	17	1289	2100
Aug 19, 2020	109772	17	1275	3544
Aug 20, 2020	110963	12	1251	4477
Aug 21, 2020	113273	23	-23	4304
Aug 22, 2020	114070	9	2637	3380
Aug 23, 2020	116130	1	521	4596
Aug 24, 2020	116264	15	960	1835
Aug 25, 2020	114149	16	1575	3101
Aug 26, 2020	114708	0	1505	5095
Aug 27, 2020	115946	32	2115	5735
Aug 28, 2020	117931	20	1890	6925
Aug 29, 2020	119269	6	1903	5117
Aug 30, 2020	120452	4	733	5080
Aug 31, 2020	120751	29	1282	2892
Sep 01, 2020	119911	26	2343	4675
Sep 02, 2020	121420	25	2480	6585
Sep 03, 2020	122389	0	2671	6716
Sep 04, 2020	122742	0	3106	8423
Sep 05, 2020	124278	12	2817	8024
Sep 06, 2020	126248	3	460	6636
Sep 07, 2020	127046	25	2075	3944
Sep 08, 2020	125743	38	3506	6141
Sep 09, 2020	126342	30	4447	8049
Sep 10, 2020	126894	19	4285	9237
Sep 11, 2020	127568	80	3300	8827
Sep 12, 2020	128353	17	4579	9911
Sep 13, 2020	130021	6	1829	6741
Sep 14, 2020	130013	34	3067	5779
Sep 15, 2020	128893	49	5046	7369
Sep 16, 2020	128102	46	5689	9182
Sep 17, 2020	128301	50	6875	9941
Sep 18, 2020	127782	153	4964	12402
Sep 19, 2020	128609	26	5054	12667
Sep 20, 2020	129550	11	2881	9918
Sep 21, 2020	129737	53	4622	4972
Sep 22, 2020	128650	78	6507	9392
Sep 23, 2020	129330	43	6673	12267
Sep 24, 2020	130346	52	8371	15105
Sep 25, 2020	131013	150	7874	14825
Sep 26, 2020	132742	39	6597	13525
Sep 27, 2020	135099	27	3917	10438
Sep 28, 2020	136140	81	6060	3819
Sep 29, 2020	135845	85	7964	7555
Sep 30, 2020	136400	63	9174	12054
Oct 01, 2020	138306	63	8764	13110
Oct 02, 2020	139634	130	9781	11400
Oct 03, 2020	140163	49	6692	15927
Oct 04, 2020	140815	32	5747	11792
Oct 05, 2020	139764	69	7300	4771
Oct 06, 2020	138952	66	9116	9843
Oct 07, 2020	139872	80	9861	17592
Oct 08, 2020	140678	76	12326	17013
Oct 09, 2020	122928	109	12558	19087
Oct 10, 2020	123360	54	9864	25240
Oct 11, 2020	124553	46	4926	15110
Oct 12, 2020	124323	95	9297	7981
Oct 13, 2020	123698	108	12159	12193
Oct 14, 2020	123999	104	15001	21200
Oct 15, 2020	125417	88	14737	28736
Oct 16, 2020	126203	178	13347	23542
Oct 17, 2020	128541	89	10349	30431
Oct 18, 2020	130158	85	3734	28000
Oct 19, 2020	130533	146	7409	12428
Oct 20, 2020	129378	262	11792	19208
Oct 21, 2020	130607	163	12947	25034
Oct 22, 2020	132573	162	11238	39060
Oct 23, 2020	134366	298	15629	39445
Oct 24, 2020	135835	137	11655	42626
Oct 25, 2020	135749	116	4655	48808
Oct 26, 2020	136058	257	9586	25123
Oct 27, 2020	134979	523	17069	31360
Oct 28, 2020	136075	244	16769	34194
Oct 29, 2020	137045	235	18852	44705
Oct 30, 2020	137491	545	24695	46185
Oct 31, 2020	138217	223	14887	33447
Nov 01, 2020	139703	231	7750	45258
Nov 02, 2020	139304	467	11726	51104
Nov 03, 2020	137240	906	20294	35912
Nov 04, 2020	136174	437	28299	39880
Nov 05, 2020	136737	415	23127	56292
Nov 06, 2020	137384	880	29551	58581
Nov 07, 2020	138375	356	27644	83324
Nov 08, 2020	139966	322	12106	38059
Nov 09, 2020	140352	548	18660	20732
Nov 10, 2020	139728	857	24177	22632
Nov 11, 2020	140198	328	38732	35488
Nov 12, 2020	141749	425	39020	32948
Nov 13, 2020	142171	932	41694	24147
Nov 14, 2020	142055	552	48256	31937
Nov 15, 2020	143396	500	24623	27370
Nov 16, 2020	141353	704	30656	10645
Nov 17, 2020	139717	625	33569	13630
Nov 18, 2020	137218	677	44028	26636
Nov 19, 2020	136523	681	45504	19848
Nov 20, 2020	136144	634	32813	21473
Nov 21, 2020	137728	390	44868	16780
Nov 22, 2020	139695	352	50752	12347
Nov 23, 2020	144163	638	35274	4178
Nov 24, 2020	145444	592	39288	8591
Nov 25, 2020	148865	569	55723	15280
Nov 26, 2020	152123	527	58054	12728
Nov 27, 2020	154141	581	82743	11692
Nov 28, 2020	165658	316	37743	11806
Nov 29, 2020	165384	301	20431	9182
Nov 30, 2020	166074	509	22123	3758
Dec 01, 2020	166794	466	35022	7585
Dec 02, 2020	168753	425	32523	13198
Dec 03, 2020	172602	439	23708	11914
Dec 04, 2020	176361	397	31540	10530
Dec 05, 2020	178414	327	27043	12127
Dec 06, 2020	182714	287	10358	10344
Dec 07, 2020	182812	480	13150	3201
Dec 08, 2020	181211	491	26145	12869
Dec 09, 2020	184056	403	19445	13697
Dec 10, 2020	187295	400	21073	12904
Dec 11, 2020	191552	412	16368	12581
Dec 12, 2020	195236	314	12033	13088
Dec 13, 2020	198683	271	3907	10823
Dec 14, 2020	199863	492	8099	2874
Dec 15, 2020	196023	428	14852	10822
Dec 16, 2020	196185	407	12321	16531
Dec 17, 2020	198156	376	11316	17130
Dec 18, 2020	201139	374	11432	14709
Dec 19, 2020	204021	294	8888	16484
Dec 20, 2020	206683	236	3522	12011
Dec 21, 2020	205885	456	7129	5440
Dec 22, 2020	201166	487	12711	11069
Dec 23, 2020	203828	359	11555	14010
Dec 24, 2020	205746	373	10157	20302
Dec 25, 2020	207411	242	11885	19015
Dec 26, 2020	207605	230	10114	2903
Dec 27, 2020	203808	257	2944	8279
Dec 28, 2020	202262	447	12422	2778
Dec 29, 2020	197591	468	13229	10694
Dec 30, 2020	198849	377	12527	24828
Dec 31, 2020	201969	325	12256	18700
Jan 01, 2021	205180	207	12881	18157
Jan 02, 2021	206431	231	10592	3253
Jan 03, 2021	204690	191	2683	11720
Jan 04, 2021	201404	453	10369	3774
Jan 05, 2021	199471	420	16111	19228
Jan 06, 2021	202367	387	16743	23817
Jan 07, 2021	207861	381	14328	20367
Jan 08, 2021	212971	381	16103	18594
Jan 09, 2021	218899	264	11747	18935
Jan 10, 2021	225476	248	5192	14963
Jan 11, 2021	227205	407	10662	3362
Jan 12, 2021	223688	452	13558	18536
Jan 13, 2021	228856	347	19955	22384
Jan 14, 2021	235236	401	18614	19921
Jan 15, 2021	241557	399	2504	19962
Jan 16, 2021	247523	264	8015	20088
Jan 17, 2021	254208	213	2565	15618
Jan 18, 2021	253456	475	10219	3506
Jan 19, 2021	245972	441	24387	22155
Jan 20, 2021	249062	420	18280	25135
Jan 21, 2021	255245	456	17701	21442
Jan 22, 2021	262969	429	2824	21858
Jan 23, 2021	268673	295	11425	22451
Jan 24, 2021	273212	237	3537	17301
Jan 25, 2021	268493	510	18718	3979
Jan 26, 2021	260229	417	23400	20726
Jan 27, 2021	263239	505	19862	25259
Jan 28, 2021	265985	499	18095	22307
Jan 29, 2021	269862	510	18425	21451
Jan 30, 2021	270233	322	14641	22890
Jan 31, 2021	272234	275	3087	18051
Feb 01, 2021	268771	536	18000	4079
Feb 02, 2021	259752	485	21899	21900
Feb 03, 2021	252211	476	19445	24739
Feb 04, 2021	249449	476	19486	22005
Feb 05, 2021	251183	413	19675	20776
Feb 06, 2021	252083	263	15355	19319
Feb 07, 2021	254338	243	3263	18501
Feb 08, 2021	251484	530	21625	4051
Feb 09, 2021	242966	508	24627	17708
Feb 10, 2021	243095	404	21038	23824
Feb 11, 2021	244961	468	21390	19766
Feb 12, 2021	246077	429	22022	19427
Feb 13, 2021	248137	257	17044	19924
Feb 14, 2021	249885	226	3753	15527
Feb 15, 2021	248095	471	20255	4107
Feb 16, 2021	242723	410	24849	18384
Feb 17, 2021	242577	391	21916	23478
Feb 18, 2021	243776	352	21099	21116
Feb 19, 2021	245409	409	22481	22631
Feb 20, 2021	245731	213	17838	20994
Feb 21, 2021	246872	163	3916	20689
Feb 22, 2021	244780	363	21537	4360
Feb 23, 2021	239665	341	24398	18829
Feb 24, 2021	241773	370	21635	29579
Feb 25, 2021	243120	354	20422	23839
Feb 26, 2021	245624	379	18940	23655
Feb 27, 2021	247276	214	18287	22519
Feb 28, 2021	249321	125	3926	18724
Mar 01, 2021	247692	404	17304	4413
Mar 02, 2021	243455	330	23494	21450
Mar 03, 2021	245457	389	19377	25139
Mar 04, 2021	247821	360	19067	23723
Mar 05, 2021	249550	305	19619	22060
Mar 06, 2021	250634	187	15340	21871
Mar 07, 2021	250841	147	3960	20482
Mar 08, 2021	249355	377	18007	4999
Mar 09, 2021	245217	316	23162	21868
Mar 10, 2021	246792	295	20821	28438
Mar 11, 2021	248383	296	22335	25494
Mar 12, 2021	249283	254	20740	23676
Mar 13, 2021	249933	192	20497	27927
Mar 14, 2021	251178	137	4223	24721
Mar 15, 2021	248672	357	18472	6073
Mar 16, 2021	243484	338	29241	28130
Mar 17, 2021	240189	300	23539	36131
Mar 18, 2021	241980	327	23328	32844
Mar 19, 2021	243961	362	22157	32911
Mar 20, 2021	244868	244	18480	33169
Mar 21, 2021	246428	170	4243	28699
Mar 22, 2021	245174	402	21048	35259
Mar 23, 2021	242121	347	24792	23350
Mar 24, 2021	243663	305	23418	31334
Mar 25, 2021	244955	285	21775	42831
Mar 26, 2021	246621	363	21508	39292
Mar 27, 2021	247976	201	20281	39995
Mar 28, 2021	249309	142	4857	34736
Mar 29, 2021	248138	371	21497	26843
Mar 30, 2021	245649	348	28090	26580
Mar 31, 2021	246390	325	25169	39327
Apr 01, 2021	248094	314	23362	47541
Apr 02, 2021	248729	304	27623	43804
Apr 03, 2021	247621	213	24508	18571
Apr 04, 2021	245176	185	5888	57172
Apr 05, 2021	243596	197	27933	11576
Apr 06, 2021	240914	414	35717	54241
Apr 07, 2021	241981	431	32413	28890
Apr 08, 2021	243782	374	32537	14892
Apr 09, 2021	245259	301	32868	38704
Apr 10, 2021	247158	179	28520	40620
Apr 11, 2021	250497	176	35083	32747
Apr 12, 2021	249802	385	22965	8011
Apr 13, 2021	248417	351	30983	36705
Apr 14, 2021	249930	303	42528	40827
Apr 15, 2021	252136	302	38990	35703
Apr 16, 2021	252993	313	39682	34199
Apr 17, 2021	254476	189	34547	33653
Apr 18, 2021	255488	140	26703	27538
Apr 19, 2021	253933	489	26091	6847
Apr 20, 2021	251397	346	38981	39882
Apr 21, 2021	252198	313	47228	32815
Apr 22, 2021	253614	283	43521	32205
Apr 23, 2021	254536	332	18239	30349
Apr 24, 2021	255225	217	56955	30624
Apr 25, 2021	255180	152	11424	22959
Apr 26, 2021	254136	405	53836	5586
Apr 27, 2021	251988	333	28557	28451
Apr 28, 2021	252634	322	14570	29598
Apr 29, 2021	253972	313	38391	24904
Apr 30, 2021	254765	276	40344	22803
May 01, 2021	255353	195	32552	24090
May 02, 2021	255965	116	7895	9279
May 03, 2021	256902	315	36390	3529
May 04, 2021	252576	247	40580	22871
May 05, 2021	252652	252	35451	24400
May 06, 2021	253405	227	33972	20375
May 07, 2021	253733	235	33418	17947
May 08, 2021	254532	179	27359	19468
May 09, 2021	254964	119	6728	8566
May 10, 2021	253802	296	39586	3089
May 11, 2021	251968	240	32575	18573
May 12, 2021	251306	184	32021	20175
May 13, 2021	252102	131	30218	18263
May 14, 2021	253370	173	30451	6593
May 15, 2021	254056	122	22837	14719
May 16, 2021	254488	91	5495	13089
May 17, 2021	254056	206	28245	3144
May 18, 2021	252606	198	29400	16151
May 19, 2021	253175	146	24763	17877
May 20, 2021	253122	138	22803	15415
May 21, 2021	254001	113	23947	12800
May 22, 2021	256527	95	9166	12611
May 23, 2021	255526	76	3440	9704
May 24, 2021	255317	68	22801	2229
May 25, 2021	253873	203	24320	3155
May 26, 2021	254451	153	20172	12646
May 27, 2021	255428	151	17803	13933
May 28, 2021	256670	107	19308	11268
May 29, 2021	257414	69	8459	10675
May 30, 2021	258944	46	3021	8541
May 31, 2021	258777	128	18529	1211
Jun 01, 2021	257468	129	20044	9848
Jun 02, 2021	262211	98	18134	8743
Jun 03, 2021	263325	72	6469	8161
Jun 04, 2021	263919	84	14673	6953
Jun 05, 2021	264797	57	13005	6654
Jun 06, 2021	265549	26	3087	5070
Jun 07, 2021	265281	65	16126	1166
Jun 08, 2021	263811	73	17811	6016
Jun 09, 2021	264644	66	15342	5557
Jun 10, 2021	266036	70	12735	4475
Jun 11, 2021	267692	71	12540	3871
Jun 12, 2021	270731	34	9604	3972
Jun 13, 2021	269992	13	2195	2855
Jun 14, 2021	269776	63	3171	689
Jun 15, 2021	268590	80	12583	3235
Jun 16, 2021	269141	50	13853	3058
Jun 17, 2021	270614	62	11224	2044
Jun 18, 2021	272551	56	10607	3181
Jun 19, 2021	274080	22	8485	2624
Jun 20, 2021	275417	14	1189	1815
Jun 21, 2021	274626	40	9834	487
Jun 22, 2021	273052	51	8703	2204
Jun 23, 2021	274208	33	8110	2320
Jun 24, 2021	276077	44	6920	2007
Jun 25, 2021	278345	33	6610	1986
Jun 26, 2021	280552	16	5037	2128
Jun 27, 2021	282791	21	1154	1578
Jun 28, 2021	282618	48	5999	509
Jun 29, 2021	280831	33	5501	2314
Jun 30, 2021	282980	25	4442	2457
Jul 01, 2021	285692	29	3846	2664
Jul 02, 2021	288625	24	3943	2683
Jul 03, 2021	290465	17	2831	3006
Jul 04, 2021	293123	9	672	2549
Jul 05, 2021	291578	36	3226	796
Jul 06, 2021	289136	34	3022	3585
Jul 07, 2021	292634	28	2010	4081
Jul 08, 2021	296636	25	3153	4442
Jul 09, 2021	301488	18	2599	4580
Jul 10, 2021	305689	19	1797	4696
Jul 11, 2021	310396	4	468	4256
Jul 12, 2021	314113	28	2200	1260
Jul 13, 2021	307159	54	2292	6950
Jul 14, 2021	313117	6	1953	8875
Jul 15, 2021	319725	16	1980	3617
Jul 16, 2021	325733	22	2112	10908
Jul 17, 2021	331908	16	1556	10949
Jul 18, 2021	337976	5	493	12532
Jul 19, 2021	336149	20	2309	4151
Jul 20, 2021	332022	33	2437	18181
Jul 21, 2021	337189	29	2631	21539
Jul 22, 2021	343473	11	2654	21909
Jul 23, 2021	351298	26	2995	19561
Jul 24, 2021	358418	25	2523	25624
Jul 25, 2021	363340	7	771	15242
Jul 26, 2021	361452	50	3579	5307
Jul 27, 2021	355713	31	4036	26871
Jul 28, 2021	361672	44	4414	27934
Jul 29, 2021	369967	32	4540	25190
Jul 30, 2021	377623	66	4667	24309
Jul 31, 2021	384878	47	4196	23471
Aug 01, 2021	391462	20	1217	19600
Aug 02, 2021	387153	56	6932	5184
Aug 03, 2021	378045	63	8824	26829
Aug 04, 2021	381030	59	3560	28784
Aug 05, 2021	388120	57	10855	26460
Aug 06, 2021	395959	66	10897	25077
Aug 07, 2021	402419	35	12472	25755
Aug 08, 2021	407670	33	4119	20450
Aug 09, 2021	400799	75	18151	5775
Aug 10, 2021	389843	75	21471	28576
Aug 11, 2021	392329	60	21841	30920
Aug 12, 2021	399182	85	19507	28554
Aug 13, 2021	408685	82	25547	26453
Aug 14, 2021	415482	56	15168	24427
Aug 15, 2021	424190	49	5256	21172
Aug 16, 2021	416076	107	26827	5829
Aug 17, 2021	405672	123	27837	28114
Aug 18, 2021	403690	124	25079	28405
Aug 19, 2021	415078	140	24197	23973
Aug 20, 2021	420059	92	23344	22319
Aug 21, 2021	423931	89	19517	22636
Aug 22, 2021	426481	49	5103	17300
Aug 23, 2021	418292	119	26785	5166
Aug 24, 2021	406109	169	28676	24853
Aug 25, 2021	404043	102	26307	23706
Aug 26, 2021	408043	110	24984	19683
Aug 27, 2021	411849	109	25432	18249
Aug 28, 2021	414264	85	20355	17590
Aug 29, 2021	415561	61	5701	13630
Aug 30, 2021	407594	112	28523	3795
Aug 31, 2021	396205	136	30822	19425
Sep 01, 2021	392352	86	28418	17621
Sep 02, 2021	394201	103	26320	15911
Sep 03, 2021	398730	93	24324	13466
Sep 04, 2021	398188	83	21079	13336
Sep 05, 2021	400217	49	5746	10410
Sep 06, 2021	396298	102	28065	3042
Sep 07, 2021	387312	152	28303	14534
Sep 08, 2021	388883	100	23821	12828
Sep 09, 2021	390722	103	22219	10969
Sep 10, 2021	393858	80	22533	9966
Sep 11, 2021	395345	46	17220	9601
Sep 12, 2021	395270	29	5120	7679
Sep 13, 2021	390567	86	24824	2062
Sep 14, 2021	382856	147	23620	10327
Sep 15, 2021	383818	79	19536	9144
Sep 16, 2021	383661	65	18170	8128
Sep 17, 2021	381216	66	17525	7373
Sep 18, 2021	375674	42	13564	7414
Sep 19, 2021	377120	28	3753	5814
Sep 20, 2021	373270	68	19397	1515
Sep 21, 2021	366669	153	17553	7851
Sep 22, 2021	368955	58	15758	6794
Sep 23, 2021	371151	62	13408	6229
Sep 24, 2021	373474	49	13274	5879
Sep 25, 2021	373412	29	10361	6012
Sep 26, 2021	375213	14	3013	4706
Sep 27, 2021	372893	92	14520	1309
Sep 28, 2021	368408	60	12736	6765
Sep 29, 2021	370163	42	10909	5835
Sep 30, 2021	371464	56	9924	5204
Oct 01, 2021	373518	46	9545	4935
Oct 02, 2021	372511	30	7633	4948
Oct 03, 2021	371576	9	2032	3744
Oct 04, 2021	367638	50	10318	1138
Oct 05, 2021	361002	75	9094	5558
Oct 06, 2021	360937	34	8053	4946
Oct 07, 2021	361304	34	7339	4615
Oct 08, 2021	362391	38	7380	4470
Oct 09, 2021	362313	15	5776	4734
Oct 10, 2021	361683	8	1500	3991
Oct 11, 2021	359230	30	7843	1120
Oct 12, 2021	354960	68	6764	5880
Oct 13, 2021	355870	23	6161	5578
Oct 14, 2021	356968	38	5856	5187
Oct 15, 2021	357862	34	5974	6099
Oct 16, 2021	357138	15	4672	4899
Oct 17, 2021	357392	5	1294	3778
Oct 18, 2021	355421	41	6760	1057
Oct 19, 2021	351920	49	5794	5934
Oct 20, 2021	352226	21	5155	6036
Oct 21, 2021	352867	35	4914	6127
Oct 22, 2021	353620	29	4913	6366
Oct 23, 2021	353803	23	3715	6291
Oct 24, 2021	353973	4	1115	5005
Oct 25, 2021	351446	41	5554	1295
Oct 26, 2021	348423	47	4905	6603
Oct 27, 2021	349031	34	4568	6528
Oct 28, 2021	350240	33	4436	6461
Oct 29, 2021	351194	27	4701	6433
Oct 30, 2021	351215	22	3964	7360
Oct 31, 2021	351386	12	1098	6329
Nov 01, 2021	349935	6	5868	1866
Nov 02, 2021	350830	74	5572	2039
Nov 03, 2021	347591	39	5113	10050
Nov 04, 2021	346815	47	6060	9502
Nov 05, 2021	347454	26	4852	8998
Nov 06, 2021	347702	25	3752	9605
Nov 07, 2021	348126	10	1032	8547
Nov 08, 2021	347067	55	5924	2197
Nov 09, 2021	344717	58	5981	12476
Nov 10, 2021	345412	33	6069	11883
Nov 11, 2021	346383	17	6333	12603
Nov 12, 2021	347410	48	6274	3860
Nov 13, 2021	348012	16	4957	14646
Nov 14, 2021	348792	17	1279	12496
Nov 15, 2021	347696	70	6586	3241
Nov 16, 2021	345441	47	6458	19778
Nov 17, 2021	344016	50	6414	20294
Nov 18, 2021	344876	52	6383	20366
Nov 19, 2021	346014	50	7308	21220
Nov 20, 2021	346870	23	6279	22678
Nov 21, 2021	347386	15	1843	19749
Nov 22, 2021	346287	94	2024	5266
Nov 23, 2021	344727	98	9956	30454
Nov 24, 2021	345663	81	9404	32591
Nov 25, 2021	347015	43	8917	33464
Nov 26, 2021	348582	60	9562	34436
Nov 27, 2021	349704	34	8487	37218
Nov 28, 2021	350375	23	2163	31648
Nov 29, 2021	349424	122	12453	8279
Nov 30, 2021	347669	115	11761	47177
Dec 01, 2021	348408	96	12488	49610
Dec 02, 2021	348778	103	3764	48416
Dec 03, 2021	349171	127	14543	49858
Dec 04, 2021	349483	49	12369	51624
Dec 05, 2021	349337	29	3192	42252
Dec 06, 2021	348385	192	19749	11308
Dec 07, 2021	346619	172	20102	59019
Dec 08, 2021	347296	133	20194	61340
Dec 09, 2021	348056	136	21087	56854
Dec 10, 2021	348563	150	-136	55339
Dec 11, 2021	349285	65	42277	53720
Dec 12, 2021	349683	48	5201	43848
Dec 13, 2021	348284	243	30406	12036
Dec 14, 2021	346803	158	32348	63405
Dec 15, 2021	347079	151	33306	65713
Dec 16, 2021	347548	188	34285	60866
Dec 17, 2021	347965	162	37030	58128
Dec 18, 2021	348549	85	31486	58536
Dec 19, 2021	348792	75	8194	48473
Dec 20, 2021	347654	224	47102	15075
Dec 21, 2021	346024	229	49386	72832
Dec 22, 2021	346815	170	48187	84272
Dec 23, 2021	348131	179	49688	91608
Dec 24, 2021	349823	167	51445	94124
Dec 25, 2021	351193	84	42085	104611
Dec 26, 2021	352451	96	11224	27697
Dec 27, 2021	353236	256	58923	30383
Dec 28, 2021	350254	290	61084	179807
Dec 29, 2021	353392	184	56564	208099
Dec 30, 2021	357756	180	55155	206243
Dec 31, 2021	364330	189	53540	232200
Jan 01, 2022	372474	110	43659	219126
Jan 02, 2022	379256	91	11926	58432
Jan 03, 2022	378810	270	63314	67461
Jan 04, 2022	378184	351	65443	271686
Jan 05, 2022	390294	246	60515	332252
Jan 06, 2022	407526	204	57882	261481
Jan 07, 2022	429604	193	58332	328214
Jan 08, 2022	452807	142	48280	303669
Jan 09, 2022	477527	90	14933	296097
Jan 10, 2022	481343	280	72742	93896
Jan 11, 2022	482305	341	83992	368149
Jan 12, 2022	505689	246	91267	361719
Jan 13, 2022	540096	225	93878	305322
Jan 14, 2022	573298	191	104386	329371
Jan 15, 2022	604016	148	27506	324580
Jan 16, 2022	627668	98	30235	278129
Jan 17, 2022	623020	296	179709	102144
Jan 18, 2022	605816	375	207803	464769
Jan 19, 2022	623775	231	205868	436167
Jan 20, 2022	641915	245	231969	425183
Jan 21, 2022	659830	233	218881	400851
Jan 22, 2022	671735	167	58199	389320
Jan 23, 2022	681414	115	67294	301614
Jan 24, 2022	660198	393	271571	108481
Jan 25, 2022	621353	467	331859	501635
Jan 26, 2022	618865	258	261014	428008
Jan 27, 2022	621832	268	327956	392168
Jan 28, 2022	627943	263	303401	353503
Jan 29, 2022	627993	178	295834	332398
Jan 30, 2022	623483	127	93718	249448
Jan 31, 2022	599195	348	368022	82657
Feb 01, 2022	565744	381	361371	416896
Feb 02, 2022	558146	276	304941	315363
Feb 03, 2022	555107	264	329095	274352
Feb 04, 2022	551239	355	324316	241049
Feb 05, 2022	547726	170	277774	214542
Feb 06, 2022	543562	129	101974	155439
Feb 07, 2022	525902	417	464640	46001
Feb 08, 2022	502867	691	435750	235267
Feb 09, 2022	482646	283	412530	179614
Feb 10, 2022	475686	310	412530	153025
Feb 11, 2022	476134	329	389010	131376
Feb 12, 2022	474114	161	301285	118611
Feb 13, 2022	472080	107	108320	86562
Feb 14, 2022	460863	385	501528	26475
Feb 15, 2022	447474	390	427623	142253
Feb 16, 2022	441464	276	391778	98735
Feb 17, 2022	439624	287	353227	92345
Feb 18, 2022	439529	304	332111	82553
Feb 19, 2022	440158	148	249144	76638
Feb 20, 2022	439120	114	82509	59003
Feb 21, 2022	433415	283	416896	17195
Feb 22, 2022	425972	285	319295	97382
Feb 23, 2022	423660	213	269738	66833
Feb 24, 2022	422545	281	240836	66732
Feb 25, 2022	421378	188	214261	58138
Feb 26, 2022	421107	101	155251	53623
Feb 27, 2022	419921	76	45900	42600
Feb 28, 2022	414888	232	235191	13483
Mar 01, 2022	408916	209	179382	79794
Mar 02, 2022	407135	186	152816	57697
Mar 03, 2022	405452	180	131190	60225
Mar 04, 2022	403945	181	118431	57789
Mar 05, 2022	402615	120	86381	53678
Mar 06, 2022	401178	32	26355	45328
Mar 07, 2022	397054	176	142221	14496
Mar 08, 2022	392889	167	98559	93050
Mar 09, 2022	392066	155	92178	69190
Mar 10, 2022	399987	107	82398	74818
Mar 11, 2022	391090	149	76531	72399
Mar 12, 2022	390974	51	58854	72443
Mar 13, 2022	390480	29	17144	60422
Mar 14, 2022	388569	185	97353	18853
Mar 15, 2022	386050	146	66648	116618
Mar 16, 2022	385686	173	66586	108832
Mar 17, 2022	385507	116	57965	101747
Mar 18, 2022	385218	112	53507	97579
Mar 19, 2022	385102	62	42488	98104
Mar 20, 2022	384827	30	13421	81283
Mar 21, 2022	383466	152	79764	24179
Mar 22, 2022	381652	133	57545	180777
Mar 23, 2022	380181	101	60092	145560
Mar 24, 2022	380386	124	57688	148635
Mar 25, 2022	380190	121	53554	143571
Mar 26, 2022	380213	67	45207	139517
Mar 27, 2022	380228	41	14429	110174
Mar 28, 2022	379235	149	93009	29455
Mar 29, 2022	378106	164	69041	217480
Mar 30, 2022	378148	149	74654	169024
Mar 31, 2022	378328	139	72250	169311
Apr 01, 2022	378710	134	72304	148629
Apr 02, 2022	378981	68	60288	132114
Apr 03, 2022	379164	31	18785	102266
Apr 04, 2022	378572	149	116587	27648
Apr 05, 2022	377846	129	108683	203021
Apr 06, 2022	377578	128	101618	161950
Apr 07, 2022	377597	105	97451	158792
Apr 08, 2022	377716	139	97999	148768
Apr 09, 2022	377928	87	81144	141690
Apr 10, 2022	377676	45	24092	107654
Apr 11, 2022	377014	178	180732	25492
Apr 12, 2022	376073	159	145382	190762
Apr 13, 2022	375496	152	148476	146426
Apr 14, 2022	375236	133	143419	137342
Apr 15, 2022	375061	151	139384	125394
Apr 16, 2022	374718	61	110023	111583
Apr 17, 2022	374977	35	29394	86650
Apr 18, 2022	375288	48	217445	19810
Apr 19, 2022	374766	182	168976	25465
Apr 20, 2022	374948	227	169129	155711
Apr 21, 2022	375069	185	148402	104007
Apr 22, 2022	375246	146	131929	88389
Apr 23, 2022	375414	75	102120	80571
Apr 24, 2022	375505	40	27573	58954
Apr 25, 2022	375229	197	202981	13984
Apr 26, 2022	374882	170	161753	97498
Apr 27, 2022	375257	152	158622	67711
Apr 28, 2022	375666	132	148616	59760
Apr 29, 2022	376084	158	141558	52919
Apr 30, 2022	376325	61	107496	49482
May 01, 2022	376445	32	25431	36726
May 02, 2022	376106	180	190730	8737
May 03, 2022	376183	120	146246	67017
May 04, 2022	376260	114	137222	47925
May 05, 2022	376337	122	125280	44225
May 06, 2022	376414	110	111461	40224
May 07, 2022	376491	62	86540	37958
May 08, 2022	376568	54	19748	29324
May 09, 2022	376648	132	25411	7354
May 10, 2022	376294	123	155579	56449
May 11, 2022	376453	96	103884	40299
May 12, 2022	376919	84	88293	36047
May 13, 2022	376557	98	80487	32773
May 14, 2022	376600	74	58856	30459
May 15, 2022	376971	21	13984	22844
May 16, 2022	377729	126	97403	5936
May 17, 2022	377404	90	67585	43727
May 18, 2022	377900	80	59670	29995
May 19, 2022	378364	67	52839	27842
May 20, 2022	378732	65	49415	24332
May 21, 2022	379259	44	36661	22507
May 22, 2022	379949	11	8737	16965
May 23, 2022	380338	82	66962	4386
May 24, 2022	380196	88	47843	32029
May 25, 2022	381273	51	44137	22006
May 26, 2022	382420	28	40173	21234
May 27, 2022	383378	45	37930	4811
May 28, 2022	384656	23	29279	23582
May 29, 2022	385670	14	7354	16440
May 30, 2022	385210	85	56412	4673
May 31, 2022	385210	76	40214	35142
Jun 01, 2022	385896	58	35971	26144
Jun 02, 2022	387795	41	32715	25365
Jun 03, 2022	389848	38	30418	25130
Jun 04, 2022	391918	34	22806	25172
Jun 05, 2022	393576	10	5936	20542
Jun 06, 2022	393198	9	43727	6184
Jun 07, 2022	391619	74	29942	11627
Jun 08, 2022	394652	77	27768	53802
Jun 09, 2022	397839	42	24255	40151
Jun 10, 2022	401996	39	-42	17152
Jun 11, 2022	406343	0	39433	0
Jun 12, 2022	410410	0	4386	79397
Jun 13, 2022	409781	92	32029	8474
Jun 14, 2022	407426	57	21914	65425
Jun 15, 2022	412272	49	21177	51954
Jun 16, 2022	418064	49	4762	53081
Jun 17, 2022	424341	43	23533	50605
Jun 18, 2022	430771	19	-43	50266
Jun 19, 2022	436675	3	16440	40125
Jun 20, 2022	435077	45	39793	11566
Jun 21, 2022	430336	56	26099	95217
Jun 22, 2022	438004	66	25309	77967
Jun 23, 2022	447968	40	25064	79852
Jun 24, 2022	458888	49	25132	79262
Jun 25, 2022	470229	30	-49	80926
Jun 26, 2022	480697	11	20542	66301
Jun 27, 2022	486576	48	17770	17601
Jun 28, 2022	473390	37	53754	147248
Jun 29, 2022	485188	48	40114	124724
Jun 30, 2022	499548	42	17104	133346
Jul 01, 2022	515929	52	-42	125066
Jul 02, 2022	530656	30	-52	122639
Jul 03, 2022	544566	14	79397	96191
Jul 04, 2022	538007	97	73899	24418
Jul 05, 2022	524065	75	51813	206554
Jul 06, 2022	535786	53	53006	154615
Jul 07, 2022	551362	89	50552	161265
Jul 08, 2022	569554	74	50177	140997
Jul 09, 2022	587092	39	-74	116405
Jul 10, 2022	619232	15	40125	110589
Jul 11, 2022	628566	108	106783	24343
Jul 12, 2022	569976	126	77805	182006
Jul 13, 2022	581518	109	79726	127642
Jul 14, 2022	597136	54	79153	119285
Jul 15, 2022	612199	108	80872	23027
Jul 16, 2022	623517	59	66193	124009
Jul 17, 2022	632079	26	17601	73668
Jul 18, 2022	614896	174	147163	17733
Jul 19, 2022	588570	144	124550	134188
Jul 20, 2022	591590	125	133202	89982
Jul 21, 2022	598511	133	124941	80869
Jul 22, 2022	606673	113	122506	74348
Jul 23, 2022	614250	57	96078	68532
Jul 24, 2022	642684	23	24418	50032
Jul 25, 2022	592855	130	206474	11195
Jul 26, 2022	564350	119	154485	87562
Jul 27, 2022	564053	103	161146	58638
Jul 28, 2022	564295	112	140894	51594
Jul 29, 2022	566203	89	116293	45515
Jul 30, 2022	566988	55	110500	41274
Jul 31, 2022	564817	20	24343	31535
Aug 01, 2022	545608	121	181931	7249
Aug 02, 2022	520336	101	127521	54519
Aug 03, 2022	514873	90	119184	38788
Aug 04, 2022	511047	87	22937	33799
Aug 05, 2022	511270	80	123922	30592
Aug 06, 2022	511460	45	73588	28518
Aug 07, 2022	507596	20	17733	21528
Aug 08, 2022	494274	109	134123	5090
Aug 09, 2022	477523	111	89873	38230
Aug 10, 2022	475341	88	80758	27081
Aug 11, 2022	474153	80	74260	24312
Aug 12, 2022	473846	74	68452	22638
Aug 13, 2022	474006	0	49958	21175
Aug 14, 2022	472733	0	11195	16347
Aug 15, 2022	464344	65	87562	4564
Aug 16, 2022	451952	113	58573	6331
Aug 17, 2022	450287	93	51481	35745
Aug 18, 2022	448751	92	45422	23605
Aug 19, 2022	447858	74	41182	20236
Aug 20, 2022	446525	40	31461	19870
Aug 21, 2022	444902	0	7249	14820
Aug 22, 2022	438693	76	54479	4012
Aug 23, 2022	430641	88	38712	28988
Aug 24, 2022	429602	57	33711	21289
Aug 25, 2022	428577	44	30535	19837
Aug 26, 2022	428309	51	28474	18116
Aug 27, 2022	427865	23	21477	17833
Aug 28, 2022	426885	9	5090	14110
Aug 29, 2022	423084	78	38198	3806
Aug 30, 2022	418067	72	27003	27358
Aug 31, 2022	417380	54	24240	19240
Sep 01, 2022	417216	41	22584	18646
Sep 02, 2022	416957	55	21134	16399
Sep 03, 2022	416704	14	16292	15597
Sep 04, 2022	415779	3	4564	12894
Sep 05, 2022	413210	67	6314	3443
Sep 06, 2022	410091	60	35678	26918
Sep 07, 2022	409838	46	23545	20142
Sep 08, 2022	409763	58	20190	19866
Sep 09, 2022	409726	31	19812	19087
Sep 10, 2022	409802	15	14789	19517
Sep 11, 2022	409552	6	4012	16422
Sep 12, 2022	407724	40	28967	4579
Sep 13, 2022	405542	49	21249	41850
Sep 14, 2022	405737	33	19788	33575
Sep 15, 2022	406058	33	18083	33263
Sep 16, 2022	406138	28	17800	28686
Sep 17, 2022	404345	11	14082	33162
Sep 18, 2022	403184	2	3806	23137
Sep 19, 2022	401460	58	27345	5219
Sep 20, 2022	401646	48	19182	51816
Sep 21, 2022	401969	33	18598	38250
Sep 22, 2022	401969	30	16366	38464
Sep 23, 2022	402336	33	15567	37524
Sep 24, 2022	402178	14	12861	38024
Sep 25, 2022	401231	8	3443	31365
Sep 26, 2022	401231	51	26896	7489
Sep 27, 2022	400165	40	20091	73639
Sep 28, 2022	400470	45	19826	53410
Sep 29, 2022	400470	33	19042	51366
Sep 30, 2022	401157	34	19484	48261
Oct 01, 2022	401259	17	16388	46596
Oct 02, 2022	401057	7	4579	37453
Oct 03, 2022	401057	62	41826	8690
Oct 04, 2022	398979	74	33513	89185
Oct 05, 2022	398986	47	33189	66564
Oct 06, 2022	398922	50	28639	65537
Oct 07, 2022	398882	53	33112	61121
Oct 08, 2022	398882	26	23084	57270
Oct 09, 2022	398882	8	5219	42626
Oct 10, 2022	398193	79	51782	9373
Oct 11, 2022	397481	85	38171	94753
Oct 12, 2022	397429	55	38379	67948
Oct 13, 2022	397555	62	37469	64218
Oct 14, 2022	397600	79	37962	58695
Oct 15, 2022	397626	35	31286	55394
Oct 16, 2022	397532	17	7489	41973
Oct 17, 2022	397532	112	73587	9421
Oct 18, 2022	396571	101	53298	87666
Oct 19, 2022	396571	106	51265	63031
Oct 20, 2022	396714	69	48155	56793
Oct 21, 2022	396909	81	46527	49087
Oct 22, 2022	396909	33	37372	43746
Oct 23, 2022	396706	17	8690	31470
Oct 24, 2022	396706	122	89135	6907
Oct 25, 2022	396258	131	66442	59653
Oct 26, 2022	396448	60	65406	41185
Oct 27, 2022	396645	71	61061	37089
Oct 28, 2022	396645	61	57199	25783
Oct 29, 2022	396645	41	42565	22723
Oct 30, 2022	396936	9	9373	16456
Oct 31, 2022	396936	112	94703	3768
Nov 01, 2022	396588	53	67836	29525
Nov 02, 2022	396854	97	64165	5691
Nov 03, 2022	396854	55	58598	42025
Nov 04, 2022	396920	78	55339	29438
Nov 05, 2022	396920	34	41895	26840
Nov 06, 2022	396920	9	0	21178
Nov 07, 2022	396569	109	97044	3645
Nov 08, 2022	396569	117	62922	40591
Nov 09, 2022	396569	72	56676	28702
Nov 10, 2022	397346	53	49015	27068
Nov 11, 2022	397706	33	43693	26353
Nov 12, 2022	397706	15	31437	5577
Nov 13, 2022	397706	2	6907	27155
Nov 14, 2022	397706	100	59636	6017
Nov 15, 2022	398045	110	41085	48971
Nov 16, 2022	398045	71	36979	34878
Nov 17, 2022	398045	87	25712	33331
Nov 18, 2022	398045	74	22636	37177
Nov 19, 2022	398045	75	16382	47088
Nov 20, 2022	398045	6	3768	14204
Nov 21, 2022	398045	94	29444	29335
Nov 22, 2022	399452	89	5597	64772
Nov 23, 2022	398892	84	41936	49188
Nov 24, 2022	398892	60	-84	50530
Nov 25, 2022	398892	68	56218	48629
Nov 26, 2022	398892	29	21110	48331
Nov 27, 2022	398892	8	3645	37675
Nov 28, 2022	398892	95	40554	9304
Nov 29, 2022	398892	88	28607	91814
Nov 30, 2022	401508	91	26980	68382
Dec 01, 2022	401508	76	26262	69253
Dec 02, 2022	401508	67	5501	59008
Dec 03, 2022	401508	38	27088	52908
Dec 04, 2022	401508	10	6017	40006
Dec 05, 2022	401508	104	48923	10591
Dec 06, 2022	407602	117	34774	105516
Dec 07, 2022	409148	93	33214	75752
Dec 08, 2022	411237	62	37084	71597
Dec 09, 2022	413503	94	47026	65509
Dec 10, 2022	413503	62	14110	61482
Dec 11, 2022	413503	30	29335	46422
Dec 12, 2022	413503	167	64680	10878
Dec 13, 2022	416508	138	49021	97037
Dec 14, 2022	417025	114	50392	70224
Dec 15, 2022	419716	106	48515	62541
Dec 16, 2022	419716	131	48225	56361
Dec 17, 2022	427718	45	37544	52544
Dec 18, 2022	427718	35	9304	37264
Dec 19, 2022	427718	178	91734	8213
Dec 20, 2022	423213	130	68204	71212
Dec 21, 2022	425637	127	69123	54613
Dec 22, 2022	429827	120	58881	49517
Dec 23, 2022	434009	158	52788	43766
Dec 24, 2022	438202	58	39848	40744
Dec 25, 2022	438202	24	0	23681
Dec 26, 2022	435864	133	10591	5429
Dec 27, 2022	432955	208	105516	30989
Dec 28, 2022	432955	140	147349	26081
Dec 29, 2022	435111	132	64946	24436
Dec 30, 2022	435111	115	61350	23808
Dec 31, 2022	435111	52	46307	21836
Jan 01, 2023	435111	28	10878	15005
Jan 02, 2023	432331	172	96957	2246
Jan 03, 2023	432331	163	70052	22916
Jan 04, 2023	431721	123	62378	14105
Jan 05, 2023	431721	143	56238	11537
Jan 06, 2023	436245	126	52401	10383
Jan 07, 2023	436245	54	37264	8961
Jan 08, 2023	441285	22	8213	6557
Jan 09, 2023	438180	145	71010	1702
Jan 10, 2023	433243	115	54468	11715
Jan 11, 2023	433243	88	49402	7635
Jan 12, 2023	437033	53	43678	7159
Jan 13, 2023	439396	101	40691	6238
Jan 14, 2023	441464	27	23580	5429
Jan 15, 2023	441464	9	5429	4166
Jan 16, 2023	438481	80	30953	1235
Jan 17, 2023	433335	99	26001	8381
Jan 18, 2023	433400	82	24337	5894
Jan 19, 2023	435175	64	23726	4992
Jan 20, 2023	436235	44	21772	4475
Jan 21, 2023	437547	54	14961	4324
Jan 22, 2023	438007	9	2246	3477
Jan 23, 2023	434721	134	22853	1027
Jan 24, 2023	429971	59	13971	7263
Jan 25, 2023	430695	0	11478	5347
Jan 26, 2023	432440	28	10383	5287
Jan 27, 2023	432440	44	8933	4681
Jan 28, 2023	433970	0	6513	4513
Jan 29, 2023	436198	0	1702	3802
Jan 30, 2023	433165	96	11715	982
Jan 31, 2023	429421	57	7539	6860
Feb 01, 2023	429421	53	7102	4506
Feb 02, 2023	430870	52	6185	4021
Feb 03, 2023	431766	28	0	3618
Feb 04, 2023	431766	21	5429	3312
Feb 05, 2023	431766	0	4166	2632
Feb 06, 2023	430212	40	9616	718
Feb 07, 2023	426507	42	5753	4999
Feb 08, 2023	423703	31	4950	3991
Feb 09, 2023	425723	17	4444	3653
Feb 10, 2023	427446	20	4307	3366
Feb 11, 2023	427446	0	3457	3187
Feb 12, 2023	427446	0	1027	2469
Feb 13, 2023	427446	50	7263	706
Feb 14, 2023	424718	35	5297	4986
Feb 15, 2023	426163	35	5252	3972
Feb 16, 2023	426163	27	4646	4021
Feb 17, 2023	426163	28	4486	3589
Feb 18, 2023	426163	0	3774	4236
Feb 19, 2023	431483	0	982	2999
Feb 20, 2023	431483	47	6860	898
Feb 21, 2023	426824	32	4459	5774
Feb 22, 2023	427471	38	3989	4584
Feb 23, 2023	428609	19	3580	4489
Feb 24, 2023	429924	29	3293	3917
Feb 25, 2023	429924	0	2603	3843
Feb 26, 2023	429924	0	718	2942
Feb 27, 2023	430302	52	4999	841
Feb 28, 2023	427527	34	3939	5651
Mar 01, 2023	427527	25	3619	4525
Mar 02, 2023	429951	21	3341	4196
Mar 03, 2023	429951	21	3166	3194
Mar 04, 2023	433173	0	2448	4013
Mar 05, 2023	433173	0	0	0
Mar 06, 2023	430782	43	5692	953
Mar 07, 2023	428448	0	-43	0
Mar 08, 2023	428448	0	3972	0
Mar 09, 2023	429848	0	4021	0
Mar 10, 2023	431317	90	7825	6188
Mar 11, 2023	431317	0	2909	6072
Mar 12, 2023	434181	0	898	4558
Mar 13, 2023	428924	50	5774	1235
Mar 14, 2023	428924	27	4534	9937
Mar 15, 2023	430181	24	4462	8348
Mar 16, 2023	431414	24	3893	7932
Mar 17, 2023	432910	26	3819	7228
Mar 18, 2023	433988	0	2916	7210
Mar 19, 2023	434718	0	841	5459
Mar 20, 2023	432183	63	5651	1470
Mar 21, 2023	429037	35	4462	11519
Mar 22, 2023	426284	13	4161	9762
Mar 23, 2023	427298	29	3181	9249
Mar 24, 2023	427298	15	3984	8839
Mar 25, 2023	430607	0	-15	8435
Mar 26, 2023	430607	0	953	6211
Mar 27, 2023	428220	65	0	7
Mar 28, 2023	425331	39	-65	12933
Mar 29, 2023	425331	36	-39	10885
Mar 30, 2023	426850	0	-36	0
Mar 31, 2023	429207	69	12260	9211
Apr 01, 2023	429207	0	4489	8455
Apr 02, 2023	429207	0	1235	6027
Apr 03, 2023	428660	58	9937	1453
Apr 04, 2023	426048	0	-58	0
Apr 05, 2023	425947	58	16280	9922
Apr 06, 2023	425851	35	7170	9374
Apr 07, 2023	426027	28	7175	8786
Apr 08, 2023	424611	0	5431	7739
Apr 09, 2023	423050	0	1470	6474
Apr 10, 2023	421015	0	11519	1342
Apr 11, 2023	418566	0	9762	1884
Apr 12, 2023	419055	59	9249	14207
Apr 13, 2023	419055	0	8780	10678
Apr 14, 2023	419870	108	8435	9467
Apr 15, 2023	420462	0	6103	8595
Apr 16, 2023	420739	0	7	5805
Apr 17, 2023	419253	0	12933	1411
Apr 18, 2023	417934	140	10885	10616
Apr 19, 2023	418884	0	-140	8807
Apr 20, 2023	419937	0	9211	8201
Apr 21, 2023	421001	125	8455	7400
Apr 22, 2023	421798	0	5902	6796
Apr 23, 2023	422205	0	1453	5008
Apr 24, 2023	421060	0	0	1185
Apr 25, 2023	419443	136	9922	8895
Apr 26, 2023	419903	0	9238	7490
Apr 27, 2023	420491	0	8786	6609
Apr 28, 2023	421230	131	7739	6144
Apr 29, 2023	421230	0	6343	5642
Apr 30, 2023	422543	0	1342	4030
May 01, 2023	421316	0	1884	1098
May 02, 2023	419846	89	14207	1065
May 03, 2023	420144	0	10589	8715
May 04, 2023	420466	0	9467	6161
May 05, 2023	420790	166	8595	5505
May 06, 2023	421127	0	5639	5103
May 07, 2023	421420	0	1411	3301
May 08, 2023	420269	0	10616	759
May 09, 2023	418803	51	8807	1044
May 10, 2023	419126	0	8150	6708
May 11, 2023	419631	0	0	0
May 12, 2023	419116	108	14196	9003
May 13, 2023	419116	0	4900	3706
May 14, 2023	419116	0	1185	2563
May 15, 2023	419116	0	8895	623
May 16, 2023	418584	82	7490	5118
May 17, 2023	418655	0	6527	4149
May 18, 2023	418850	0	0	0
May 19, 2023	419335	0	6144	0
May 20, 2023	419760	0	5642	0
May 21, 2023	420089	0	4030	0
May 22, 2023	419120	76	2163	677
May 23, 2023	418040	79	8639	5901
May 24, 2023	418496	0	6082	4905
May 25, 2023	418683	0	5505	4220
May 26, 2023	418487	56	5103	3724
May 27, 2023	418291	0	3245	3317
May 28, 2023	418095	0	759	2284
May 29, 2023	417899	0	1044	592
May 30, 2023	417703	48	6708	902
May 31, 2023	417507	0	-48	5210
Jun 01, 2023	417311	0	9003	3735
Jun 02, 2023	416947	62	3706	3204
Jun 03, 2023	416582	0	2501	2797
Jun 04, 2023	416218	0	623	2082
Jun 05, 2023	415854	0	5118	443
Jun 06, 2023	415489	51	4149	3590
Jun 07, 2023	415125	0	-51	2762
Jun 08, 2023	414761	0	0	2603
Jun 09, 2023	414397	56	0	2357
Jun 10, 2023	414032	0	-56	2135
Jun 11, 2023	413668	0	677	1282
Jun 12, 2023	413642	0	5901	332
Jun 13, 2023	413614	28	4905	2631
Jun 14, 2023	413752	0	4192	2069
Jun 15, 2023	413752	0	3724	545
Jun 16, 2023	413934	40	3317	2895
Jun 17, 2023	413781	0	2244	1482
Jun 18, 2023	413572	0	592	1080
Jun 19, 2023	413373	0	902	270
Jun 20, 2023	413449	45	5210	2071
Jun 21, 2023	413396	0	3690	1702
Jun 22, 2023	413420	0	3204	1420
Jun 23, 2023	413420	23	2797	1232
Jun 24, 2023	413450	0	2059	1217
Jun 25, 2023	413435	0	443	776
Jun 26, 2023	413641	0	3590	213
Jun 27, 2023	413684	26	2762	1680
Jun 28, 2023	413728	0	2577	1148
Jun 29, 2023	413771	0	2357	1106
Jun 30, 2023	413812	0	2135	1106
Jul 01, 2023	413856	0	0	0
Jul 02, 2023	413899	0	1282	0
Jul 03, 2023	413943	0	332	0
Jul 04, 2023	413980	0	2631	0
Jul 05, 2023	414018	0	2069	0
Jul 06, 2023	414057	0	545	0
Jul 07, 2023	414095	0	2895	0
Jul 08, 2023	414133	0	1482	0
Jul 09, 2023	414171	0	1080	0
Jul 10, 2023	414209	0	270	0
Jul 11, 2023	414251	0	2071	0
Jul 12, 2023	414292	0	1702	0
Jul 13, 2023	414334	0	1420	0
Jul 14, 2023	414376	0	1232	0
Jul 15, 2023	414418	0	1217	0
Jul 16, 2023	414459	0	776	0
Jul 17, 2023	414501	0	213	0
Jul 18, 2023	414521	0	1680	0
Jul 19, 2023	414541	0	1148	0
Jul 20, 2023	414561	0	1106	0
Jul 21, 2023	414582	0	1106	0
Jul 22, 2023	414603	0	0	0
Jul 23, 2023	414623	0	0	0
Jul 24, 2023	414643	0	0	0
Jul 25, 2023	414700	0	0	0
Jul 26, 2023	414758	0	0	0
Jul 27, 2023	414815	0	0	0
Jul 28, 2023	414874	0	0	0
Jul 29, 2023	414931	0	0	0
Jul 30, 2023	414989	0	0	0
Jul 31, 2023	414862	0	0	0
Aug 01, 2023	414849	0	0	0
Aug 02, 2023	414849	0	0	0
Aug 03, 2023	414849	0	0	0
Aug 04, 2023	414849	0	0	0
Aug 05, 2023	414849	0	0	0
Aug 06, 2023	414849	0	0	0
Aug 07, 2023	419611	0	0	0
Aug 08, 2023	419611	0	0	0
Aug 09, 2023	419611	0	0	0
Aug 10, 2023	419611	0	0	0
Aug 11, 2023	419611	0	0	0
Aug 12, 2023	419611	0	0	0
Aug 13, 2023	419611	0	0	0
Aug 14, 2023	426343	0	0	0
Aug 15, 2023	426343	0	0	0
Aug 16, 2023	426343	0	0	0
Aug 17, 2023	426343	0	0	0
Aug 18, 2023	426343	0	0	0
Aug 19, 2023	426343	0	0	0
Aug 20, 2023	426343	0	0	0
Aug 21, 2023	434156	0	0	0
Aug 22, 2023	434156	0	0	0
Aug 23, 2023	434156	0	0	0
Aug 24, 2023	434156	0	0	0
Aug 25, 2023	434156	0	0	0
Aug 26, 2023	434156	0	0	0
Aug 27, 2023	434156	0	0	0
Aug 28, 2023	443200	0	0	0
Aug 29, 2023	443200	0	0	0
Aug 30, 2023	443200	0	0	0
Aug 31, 2023	443200	0	0	0
Sep 01, 2023	443200	0	0	0
Sep 02, 2023	443200	0	0	0
Sep 03, 2023	443200	0	0	0
Sep 04, 2023	452826	0	0	0
Sep 05, 2023	452826	0	0	0
Sep 06, 2023	452826	0	0	0
Sep 07, 2023	452826	0	0	0
Sep 08, 2023	452826	0	0	0
Sep 09, 2023	452826	0	0	0
Sep 10, 2023	452826	0	0	0
Sep 11, 2023	459891	0	0	0
Sep 12, 2023	459891	0	0	0
Sep 13, 2023	459891	0	0	0
Sep 14, 2023	459891	0	0	0
Sep 15, 2023	459891	0	0	0
Sep 16, 2023	459891	0	0	0
Sep 17, 2023	459891	0	0	0
Sep 18, 2023	464662	0	0	0
Sep 19, 2023	464662	0	0	0
Sep 20, 2023	464662	0	0	0
Sep 21, 2023	464662	0	0	0
Sep 22, 2023	464662	0	0	0
Sep 23, 2023	464662	0	0	0
Sep 24, 2023	464662	0	0	0
Sep 25, 2023	466717	0	0	0
Sep 26, 2023	466717	0	0	0
Sep 27, 2023	466717	0	0	0
Sep 28, 2023	466717	0	0	0
Sep 29, 2023	466717	0	0	0
Sep 30, 2023	466717	0	0	0
Oct 01, 2023	466717	0	0	0
Oct 02, 2023	466954	0	0	0
Oct 03, 2023	466954	0	0	0
Oct 04, 2023	466954	0	0	0
Oct 05, 2023	466954	0	0	0
Oct 06, 2023	466954	0	0	0
Oct 07, 2023	466954	0	0	0
Oct 08, 2023	466954	0	0	0
Oct 09, 2023	467120	0	0	0
Oct 10, 2023	467120	0	0	0
Oct 11, 2023	467120	0	0	0
Oct 12, 2023	467120	0	0	0
Oct 13, 2023	467120	0	0	0
Oct 14, 2023	467120	0	0	0
Oct 15, 2023	467120	0	0	0
Oct 16, 2023	467270	0	0	0
Oct 17, 2023	467270	0	0	0
Oct 18, 2023	467270	0	0	0
Oct 19, 2023	467270	0	0	0
Oct 20, 2023	467270	0	0	0
Oct 21, 2023	467270	0	0	0
Oct 22, 2023	467270	0	0	0
Oct 23, 2023	467359	0	0	0
Oct 24, 2023	467359	0	0	0
Oct 25, 2023	467359	0	0	0
Oct 26, 2023	467359	0	0	0
Oct 27, 2023	467359	0	0	0
Oct 28, 2023	467359	0	0	0
Oct 29, 2023	467359	0	0	0
Oct 30, 2023	467417	0	0	0
Oct 31, 2023	467417	0	0	0
Nov 01, 2023	467417	0	0	0
Nov 02, 2023	467417	0	0	0
Nov 03, 2023	467417	0	0	0
Nov 04, 2023	467417	0	0	0
Nov 05, 2023	467417	0	0	0
Nov 06, 2023	467504	0	0	0
Nov 07, 2023	467504	0	0	0
Nov 08, 2023	467504	0	0	0
Nov 09, 2023	467504	0	0	0
Nov 10, 2023	467504	0	0	0
Nov 11, 2023	467504	0	0	0
Nov 12, 2023	467504	0	0	0
Nov 13, 2023	467557	0	0	0
Nov 14, 2023	467557	0	0	0
Nov 15, 2023	467557	0	0	0
Nov 16, 2023	467557	0	0	0
Nov 17, 2023	467557	0	0	0
Nov 18, 2023	467557	0	0	0
Nov 19, 2023	467557	0	0	0
Nov 20, 2023	467618	0	0	0
Nov 21, 2023	467618	0	0	0
Nov 22, 2023	467618	0	0	0
Nov 23, 2023	467618	0	0	0
Nov 24, 2023	467618	0	0	0
Nov 25, 2023	467618	0	0	0
Nov 26, 2023	467617	0	0	0
Nov 27, 2023	467617	0	0	0
Nov 28, 2023	467617	0	0	0
Nov 29, 2023	467617	0	0	0
Nov 30, 2023	467617	0	0	0
Dec 01, 2023	467617	0	0	0
Dec 02, 2023	467617	0	0	0
Dec 03, 2023	467713	0	0	0
Dec 04, 2023	467713	0	0	0
Dec 05, 2023	467713	0	0	0
Dec 06, 2023	467713	0	0	0
Dec 07, 2023	467713	0	0	0
Dec 08, 2023	467713	0	0	0
Dec 09, 2023	467713	0	0	0
Dec 10, 2023	467813	0	0	0
Dec 11, 2023	467813	0	0	0
Dec 12, 2023	467813	0	0	0
Dec 13, 2023	467813	0	0	0
Dec 14, 2023	467813	0	0	0
Dec 15, 2023	467813	0	0	0
Dec 16, 2023	467813	0	0	0
Dec 17, 2023	467924	0	0	0
Dec 18, 2023	467924	0	0	0
Dec 19, 2023	467924	0	0	0
Dec 20, 2023	467924	0	0	0
Dec 21, 2023	467924	0	0	0
Dec 22, 2023	467924	0	0	0
Dec 23, 2023	467924	0	0	0
Dec 24, 2023	467982	0	0	0
Dec 25, 2023	467982	0	0	0
Dec 26, 2023	467982	0	0	0
Dec 27, 2023	467982	0	0	0
Dec 28, 2023	467982	0	0	0
Dec 29, 2023	467982	0	0	0
Dec 30, 2023	467982	0	0	0
Dec 31, 2023	467986	0	0	0
Jan 01, 2024	467986	0	0	0
Jan 02, 2024	467986	0	0	0
Jan 03, 2024	467986	0	0	0
Jan 04, 2024	467986	0	0	0
Jan 05, 2024	467986	0	0	0
Jan 06, 2024	467986	0	0	0
Jan 07, 2024	467986	0	0	0
Jan 08, 2024	467986	0	0	0
Jan 09, 2024	467986	0	0	0
Jan 10, 2024	467986	0	0	0
Jan 11, 2024	467986	0	0	0
Jan 12, 2024	467986	0	0	0
Jan 13, 2024	467986	0	0	0
Jan 14, 2024	467986	0	0	0
Jan 15, 2024	467986	0	0	0
Jan 16, 2024	467986	0	0	0
Jan 17, 2024	467986	0	0	0
Jan 18, 2024	467986	0	0	0
Jan 19, 2024	467986	0	0	0
Jan 20, 2024	467986	0	0	0
Jan 21, 2024	467986	0	0	0
Jan 22, 2024	467986	0	0	0
Jan 23, 2024	467986	0	0	0
Jan 24, 2024	467986	0	0	0
Jan 25, 2024	467986	0	0	0
Jan 26, 2024	467986	0	0	0
Jan 27, 2024	467986	0	0	0
Jan 28, 2024	467986	0	0	0
Jan 29, 2024	467986	0	0	0
Jan 30, 2024	467986	0	0	0
Jan 31, 2024	467986	0	0	0
Feb 01, 2024	467986	0	0	0
Feb 02, 2024	467986	0	0	0
Feb 03, 2024	467986	0	0	0
Feb 04, 2024	467986	0	0	0
Feb 05, 2024	467986	0	0	0
Feb 06, 2024	467986	0	0	0
Feb 07, 2024	467986	0	0	0
Feb 08, 2024	467986	0	0	0
Feb 09, 2024	467986	0	0	0
Feb 10, 2024	467986	0	0	0
Feb 11, 2024	467986	0	0	0
Feb 12, 2024	467986	0	0	0
Feb 13, 2024	467986	0	0	0
Feb 14, 2024	467986	0	0	0
Feb 15, 2024	467986	0	0	0
Feb 16, 2024	467986	0	0	0
Feb 17, 2024	467986	0	0	0
Feb 18, 2024	467986	0	0	0
Feb 19, 2024	467986	0	0	0
Feb 20, 2024	467986	0	0	0
Feb 21, 2024	467986	0	0	0
Feb 22, 2024	467986	0	0	0
Feb 23, 2024	467986	0	0	0
Feb 24, 2024	467986	0	0	0
Feb 25, 2024	467986	0	0	0
Feb 26, 2024	467986	0	0	0
Feb 27, 2024	467986	0	0	0
Feb 28, 2024	467986	0	0	0
Feb 29, 2024	467986	0	0	0
Mar 01, 2024	467986	0	0	0
Mar 02, 2024	467986	0	0	0
Mar 03, 2024	467986	0	0	0
Mar 04, 2024	467986	0	0	0
Mar 05, 2024	467986	0	0	0
Mar 06, 2024	467986	0	0	0
Mar 07, 2024	467986	0	0	0
Mar 08, 2024	467986	0	0	0
Mar 09, 2024	467986	0	0	0
Mar 10, 2024	467986	0	0	0
Mar 11, 2024	467986	0	0	0
Mar 12, 2024	467986	0	0	0
Mar 13, 2024	467986	0	0	0
Mar 14, 2024	467986	0	0	0
Mar 15, 2024	467986	0	0	0
Mar 16, 2024	467986	0	0	0
Mar 17, 2024	467986	0	0	0
Mar 18, 2024	467986	0	0	0
Mar 19, 2024	467986	0	0	0
Mar 20, 2024	467986	0	0	0
Mar 21, 2024	467986	0	0	0
Mar 22, 2024	467986	0	0	0
Mar 23, 2024	467986	0	0	0
