Feb 15, 2020	0	null	null	null
Feb 16, 2020	0	0	0	0
Feb 17, 2020	0	0	1	0
Feb 18, 2020	0	0	2	0
Feb 19, 2020	0	0	0	0
Feb 20, 2020	0	0	0	0
Feb 21, 2020	0	0	0	0
Feb 22, 2020	0	0	3	0
Feb 23, 2020	0	0	0	0
Feb 24, 2020	0	0	1	0
Feb 25, 2020	0	0	0	2
Feb 26, 2020	0	0	0	4
Feb 27, 2020	1	0	0	19
Feb 28, 2020	2	0	0	18
Feb 29, 2020	7	0	1	39
Mar 01, 2020	10	0	0	27
Mar 02, 2020	18	0	0	56
Mar 03, 2020	23	0	0	20
Mar 04, 2020	38	0	0	67
Mar 05, 2020	81	0	0	126
Mar 06, 2020	127	0	0	209
Mar 07, 2020	185	5	0	269
Mar 08, 2020	261	3	0	236
Mar 09, 2020	317	11	0	185
Mar 10, 2020	377	3	0	338
Mar 11, 2020	498	15	0	452
Mar 12, 2020	602	13	0	540
Mar 13, 2020	790	18	0	714
Mar 14, 2020	937	12	0	761
Mar 15, 2020	1109	36	0	840
Mar 16, 2020	1368	21	0	1100
Mar 17, 2020	1645	27	590	997
Mar 18, 2020	1973	89	0	1277
Mar 19, 2020	2352	108	693	1691
Mar 20, 2020	2856	78	292	1469
Mar 21, 2020	3450	112	0	1678
Mar 22, 2020	3989	112	613	1417
Mar 23, 2020	4471	186	0	3488
Mar 24, 2020	5202	240	1081	2224
Mar 25, 2020	5975	231	619	2662
Mar 26, 2020	6882	365	1048	3564
Mar 27, 2020	7961	299	752	3462
Mar 28, 2020	8988	319	0	4191
Mar 29, 2020	9752	292	1502	2362
Mar 30, 2020	10461	418	725	3977
Mar 31, 2020	11172	498	1517	6887
Apr 01, 2020	12025	508	1491	4418
Apr 02, 2020	12960	1354	1493	1923
Apr 03, 2020	13822	1119	1580	4755
Apr 04, 2020	14611	1052	1430	3877
Apr 05, 2020	15734	517	745	1703
Apr 06, 2020	16452	832	1067	3555
Apr 07, 2020	17082	1416	2087	3432
Apr 08, 2020	17903	540	1917	3526
Apr 09, 2020	19001	1339	1952	3895
Apr 10, 2020	20204	986	1726	3946
Apr 11, 2020	21426	634	1459	2829
Apr 12, 2020	22514	561	795	1466
Apr 13, 2020	23356	574	532	2428
Apr 14, 2020	24035	761	1087	4996
Apr 15, 2020	24588	1437	2150	2393
Apr 16, 2020	25505	752	1857	2400
Apr 17, 2020	26598	760	1608	368
Apr 18, 2020	27655	641	1563	2335
Apr 19, 2020	28654	395	595	714
Apr 20, 2020	29239	546	831	1864
Apr 21, 2020	29792	530	1772	2423
Apr 22, 2020	29970	543	1476	1661
Apr 23, 2020	30057	515	1431	1502
Apr 24, 2020	30003	389	1405	1611
Apr 25, 2020	29693	369	1101	1397
Apr 26, 2020	29199	242	309	419
Apr 27, 2020	28435	436	610	3420
Apr 28, 2020	27405	367	1373	1381
Apr 29, 2020	26968	426	1342	1675
Apr 30, 2020	26623	289	1248	1061
May 01, 2020	26083	218	736	563
May 02, 2020	25470	166	350	740
May 03, 2020	24822	135	222	287
May 04, 2020	24057	306	587	537
May 05, 2020	23200	330	1365	1029
May 06, 2020	22432	278	1236	3898
May 07, 2020	22123	178	1055	586
May 08, 2020	21481	243	815	598
May 09, 2020	20602	80	4206	403
May 10, 2020	19514	70	4272	195
May 11, 2020	18321	263	2851	425
May 12, 2020	17345	348	1265	659
May 13, 2020	16632	83	2590	473
May 14, 2020	16009	351	5146	580
May 15, 2020	15501	104	2529	524
May 16, 2020	14646	96	2468	347
May 17, 2020	13532	146	77	112
May 18, 2020	12531	131	2361	459
May 19, 2020	11561	119	1002	489
May 20, 2020	11015	110	1941	389
May 21, 2020	10553	83	2584	296
May 22, 2020	10023	74	1753	366
May 23, 2020	9324	43	1610	233
May 24, 2020	8693	35	1738	107
May 25, 2020	8229	65	1267	334
May 26, 2020	7718	98	3800	257
May 27, 2020	7491	66	520	178
May 28, 2020	7506	66	532	3098
May 29, 2020	7304	52	351	556
May 30, 2020	6936	57	138	1703
May 31, 2020	6645	31	394	239
Jun 01, 2020	6304	31	628	315
Jun 02, 2020	6066	107	366	283
Jun 03, 2020	5950	81	499	330
Jun 04, 2020	5840	44	480	720
Jun 05, 2020	5827	46	301	573
Jun 06, 2020	5559	31	81	543
Jun 07, 2020	5478	13	446	322
Jun 08, 2020	5342	54	435	198
Jun 09, 2020	5265	87	302	378
Jun 10, 2020	5297	23	273	511
Jun 11, 2020	5258	27	339	399
Jun 12, 2020	5246	28	205	681
Jun 13, 2020	5157	24	83	494
Jun 14, 2020	5096	9	325	382
Jun 15, 2020	5073	29	228	143
Jun 16, 2020	5088	111	67	323
Jun 17, 2020	5059	28	3070	430
Jun 18, 2020	5067	28	528	438
Jun 19, 2020	4971	14	1689	761
Jun 20, 2020	4801	16	223	602
Jun 21, 2020	4705	7	308	267
Jun 22, 2020	4589	23	260	350
Jun 23, 2020	4484	57	273	485
Jun 24, 2020	4356	11	709	76
Jun 25, 2020	4333	21	552	0
Jun 26, 2020	4235	26	517	1490
Jun 27, 2020	4124	8	314	490
Jun 28, 2020	4019	9	189	490
Jun 29, 2020	3960	18	360	263
Jun 30, 2020	3829	30	481	508
Jul 01, 2020	3787	18	381	861
Jul 02, 2020	3763	14	667	618
Jul 03, 2020	3748	18	476	546
Jul 04, 2020	3605	7	375	526
Jul 05, 2020	3468	7	136	600
Jul 06, 2020	3318	13	310	165
Jul 07, 2020	3117	13	417	446
Jul 08, 2020	3007	32	406	622
Jul 09, 2020	2895	14	747	583
Jul 10, 2020	2753	25	577	617
Jul 11, 2020	2670	4	263	628
Jul 12, 2020	2561	3	347	627
Jul 13, 2020	2453	18	467	270
Jul 14, 2020	2362	71	5	480
Jul 15, 2020	2304	20	-20	390
Jul 16, 2020	2264	18	1472	501
Jul 17, 2020	2250	14	476	785
Jul 18, 2020	2262	9	481	812
Jul 19, 2020	2299	8	255	812
Jul 20, 2020	2408	8	500	328
Jul 21, 2020	2477	13	848	548
Jul 22, 2020	2583	7	611	937
Jul 23, 2020	2682	10	536	997
Jul 24, 2020	2791	10	516	1060
Jul 25, 2020	2817	4	596	956
Jul 26, 2020	2940	4	161	955
Jul 27, 2020	3073	9	437	482
Jul 28, 2020	3225	14	608	680
Jul 29, 2020	3398	15	568	1306
Jul 30, 2020	3690	16	601	1292
Jul 31, 2020	3965	11	617	1263
Aug 01, 2020	4319	3	624	0
Aug 02, 2020	4611	4	266	2646
Aug 03, 2020	4921	22	458	522
Aug 04, 2020	5331	2	388	975
Aug 05, 2020	5724	9	492	1591
Aug 06, 2020	6287	7	778	1505
Aug 07, 2020	6752	12	800	2147
Aug 08, 2020	7189	1	811	1910
Aug 09, 2020	7724	1	327	1909
Aug 10, 2020	8271	14	534	737
Aug 11, 2020	8949	14	923	1311
Aug 12, 2020	9530	17	980	2369
Aug 13, 2020	10056	17	1043	2505
Aug 14, 2020	10586	17	939	2671
Aug 15, 2020	11141	4	951	3106
Aug 16, 2020	11548	1	481	2829
Aug 17, 2020	11900	24	656	463
Aug 18, 2020	12242	17	1289	2100
Aug 19, 2020	12605	17	1275	3544
Aug 20, 2020	12977	12	1251	4477
Aug 21, 2020	13343	23	-23	4304
Aug 22, 2020	13693	9	2637	3380
Aug 23, 2020	13957	1	521	4596
Aug 24, 2020	14391	15	960	1835
Aug 25, 2020	14589	16	1575	3101
Aug 26, 2020	14960	0	1505	5095
Aug 27, 2020	15248	32	2115	5735
Aug 28, 2020	15506	20	1890	6925
Aug 29, 2020	15669	6	1903	5117
Aug 30, 2020	15839	4	733	5080
Aug 31, 2020	15929	29	1282	2892
Sep 01, 2020	16026	26	2343	4675
Sep 02, 2020	16393	25	2480	6585
Sep 03, 2020	16507	0	2671	6716
Sep 04, 2020	16823	0	3106	8423
Sep 05, 2020	16878	12	2817	8024
Sep 06, 2020	17286	3	460	6636
Sep 07, 2020	17596	25	2075	3944
Sep 08, 2020	17982	38	3506	6141
Sep 09, 2020	18491	30	4447	8049
Sep 10, 2020	18535	19	4285	9237
Sep 11, 2020	19153	80	3300	8827
Sep 12, 2020	19807	17	4579	9911
Sep 13, 2020	20257	6	1829	6741
Sep 14, 2020	20902	34	3067	5779
Sep 15, 2020	21774	49	5046	7369
Sep 16, 2020	22830	46	5689	9182
Sep 17, 2020	24093	50	6875	9941
Sep 18, 2020	25520	153	4964	12402
Sep 19, 2020	26876	26	5054	12667
Sep 20, 2020	28187	11	2881	9918
Sep 21, 2020	29888	53	4622	4972
Sep 22, 2020	31681	78	6507	9392
Sep 23, 2020	33453	43	6673	12267
Sep 24, 2020	35582	52	8371	15105
Sep 25, 2020	37766	150	7874	14825
Sep 26, 2020	39999	39	6597	13525
Sep 27, 2020	42489	27	3917	10438
Sep 28, 2020	44895	81	6060	3819
Sep 29, 2020	47398	85	7964	7555
Sep 30, 2020	50165	63	9174	12054
Oct 01, 2020	52959	63	8764	13110
Oct 02, 2020	56038	130	9781	11400
Oct 03, 2020	59420	49	6692	15927
Oct 04, 2020	62677	32	5747	11792
Oct 05, 2020	66588	69	7300	4771
Oct 06, 2020	70176	66	9116	9843
Oct 07, 2020	74391	80	9861	17592
Oct 08, 2020	79249	76	12326	17013
Oct 09, 2020	84070	109	12558	19087
Oct 10, 2020	89752	54	9864	25240
Oct 11, 2020	94860	46	4926	15110
Oct 12, 2020	100451	95	9297	7981
Oct 13, 2020	106745	108	12159	12193
Oct 14, 2020	112735	104	15001	21200
Oct 15, 2020	119160	88	14737	28736
Oct 16, 2020	125589	178	13347	23542
Oct 17, 2020	131965	89	10349	30431
Oct 18, 2020	138170	85	3734	28000
Oct 19, 2020	144246	146	7409	12428
Oct 20, 2020	150554	262	11792	19208
Oct 21, 2020	157093	163	12947	25034
Oct 22, 2020	164120	162	11238	39060
Oct 23, 2020	171749	298	15629	39445
Oct 24, 2020	177884	137	11655	42626
Oct 25, 2020	185310	116	4655	48808
Oct 26, 2020	192896	257	9586	25123
Oct 27, 2020	200203	523	17069	31360
Oct 28, 2020	205395	244	16769	34194
Oct 29, 2020	212617	235	18852	44705
Oct 30, 2020	220479	545	24695	46185
Oct 31, 2020	227042	223	14887	33447
Nov 01, 2020	231910	231	7750	45258
Nov 02, 2020	236145	467	11726	51104
Nov 03, 2020	239892	906	20294	35912
Nov 04, 2020	242965	437	28299	39880
Nov 05, 2020	245371	415	23127	56292
Nov 06, 2020	247669	880	29551	58581
Nov 07, 2020	248547	356	27644	83324
Nov 08, 2020	248245	322	12106	38059
Nov 09, 2020	246367	548	18660	20732
Nov 10, 2020	244685	857	24177	22632
Nov 11, 2020	243232	328	38732	35488
Nov 12, 2020	241523	425	39020	32948
Nov 13, 2020	240296	932	41694	24147
Nov 14, 2020	238461	552	48256	31937
Nov 15, 2020	235889	500	24623	27370
Nov 16, 2020	232563	704	30656	10645
Nov 17, 2020	228687	625	33569	13630
Nov 18, 2020	225313	677	44028	26636
Nov 19, 2020	222815	681	45504	19848
Nov 20, 2020	220008	634	32813	21473
Nov 21, 2020	216834	390	44868	16780
Nov 22, 2020	212193	352	50752	12347
Nov 23, 2020	208676	638	35274	4178
Nov 24, 2020	202416	592	39288	8591
Nov 25, 2020	196981	569	55723	15280
Nov 26, 2020	191151	527	58054	12728
Nov 27, 2020	188816	581	82743	11692
Nov 28, 2020	183047	316	37743	11806
Nov 29, 2020	177509	301	20431	9182
Nov 30, 2020	172238	509	22123	3758
Dec 01, 2020	167596	466	35022	7585
Dec 02, 2020	164236	425	32523	13198
Dec 03, 2020	162102	439	23708	11914
Dec 04, 2020	160362	397	31540	10530
Dec 05, 2020	159932	327	27043	12127
Dec 06, 2020	159477	287	10358	10344
Dec 07, 2020	159819	480	13150	3201
Dec 08, 2020	160306	491	26145	12869
Dec 09, 2020	162159	403	19445	13697
Dec 10, 2020	166209	400	21073	12904
Dec 11, 2020	169651	412	16368	12581
Dec 12, 2020	173121	314	12033	13088
Dec 13, 2020	176909	271	3907	10823
Dec 14, 2020	179400	492	8099	2874
Dec 15, 2020	180628	428	14852	10822
Dec 16, 2020	186970	407	12321	16531
Dec 17, 2020	195438	376	11316	17130
Dec 18, 2020	202790	374	11432	14709
Dec 19, 2020	209384	294	8888	16484
Dec 20, 2020	216487	236	3522	12011
Dec 21, 2020	221499	456	7129	5440
Dec 22, 2020	225931	487	12711	11069
Dec 23, 2020	231164	359	11555	14010
Dec 24, 2020	238728	373	10157	20302
Dec 25, 2020	245358	242	11885	19015
Dec 26, 2020	250754	230	10114	2903
Dec 27, 2020	254075	257	2944	8279
Dec 28, 2020	256905	447	12422	2778
Dec 29, 2020	258880	468	13229	10694
Dec 30, 2020	263714	377	12527	24828
Dec 31, 2020	269361	325	12256	18700
Jan 01, 2021	272684	207	12881	18157
Jan 02, 2021	275668	231	10592	3253
Jan 03, 2021	277176	191	2683	11720
Jan 04, 2021	277130	453	10369	3774
Jan 05, 2021	276667	420	16111	19228
Jan 06, 2021	276787	387	16743	23817
Jan 07, 2021	280266	381	14328	20367
Jan 08, 2021	281813	381	16103	18594
Jan 09, 2021	280496	264	11747	18935
Jan 10, 2021	278274	248	5192	14963
Jan 11, 2021	274508	407	10662	3362
Jan 12, 2021	269526	452	13558	18536
Jan 13, 2021	267188	347	19955	22384
Jan 14, 2021	267016	401	18614	19921
Jan 15, 2021	261853	399	2504	19962
Jan 16, 2021	254390	264	8015	20088
Jan 17, 2021	248048	213	2565	15618
Jan 18, 2021	240529	475	10219	3506
Jan 19, 2021	231789	441	24387	22155
Jan 20, 2021	226148	420	18280	25135
Jan 21, 2021	222116	456	17701	21442
Jan 22, 2021	217469	429	2824	21858
Jan 23, 2021	211442	295	11425	22451
Jan 24, 2021	204837	237	3537	17301
Jan 25, 2021	198959	510	18718	3979
Jan 26, 2021	193814	417	23400	20726
Jan 27, 2021	191110	505	19862	25259
Jan 28, 2021	188294	499	18095	22307
Jan 29, 2021	183215	510	18425	21451
Jan 30, 2021	177755	322	14641	22890
Jan 31, 2021	173284	275	3087	18051
Feb 01, 2021	167815	536	18000	4079
Feb 02, 2021	164000	485	21899	21900
Feb 03, 2021	161446	476	19445	24739
Feb 04, 2021	159306	476	19486	22005
Feb 05, 2021	156527	413	19675	20776
Feb 06, 2021	150988	263	15355	19319
Feb 07, 2021	146821	243	3263	18501
Feb 08, 2021	141663	530	21625	4051
Feb 09, 2021	136799	508	24627	17708
Feb 10, 2021	134573	404	21038	23824
Feb 11, 2021	134102	468	21390	19766
Feb 12, 2021	132356	429	22022	19427
Feb 13, 2021	130127	257	17044	19924
Feb 14, 2021	127561	226	3753	15527
Feb 15, 2021	125052	471	20255	4107
Feb 16, 2021	122153	410	24849	18384
Feb 17, 2021	120776	391	21916	23478
Feb 18, 2021	121045	352	21099	21116
Feb 19, 2021	120228	409	22481	22631
Feb 20, 2021	119064	213	17838	20994
Feb 21, 2021	117979	163	3916	20689
Feb 22, 2021	116665	363	21537	4360
Feb 23, 2021	115602	341	24398	18829
Feb 24, 2021	115978	370	21635	29579
Feb 25, 2021	117039	354	20422	23839
Feb 26, 2021	117451	379	18940	23655
Feb 27, 2021	117749	214	18287	22519
Feb 28, 2021	118067	125	3926	18724
Mar 01, 2021	117612	404	17304	4413
Mar 02, 2021	117910	330	23494	21450
Mar 03, 2021	119734	389	19377	25139
Mar 04, 2021	120288	360	19067	23723
Mar 05, 2021	120935	305	19619	22060
Mar 06, 2021	122089	187	15340	21871
Mar 07, 2021	122296	147	3960	20482
Mar 08, 2021	122027	377	18007	4999
Mar 09, 2021	122411	316	23162	21868
Mar 10, 2021	125443	295	20821	28438
Mar 11, 2021	129045	296	22335	25494
Mar 12, 2021	131892	254	20740	23676
Mar 13, 2021	133893	192	20497	27927
Mar 14, 2021	135531	137	4223	24721
Mar 15, 2021	136792	357	18472	6073
Mar 16, 2021	138233	338	29241	28130
Mar 17, 2021	141360	300	23539	36131
Mar 18, 2021	144771	327	23328	32844
Mar 19, 2021	148815	362	22157	32911
Mar 20, 2021	151891	244	18480	33169
Mar 21, 2021	154130	170	4243	28699
Mar 22, 2021	155792	402	21048	35259
Mar 23, 2021	156695	347	24792	23350
Mar 24, 2021	160118	305	23418	31334
Mar 25, 2021	164025	285	21775	42831
Mar 26, 2021	167220	363	21508	39292
Mar 27, 2021	171021	201	20281	39995
Mar 28, 2021	173345	142	4857	34736
Mar 29, 2021	175098	371	21497	26843
Mar 30, 2021	176265	348	28090	26580
Mar 31, 2021	180143	325	25169	39327
Apr 01, 2021	183993	314	23362	47541
Apr 02, 2021	186235	304	27623	43804
Apr 03, 2021	189765	213	24508	18571
Apr 04, 2021	191925	185	5888	57172
Apr 05, 2021	191897	197	27933	11576
Apr 06, 2021	192909	414	35717	54241
Apr 07, 2021	195426	431	32413	28890
Apr 08, 2021	198893	374	32537	14892
Apr 09, 2021	201274	301	32868	38704
Apr 10, 2021	203634	179	28520	40620
Apr 11, 2021	205823	176	35083	32747
Apr 12, 2021	206093	385	22965	8011
Apr 13, 2021	206808	351	30983	36705
Apr 14, 2021	206737	303	42528	40827
Apr 15, 2021	210556	302	38990	35703
Apr 16, 2021	213513	313	39682	34199
Apr 17, 2021	215673	189	34547	33653
Apr 18, 2021	216812	140	26703	27538
Apr 19, 2021	216321	489	26091	6847
Apr 20, 2021	216183	346	38981	39882
Apr 21, 2021	218400	313	47228	32815
Apr 22, 2021	222454	283	43521	32205
Apr 23, 2021	224083	332	18239	30349
Apr 24, 2021	224444	217	56955	30624
Apr 25, 2021	224904	152	11424	22959
Apr 26, 2021	222286	405	53836	5586
Apr 27, 2021	220195	333	28557	28451
Apr 28, 2021	222135	322	14570	29598
Apr 29, 2021	223567	313	38391	24904
Apr 30, 2021	223693	276	40344	22803
May 01, 2021	221640	195	32552	24090
May 02, 2021	219899	116	7895	9279
May 03, 2021	221429	315	36390	3529
May 04, 2021	222325	247	40580	22871
May 05, 2021	224287	252	35451	24400
May 06, 2021	225537	227	33972	20375
May 07, 2021	226666	235	33418	17947
May 08, 2021	226300	179	27359	19468
May 09, 2021	225231	119	6728	8566
May 10, 2021	223373	296	39586	3089
May 11, 2021	220673	240	32575	18573
May 12, 2021	220384	184	32021	20175
May 13, 2021	219718	131	30218	18263
May 14, 2021	219848	173	30451	6593
May 15, 2021	215557	122	22837	14719
May 16, 2021	211101	91	5495	13089
May 17, 2021	205641	206	28245	3144
May 18, 2021	202454	198	29400	16151
May 19, 2021	199885	146	24763	17877
May 20, 2021	197698	138	22803	15415
May 21, 2021	193375	113	23947	12800
May 22, 2021	186932	95	9166	12611
May 23, 2021	181151	76	3440	9704
May 24, 2021	175774	68	22801	2229
May 25, 2021	170224	203	24320	3155
May 26, 2021	166775	153	20172	12646
May 27, 2021	164761	151	17803	13933
May 28, 2021	159972	107	19308	11268
May 29, 2021	156091	69	8459	10675
May 30, 2021	151058	46	3021	8541
May 31, 2021	147342	128	18529	1211
Jun 01, 2021	144144	129	20044	9848
Jun 02, 2021	137454	98	18134	8743
Jun 03, 2021	132468	72	6469	8161
Jun 04, 2021	127582	84	14673	6953
Jun 05, 2021	122919	57	13005	6654
Jun 06, 2021	116974	26	3087	5070
Jun 07, 2021	110941	65	16126	1166
Jun 08, 2021	105805	73	17811	6016
Jun 09, 2021	101670	66	15342	5557
Jun 10, 2021	97715	70	12735	4475
Jun 11, 2021	92741	71	12540	3871
Jun 12, 2021	87933	34	9604	3972
Jun 13, 2021	83456	13	2195	2855
Jun 14, 2021	79864	63	3171	689
Jun 15, 2021	76459	80	12583	3235
Jun 16, 2021	74645	50	13853	3058
Jun 17, 2021	70385	62	11224	2044
Jun 18, 2021	66724	56	10607	3181
Jun 19, 2021	62779	22	8485	2624
Jun 20, 2021	59333	14	1189	1815
Jun 21, 2021	56728	40	9834	487
Jun 22, 2021	53989	51	8703	2204
Jun 23, 2021	51953	33	8110	2320
Jun 24, 2021	50190	44	6920	2007
Jun 25, 2021	48078	33	6610	1986
Jun 26, 2021	45306	16	5037	2128
Jun 27, 2021	41952	21	1154	1578
Jun 28, 2021	39125	48	5999	509
Jun 29, 2021	36944	33	5501	2314
Jun 30, 2021	35537	25	4442	2457
Jul 01, 2021	34035	29	3846	2664
Jul 02, 2021	32476	24	3943	2683
Jul 03, 2021	30873	17	2831	3006
Jul 04, 2021	29706	9	672	2549
Jul 05, 2021	29103	36	3226	796
Jul 06, 2021	29781	34	3022	3585
Jul 07, 2021	32049	28	2010	4081
Jul 08, 2021	36061	25	3153	4442
Jul 09, 2021	41274	18	2599	4580
Jul 10, 2021	49998	19	1797	4696
Jul 11, 2021	57939	4	468	4256
Jul 12, 2021	65172	28	2200	1260
Jul 13, 2021	71952	54	2292	6950
Jul 14, 2021	81526	6	1953	8875
Jul 15, 2021	91469	16	1980	3617
Jul 16, 2021	101753	22	2112	10908
Jul 17, 2021	111726	16	1556	10949
Jul 18, 2021	120971	5	493	12532
Jul 19, 2021	129155	20	2309	4151
Jul 20, 2021	135152	33	2437	18181
Jul 21, 2021	141492	29	2631	21539
Jul 22, 2021	147039	11	2654	21909
Jul 23, 2021	152781	26	2995	19561
Jul 24, 2021	157349	25	2523	25624
Jul 25, 2021	161295	7	771	15242
Jul 26, 2021	164595	50	3579	5307
Jul 27, 2021	168047	31	4036	26871
Jul 28, 2021	170945	44	4414	27934
Jul 29, 2021	174824	32	4540	25190
Jul 30, 2021	177574	66	4667	24309
Jul 31, 2021	179678	47	4196	23471
Aug 01, 2021	181047	20	1217	19600
Aug 02, 2021	182015	56	6932	5184
Aug 03, 2021	182977	63	8824	26829
Aug 04, 2021	184213	59	3560	28784
Aug 05, 2021	185361	57	10855	26460
Aug 06, 2021	184624	66	10897	25077
Aug 07, 2021	181591	35	12472	25755
Aug 08, 2021	176964	33	4119	20450
Aug 09, 2021	168702	75	18151	5775
Aug 10, 2021	161538	75	21471	28576
Aug 11, 2021	155209	60	21841	30920
Aug 12, 2021	149954	85	19507	28554
Aug 13, 2021	142206	82	25547	26453
Aug 14, 2021	133536	56	15168	24427
Aug 15, 2021	124492	49	5256	21172
Aug 16, 2021	115682	107	26827	5829
Aug 17, 2021	107852	123	27837	28114
Aug 18, 2021	101754	124	25079	28405
Aug 19, 2021	97544	140	24197	23973
Aug 20, 2021	92854	92	23344	22319
Aug 21, 2021	89030	89	19517	22636
Aug 22, 2021	85092	49	5103	17300
Aug 23, 2021	82207	119	26785	5166
Aug 24, 2021	80057	169	28676	24853
Aug 25, 2021	79038	102	26307	23706
Aug 26, 2021	77678	110	24984	19683
Aug 27, 2021	77036	109	25432	18249
Aug 28, 2021	75073	85	20355	17590
Aug 29, 2021	73982	61	5701	13630
Aug 30, 2021	73218	112	28523	3795
Aug 31, 2021	73226	136	30822	19425
Sep 01, 2021	73966	86	28418	17621
Sep 02, 2021	74548	103	26320	15911
Sep 03, 2021	74321	93	24324	13466
Sep 04, 2021	73661	83	21079	13336
Sep 05, 2021	73107	49	5746	10410
Sep 06, 2021	72824	102	28065	3042
Sep 07, 2021	72984	152	28303	14534
Sep 08, 2021	73744	100	23821	12828
Sep 09, 2021	73948	103	22219	10969
Sep 10, 2021	74520	80	22533	9966
Sep 11, 2021	74158	46	17220	9601
Sep 12, 2021	73565	29	5120	7679
Sep 13, 2021	72992	86	24824	2062
Sep 14, 2021	72745	147	23620	10327
Sep 15, 2021	72874	79	19536	9144
Sep 16, 2021	72663	65	18170	8128
Sep 17, 2021	72027	66	17525	7373
Sep 18, 2021	71546	42	13564	7414
Sep 19, 2021	70995	28	3753	5814
Sep 20, 2021	69911	68	19397	1515
Sep 21, 2021	69127	153	17553	7851
Sep 22, 2021	68630	58	15758	6794
Sep 23, 2021	68017	62	13408	6229
Sep 24, 2021	66880	49	13274	5879
Sep 25, 2021	65880	29	10361	6012
Sep 26, 2021	64660	14	3013	4706
Sep 27, 2021	63590	92	14520	1309
Sep 28, 2021	63006	60	12736	6765
Sep 29, 2021	62596	42	10909	5835
Sep 30, 2021	61987	56	9924	5204
Oct 01, 2021	60870	46	9545	4935
Oct 02, 2021	59760	30	7633	4948
Oct 03, 2021	58826	9	2032	3744
Oct 04, 2021	57753	50	10318	1138
Oct 05, 2021	57287	75	9094	5558
Oct 06, 2021	57068	34	8053	4946
Oct 07, 2021	57359	34	7339	4615
Oct 08, 2021	57343	38	7380	4470
Oct 09, 2021	57484	15	5776	4734
Oct 10, 2021	57052	8	1500	3991
Oct 11, 2021	57559	30	7843	1120
Oct 12, 2021	58357	68	6764	5880
Oct 13, 2021	60336	23	6161	5578
Oct 14, 2021	61956	38	5856	5187
Oct 15, 2021	63310	34	5974	6099
Oct 16, 2021	64914	15	4672	4899
Oct 17, 2021	66451	5	1294	3778
Oct 18, 2021	67798	41	6760	1057
Oct 19, 2021	70022	49	5794	5934
Oct 20, 2021	73276	21	5155	6036
Oct 21, 2021	76807	35	4914	6127
Oct 22, 2021	80759	29	4913	6366
Oct 23, 2021	84621	23	3715	6291
Oct 24, 2021	89247	4	1115	5005
Oct 25, 2021	92932	41	5554	1295
Oct 26, 2021	97072	47	4905	6603
Oct 27, 2021	102950	34	4568	6528
Oct 28, 2021	108929	33	4436	6461
Oct 29, 2021	114565	27	4701	6433
Oct 30, 2021	120803	22	3964	7360
Oct 31, 2021	127263	12	1098	6329
Nov 01, 2021	133295	6	5868	1866
Nov 02, 2021	139398	74	5572	2039
Nov 03, 2021	146878	39	5113	10050
Nov 04, 2021	155223	47	6060	9502
Nov 05, 2021	164226	26	4852	8998
Nov 06, 2021	173446	25	3752	9605
Nov 07, 2021	182048	10	1032	8547
Nov 08, 2021	191330	55	5924	2197
Nov 09, 2021	200351	58	5981	12476
Nov 10, 2021	210291	33	6069	11883
Nov 11, 2021	223684	17	6333	12603
Nov 12, 2021	236165	48	6274	3860
Nov 13, 2021	246416	16	4957	14646
Nov 14, 2021	254748	17	1279	12496
Nov 15, 2021	270214	70	6586	3241
Nov 16, 2021	286682	47	6458	19778
Nov 17, 2021	304089	50	6414	20294
Nov 18, 2021	323792	52	6383	20366
Nov 19, 2021	340223	50	7308	21220
Nov 20, 2021	356848	23	6279	22678
Nov 21, 2021	371649	15	1843	19749
Nov 22, 2021	388933	94	2024	5266
Nov 23, 2021	405578	98	9956	30454
Nov 24, 2021	423984	81	9404	32591
Nov 25, 2021	440412	43	8917	33464
Nov 26, 2021	454435	60	9562	34436
Nov 27, 2021	468797	34	8487	37218
Nov 28, 2021	483564	23	2163	31648
Nov 29, 2021	497045	122	12453	8279
Nov 30, 2021	511014	115	11761	47177
Dec 01, 2021	521835	96	12488	49610
Dec 02, 2021	537134	103	3764	48416
Dec 03, 2021	549563	127	14543	49858
Dec 04, 2021	561998	49	12369	51624
Dec 05, 2021	574187	29	3192	42252
Dec 06, 2021	583156	192	19749	11308
Dec 07, 2021	589680	172	20102	59019
Dec 08, 2021	595929	133	20194	61340
Dec 09, 2021	604397	136	21087	56854
Dec 10, 2021	609227	150	-136	55339
Dec 11, 2021	610699	65	42277	53720
Dec 12, 2021	611125	48	5201	43848
Dec 13, 2021	611024	243	30406	12036
Dec 14, 2021	611747	158	32348	63405
Dec 15, 2021	606038	151	33306	65713
Dec 16, 2021	602174	188	34285	60866
Dec 17, 2021	596786	162	37030	58128
Dec 18, 2021	587823	85	31486	58536
Dec 19, 2021	580070	75	8194	48473
Dec 20, 2021	570448	224	47102	15075
Dec 21, 2021	559098	229	49386	72832
Dec 22, 2021	549430	170	48187	84272
Dec 23, 2021	539813	179	49688	91608
Dec 24, 2021	528523	167	51445	94124
Dec 25, 2021	518932	84	42085	104611
Dec 26, 2021	509572	96	11224	27697
Dec 27, 2021	498909	256	58923	30383
Dec 28, 2021	485850	290	61084	179807
Dec 29, 2021	480150	184	56564	208099
Dec 30, 2021	472791	180	55155	206243
Dec 31, 2021	470995	189	53540	232200
Jan 01, 2022	463548	110	43659	219126
Jan 02, 2022	459510	91	11926	58432
Jan 03, 2022	451420	270	63314	67461
Jan 04, 2022	446823	351	65443	271686
Jan 05, 2022	450355	246	60515	332252
Jan 06, 2022	457034	204	57882	261481
Jan 07, 2022	473848	193	58332	328214
Jan 08, 2022	481992	142	48280	303669
Jan 09, 2022	497005	90	14933	296097
Jan 10, 2022	507173	280	72742	93896
Jan 11, 2022	519624	341	83992	368149
Jan 12, 2022	537889	246	91267	361719
Jan 13, 2022	558466	225	93878	305322
Jan 14, 2022	580456	191	104386	329371
Jan 15, 2022	595994	148	27506	324580
Jan 16, 2022	616861	98	30235	278129
Jan 17, 2022	644594	296	179709	102144
Jan 18, 2022	671768	375	207803	464769
Jan 19, 2022	706909	231	205868	436167
Jan 20, 2022	746618	245	231969	425183
Jan 21, 2022	799840	233	218881	400851
Jan 22, 2022	841671	167	58199	389320
Jan 23, 2022	903670	115	67294	301614
Jan 24, 2022	964824	393	271571	108481
Jan 25, 2022	1016189	467	331859	501635
Jan 26, 2022	1072462	258	261014	428008
Jan 27, 2022	1137004	268	327956	392168
Jan 28, 2022	1204416	263	303401	353503
Jan 29, 2022	1238184	178	295834	332398
Jan 30, 2022	1305745	127	93718	249448
Jan 31, 2022	1427019	348	368022	82657
Feb 01, 2022	1508895	381	361371	416896
Feb 02, 2022	1570429	276	304941	315363
Feb 03, 2022	1643893	264	329095	274352
Feb 04, 2022	1697419	355	324316	241049
Feb 05, 2022	1722055	170	277774	214542
Feb 06, 2022	1791164	129	101974	155439
Feb 07, 2022	1849994	417	464640	46001
Feb 08, 2022	2039375	691	435750	235267
Feb 09, 2022	2065531	283	412530	179614
Feb 10, 2022	2123263	310	412530	153025
Feb 11, 2022	2171826	329	389010	131376
Feb 12, 2022	2208840	161	301285	118611
Feb 13, 2022	2233550	107	108320	86562
Feb 14, 2022	2256709	385	501528	26475
Feb 15, 2022	2273978	390	427623	142253
Feb 16, 2022	2295491	276	391778	98735
Feb 17, 2022	2311430	287	353227	92345
Feb 18, 2022	2313419	304	332111	82553
Feb 19, 2022	2298007	148	249144	76638
Feb 20, 2022	2267880	114	82509	59003
Feb 21, 2022	2248717	283	416896	17195
Feb 22, 2022	2208950	285	319295	97382
Feb 23, 2022	2175801	213	269738	66833
Feb 24, 2022	2153721	281	240836	66732
Feb 25, 2022	2123555	188	214261	58138
Feb 26, 2022	2082803	101	155251	53623
Feb 27, 2022	2027075	76	45900	42600
Feb 28, 2022	2007387	232	235191	13483
Mar 01, 2022	1959606	209	179382	79794
Mar 02, 2022	1886822	186	152816	57697
Mar 03, 2022	1830175	180	131190	60225
Mar 04, 2022	1822417	181	118431	57789
Mar 05, 2022	1797659	120	86381	53678
Mar 06, 2022	1786451	32	26355	45328
Mar 07, 2022	1801678	176	142221	14496
Mar 08, 2022	1763917	167	98559	93050
Mar 09, 2022	1751440	155	92178	69190
Mar 10, 2022	1636550	107	82398	74818
Mar 11, 2022	1619226	149	76531	72399
Mar 12, 2022	1592492	51	58854	72443
Mar 13, 2022	1564211	29	17144	60422
Mar 14, 2022	1539754	185	97353	18853
Mar 15, 2022	1532488	146	66648	116618
Mar 16, 2022	1537741	173	66586	108832
Mar 17, 2022	1537894	116	57965	101747
Mar 18, 2022	1528239	112	53507	97579
Mar 19, 2022	1513325	62	42488	98104
Mar 20, 2022	1498868	30	13421	81283
Mar 21, 2022	1497197	152	79764	24179
Mar 22, 2022	1501273	133	57545	180777
Mar 23, 2022	1508082	101	60092	145560
Mar 24, 2022	1512504	124	57688	148635
Mar 25, 2022	1506919	121	53554	143571
Mar 26, 2022	1493891	67	45207	139517
Mar 27, 2022	1481386	41	14429	110174
Mar 28, 2022	1469948	149	93009	29455
Mar 29, 2022	1473234	164	69041	217480
Mar 30, 2022	1472146	149	74654	169024
Mar 31, 2022	1461086	139	72250	169311
Apr 01, 2022	1434397	134	72304	148629
Apr 02, 2022	1393030	68	60288	132114
Apr 03, 2022	1335496	31	18785	102266
Apr 04, 2022	1280615	149	116587	27648
Apr 05, 2022	1227841	129	108683	203021
Apr 06, 2022	1176478	128	101618	161950
Apr 07, 2022	1123070	105	97451	158792
Apr 08, 2022	1059731	139	97999	148768
Apr 09, 2022	995099	87	81144	141690
Apr 10, 2022	1002267	45	24092	107654
Apr 11, 2022	879679	178	180732	25492
Apr 12, 2022	833607	159	145382	190762
Apr 13, 2022	792654	152	148476	146426
Apr 14, 2022	744460	133	143419	137342
Apr 15, 2022	688333	151	139384	125394
Apr 16, 2022	691836	61	110023	111583
Apr 17, 2022	641007	35	29394	86650
Apr 18, 2022	588859	48	217445	19810
Apr 19, 2022	515071	182	168976	25465
Apr 20, 2022	486649	227	169129	155711
Apr 21, 2022	449105	185	148402	104007
Apr 22, 2022	408954	146	131929	88389
Apr 23, 2022	410989	75	102120	80571
Apr 24, 2022	373476	40	27573	58954
Apr 25, 2022	311701	197	202981	13984
Apr 26, 2022	288578	170	161753	97498
Apr 27, 2022	290320	152	158622	67711
Apr 28, 2022	239427	132	148616	59760
Apr 29, 2022	213321	158	141558	52919
Apr 30, 2022	214915	61	107496	49482
May 01, 2022	190786	32	25431	36726
May 02, 2022	153361	180	190730	8737
May 03, 2022	144342	120	146246	67017
May 04, 2022	133699	114	137222	47925
May 05, 2022	135369	122	125280	44225
May 06, 2022	109557	110	111461	40224
May 07, 2022	111036	62	86540	37958
May 08, 2022	99458	54	19748	29324
May 09, 2022	79698	132	25411	7354
May 10, 2022	74107	123	155579	56449
May 11, 2022	68872	96	103884	40299
May 12, 2022	64033	84	88293	36047
May 13, 2022	60367	98	80487	32773
May 14, 2022	61692	74	58856	30459
May 15, 2022	58006	21	13984	22844
May 16, 2022	51198	126	97403	5936
May 17, 2022	49609	90	67585	43727
May 18, 2022	48720	80	59670	29995
May 19, 2022	47662	67	52839	27842
May 20, 2022	45211	65	49415	24332
May 21, 2022	46393	44	36661	22507
May 22, 2022	44160	11	8737	16965
May 23, 2022	40233	82	66962	4386
May 24, 2022	39756	88	47843	32029
May 25, 2022	39455	51	44137	22006
May 26, 2022	40516	28	40173	21234
May 27, 2022	37784	45	37930	4811
May 28, 2022	38672	23	29279	23582
May 29, 2022	38252	14	7354	16440
May 30, 2022	35800	85	56412	4673
May 31, 2022	35838	76	40214	35142
Jun 01, 2022	35958	58	35971	26144
Jun 02, 2022	35726	41	32715	25365
Jun 03, 2022	35509	38	30418	25130
Jun 04, 2022	36947	34	22806	25172
Jun 05, 2022	36517	10	5936	20542
Jun 06, 2022	36191	9	43727	6184
Jun 07, 2022	34894	74	29942	11627
Jun 08, 2022	35719	77	27768	53802
Jun 09, 2022	36578	42	24255	40151
Jun 10, 2022	37419	39	-42	17152
Jun 11, 2022	39840	0	39433	0
Jun 12, 2022	40306	0	4386	79397
Jun 13, 2022	39488	92	32029	8474
Jun 14, 2022	41364	57	21914	65425
Jun 15, 2022	43964	49	21177	51954
Jun 16, 2022	46877	49	4762	53081
Jun 17, 2022	49553	43	23533	50605
Jun 18, 2022	53382	19	-43	50266
Jun 19, 2022	55414	3	16440	40125
Jun 20, 2022	56105	45	39793	11566
Jun 21, 2022	60133	56	26099	95217
Jun 22, 2022	64219	66	25309	77967
Jun 23, 2022	68616	40	25064	79852
Jun 24, 2022	72742	49	25132	79262
Jun 25, 2022	77594	30	-49	80926
Jun 26, 2022	81016	11	20542	66301
Jun 27, 2022	82726	48	17770	17601
Jun 28, 2022	87678	37	53754	147248
Jun 29, 2022	93126	48	40114	124724
Jun 30, 2022	98303	42	17104	133346
Jul 01, 2022	103001	52	-42	125066
Jul 02, 2022	108658	30	-52	122639
Jul 03, 2022	111407	14	79397	96191
Jul 04, 2022	112309	97	73899	24418
Jul 05, 2022	117724	75	51813	206554
Jul 06, 2022	123174	53	53006	154615
Jul 07, 2022	129061	89	50552	161265
Jul 08, 2022	133910	74	50177	140997
Jul 09, 2022	140086	39	-74	116405
Jul 10, 2022	142780	15	40125	110589
Jul 11, 2022	142221	108	106783	24343
Jul 12, 2022	147682	126	77805	182006
Jul 13, 2022	152721	109	79726	127642
Jul 14, 2022	156888	54	79153	119285
Jul 15, 2022	159995	108	80872	23027
Jul 16, 2022	165609	59	66193	124009
Jul 17, 2022	165617	26	17601	73668
Jul 18, 2022	161170	174	147163	17733
Jul 19, 2022	162706	144	124550	134188
Jul 20, 2022	164293	125	133202	89982
Jul 21, 2022	163996	133	124941	80869
Jul 22, 2022	163808	113	122506	74348
Jul 23, 2022	167978	57	96078	68532
Jul 24, 2022	165745	23	24418	50032
Jul 25, 2022	158201	130	206474	11195
Jul 26, 2022	158159	119	154485	87562
Jul 27, 2022	158779	103	161146	58638
Jul 28, 2022	156681	112	140894	51594
Jul 29, 2022	153649	89	116293	45515
Jul 30, 2022	156536	55	110500	41274
Jul 31, 2022	152403	20	24343	31535
Aug 01, 2022	142729	121	181931	7249
Aug 02, 2022	141751	101	127521	54519
Aug 03, 2022	140864	90	119184	38788
Aug 04, 2022	136639	87	22937	33799
Aug 05, 2022	132693	80	123922	30592
Aug 06, 2022	134717	45	73588	28518
Aug 07, 2022	129019	20	17733	21528
Aug 08, 2022	117384	109	134123	5090
Aug 09, 2022	114414	111	89873	38230
Aug 10, 2022	112433	88	80758	27081
Aug 11, 2022	106843	80	74260	24312
Aug 12, 2022	101904	74	68452	22638
Aug 13, 2022	103572	0	49958	21175
Aug 14, 2022	97885	0	11195	16347
Aug 15, 2022	86717	65	87562	4564
Aug 16, 2022	84442	113	58573	6331
Aug 17, 2022	82892	93	51481	35745
Aug 18, 2022	79250	92	45422	23605
Aug 19, 2022	76175	74	41182	20236
Aug 20, 2022	77455	40	31461	19870
Aug 21, 2022	73970	0	7249	14820
Aug 22, 2022	65943	76	54479	4012
Aug 23, 2022	64035	88	38712	28988
Aug 24, 2022	62817	57	33711	21289
Aug 25, 2022	59574	44	30535	19837
Aug 26, 2022	56610	51	28474	18116
Aug 27, 2022	57795	23	21477	17833
Aug 28, 2022	54964	9	5090	14110
Aug 29, 2022	49621	78	38198	3806
Aug 30, 2022	48530	72	27003	27358
Aug 31, 2022	47663	54	24240	19240
Sep 01, 2022	45539	41	22584	18646
Sep 02, 2022	43829	55	21134	16399
Sep 03, 2022	44958	14	16292	15597
Sep 04, 2022	43409	3	4564	12894
Sep 05, 2022	41735	67	6314	3443
Sep 06, 2022	39539	60	35678	26918
Sep 07, 2022	41003	46	23545	20142
Sep 08, 2022	41122	58	20190	19866
Sep 09, 2022	38058	31	19812	19087
Sep 10, 2022	39232	15	14789	19517
Sep 11, 2022	38358	6	4012	16422
Sep 12, 2022	37208	40	28967	4579
Sep 13, 2022	35673	49	21249	41850
Sep 14, 2022	37077	33	19788	33575
Sep 15, 2022	37627	33	18083	33263
Sep 16, 2022	35417	28	17800	28686
Sep 17, 2022	36566	11	14082	33162
Sep 18, 2022	36098	2	3806	23137
Sep 19, 2022	35433	58	27345	5219
Sep 20, 2022	34825	48	19182	51816
Sep 21, 2022	36526	33	18598	38250
Sep 22, 2022	37509	30	16366	38464
Sep 23, 2022	36807	33	15567	37524
Sep 24, 2022	38436	14	12861	38024
Sep 25, 2022	38678	8	3443	31365
Sep 26, 2022	38710	51	26896	7489
Sep 27, 2022	39289	40	20091	73639
Sep 28, 2022	41810	45	19826	53410
Sep 29, 2022	43965	33	19042	51366
Sep 30, 2022	44552	34	19484	48261
Oct 01, 2022	47344	17	16388	46596
Oct 02, 2022	48287	7	4579	37453
Oct 03, 2022	48814	62	41826	8690
Oct 04, 2022	50645	74	33513	89185
Oct 05, 2022	54423	47	33189	66564
Oct 06, 2022	57675	50	28639	65537
Oct 07, 2022	59972	53	33112	61121
Oct 08, 2022	62079	26	23084	57270
Oct 09, 2022	63209	8	5219	42626
Oct 10, 2022	64028	79	51782	9373
Oct 11, 2022	65973	85	38171	94753
Oct 12, 2022	69637	55	38379	67948
Oct 13, 2022	72621	62	37469	64218
Oct 14, 2022	73385	79	37962	58695
Oct 15, 2022	76745	35	31286	55394
Oct 16, 2022	77581	17	7489	41973
Oct 17, 2022	78151	112	73587	9421
Oct 18, 2022	80057	101	53298	87666
Oct 19, 2022	83433	106	51265	63031
Oct 20, 2022	85340	69	48155	56793
Oct 21, 2022	82924	81	46527	49087
Oct 22, 2022	87716	33	37372	43746
Oct 23, 2022	87651	17	8690	31470
Oct 24, 2022	87226	122	89135	6907
Oct 25, 2022	86777	131	66442	59653
Oct 26, 2022	89191	60	65406	41185
Oct 27, 2022	90107	71	61061	37089
Oct 28, 2022	86968	61	57199	25783
Oct 29, 2022	88546	41	42565	22723
Oct 30, 2022	86795	9	9373	16456
Oct 31, 2022	84826	112	94703	3768
Nov 01, 2022	81888	53	67836	29525
Nov 02, 2022	83342	97	64165	5691
Nov 03, 2022	82978	55	58598	42025
Nov 04, 2022	76575	78	55339	29438
Nov 05, 2022	77687	34	41895	26840
Nov 06, 2022	74329	9	0	21178
Nov 07, 2022	71183	109	97044	3645
Nov 08, 2022	68841	117	62922	40591
Nov 09, 2022	67450	72	56676	28702
Nov 10, 2022	66489	53	49015	27068
Nov 11, 2022	59811	33	43693	26353
Nov 12, 2022	60431	15	31437	5577
Nov 13, 2022	57345	2	6907	27155
Nov 14, 2022	54326	100	59636	6017
Nov 15, 2022	49650	110	41085	48971
Nov 16, 2022	50628	71	36979	34878
Nov 17, 2022	49550	87	25712	33331
Nov 18, 2022	43068	74	22636	37177
Nov 19, 2022	43652	75	16382	47088
Nov 20, 2022	41520	6	3768	14204
Nov 21, 2022	41170	94	29444	29335
Nov 22, 2022	35655	89	5597	64772
Nov 23, 2022	36438	84	41936	49188
Nov 24, 2022	35793	60	-84	50530
Nov 25, 2022	31554	68	56218	48629
Nov 26, 2022	32126	29	21110	48331
Nov 27, 2022	30591	8	3645	37675
Nov 28, 2022	29121	95	40554	9304
Nov 29, 2022	27402	88	28607	91814
Nov 30, 2022	28282	91	26980	68382
Dec 01, 2022	28137	76	26262	69253
Dec 02, 2022	25637	67	5501	59008
Dec 03, 2022	26300	38	27088	52908
Dec 04, 2022	25467	10	6017	40006
Dec 05, 2022	24747	104	48923	10591
Dec 06, 2022	23880	117	34774	105516
Dec 07, 2022	24716	93	33214	75752
Dec 08, 2022	25222	62	37084	71597
Dec 09, 2022	23834	94	47026	65509
Dec 10, 2022	24486	62	14110	61482
Dec 11, 2022	24085	30	29335	46422
Dec 12, 2022	23541	167	64680	10878
Dec 13, 2022	23453	138	49021	97037
Dec 14, 2022	24471	114	50392	70224
Dec 15, 2022	24866	106	48515	62541
Dec 16, 2022	23716	131	48225	56361
Dec 17, 2022	24295	45	37544	52544
Dec 18, 2022	23993	35	9304	37264
Dec 19, 2022	23828	178	91734	8213
Dec 20, 2022	23830	130	68204	71212
Dec 21, 2022	25198	127	69123	54613
Dec 22, 2022	25867	120	58881	49517
Dec 23, 2022	25354	158	52788	43766
Dec 24, 2022	26077	58	39848	40744
Dec 25, 2022	25983	24	0	23681
Dec 26, 2022	25890	133	10591	5429
Dec 27, 2022	25405	208	105516	30989
Dec 28, 2022	26678	140	147349	26081
Dec 29, 2022	27380	132	64946	24436
Dec 30, 2022	26330	115	61350	23808
Dec 31, 2022	27115	52	46307	21836
Jan 01, 2023	26922	28	10878	15005
Jan 02, 2023	26756	172	96957	2246
Jan 03, 2023	26870	163	70052	22916
Jan 04, 2023	27087	123	62378	14105
Jan 05, 2023	27348	143	56238	11537
Jan 06, 2023	27215	126	52401	10383
Jan 07, 2023	26737	54	37264	8961
Jan 08, 2023	25868	22	8213	6557
Jan 09, 2023	25419	145	71010	1702
Jan 10, 2023	24885	115	54468	11715
Jan 11, 2023	25149	88	49402	7635
Jan 12, 2023	25079	53	43678	7159
Jan 13, 2023	24262	101	40691	6238
Jan 14, 2023	22593	27	23580	5429
Jan 15, 2023	22839	9	5429	4166
Jan 16, 2023	22229	80	30953	1235
Jan 17, 2023	22109	99	26001	8381
Jan 18, 2023	21133	82	24337	5894
Jan 19, 2023	21469	64	23726	4992
Jan 20, 2023	19251	44	21772	4475
Jan 21, 2023	19405	54	14961	4324
Jan 22, 2023	18344	9	2246	3477
Jan 23, 2023	17212	134	22853	1027
Jan 24, 2023	16091	59	13971	7263
Jan 25, 2023	16371	0	11478	5347
Jan 26, 2023	15929	28	10383	5287
Jan 27, 2023	14294	44	8933	4681
Jan 28, 2023	14471	0	6513	4513
Jan 29, 2023	13462	0	1702	3802
Jan 30, 2023	12766	96	11715	982
Jan 31, 2023	11740	57	7539	6860
Feb 01, 2023	12096	53	7102	4506
Feb 02, 2023	11762	52	6185	4021
Feb 03, 2023	10611	28	0	3618
Feb 04, 2023	10798	21	5429	3312
Feb 05, 2023	10276	0	4166	2632
Feb 06, 2023	9720	40	9616	718
Feb 07, 2023	10035	42	5753	4999
Feb 08, 2023	9699	31	4950	3991
Feb 09, 2023	10246	17	4444	3653
Feb 10, 2023	9585	20	4307	3366
Feb 11, 2023	9823	0	3457	3187
Feb 12, 2023	9709	0	1027	2469
Feb 13, 2023	9623	50	7263	706
Feb 14, 2023	9817	35	5297	4986
Feb 15, 2023	10453	35	5252	3972
Feb 16, 2023	10799	27	4646	4021
Feb 17, 2023	10613	28	4486	3589
Feb 18, 2023	10903	0	3774	4236
Feb 19, 2023	10954	0	982	2999
Feb 20, 2023	11000	47	6860	898
Feb 21, 2023	11619	32	4459	5774
Feb 22, 2023	11943	38	3989	4584
Feb 23, 2023	12137	19	3580	4489
Feb 24, 2023	12119	29	3293	3917
Feb 25, 2023	12170	0	2603	3843
Feb 26, 2023	13031	0	718	2942
Feb 27, 2023	13659	52	4999	841
Feb 28, 2023	14488	34	3939	5651
Mar 01, 2023	15198	25	3619	4525
Mar 02, 2023	15631	21	3341	4196
Mar 03, 2023	15326	21	3166	3194
Mar 04, 2023	15326	0	2448	4013
Mar 05, 2023	14894	0	0	0
Mar 06, 2023	15297	43	5692	953
Mar 07, 2023	16018	0	-43	0
Mar 08, 2023	16765	0	3972	0
Mar 09, 2023	17345	0	4021	0
Mar 10, 2023	16834	90	7825	6188
Mar 11, 2023	17356	0	2909	6072
Mar 12, 2023	17257	0	898	4558
Mar 13, 2023	17416	50	5774	1235
Mar 14, 2023	17888	27	4534	9937
Mar 15, 2023	18236	24	4462	8348
Mar 16, 2023	18414	24	3893	7932
Mar 17, 2023	17441	26	3819	7228
Mar 18, 2023	17585	0	2916	7210
Mar 19, 2023	17151	0	841	5459
Mar 20, 2023	16774	63	5651	1470
Mar 21, 2023	16727	35	4462	11519
Mar 22, 2023	17050	13	4161	9762
Mar 23, 2023	17074	29	3181	9249
Mar 24, 2023	16078	15	3984	8839
Mar 25, 2023	16078	0	-15	8435
Mar 26, 2023	15781	0	953	6211
Mar 27, 2023	15828	65	0	7
Mar 28, 2023	14829	39	-65	12933
Mar 29, 2023	15084	36	-39	10885
Mar 30, 2023	14201	0	-36	0
Mar 31, 2023	12655	69	12260	9211
Apr 01, 2023	12655	0	4489	8455
Apr 02, 2023	12036	0	1235	6027
Apr 03, 2023	11611	58	9937	1453
Apr 04, 2023	12190	0	-58	0
Apr 05, 2023	12190	58	16280	9922
Apr 06, 2023	11406	35	7170	9374
Apr 07, 2023	10252	28	7175	8786
Apr 08, 2023	9505	0	5431	7739
Apr 09, 2023	8673	0	1470	6474
Apr 10, 2023	9211	0	11519	1342
Apr 11, 2023	8689	0	9762	1884
Apr 12, 2023	8244	59	9249	14207
Apr 13, 2023	7689	0	8780	10678
Apr 14, 2023	6744	108	8435	9467
Apr 15, 2023	6396	0	6103	8595
Apr 16, 2023	5959	0	7	5805
Apr 17, 2023	6427	0	12933	1411
Apr 18, 2023	6283	140	10885	10616
Apr 19, 2023	6113	0	-140	8807
Apr 20, 2023	5924	0	9211	8201
Apr 21, 2023	5294	125	8455	7400
Apr 22, 2023	4971	0	5902	6796
Apr 23, 2023	4618	0	1453	5008
Apr 24, 2023	5136	0	0	1185
Apr 25, 2023	5136	136	9922	8895
Apr 26, 2023	5136	0	9238	7490
Apr 27, 2023	4753	0	8786	6609
Apr 28, 2023	4280	131	7739	6144
Apr 29, 2023	4025	0	6343	5642
Apr 30, 2023	3801	0	1342	4030
May 01, 2023	4220	0	1884	1098
May 02, 2023	4220	89	14207	1065
May 03, 2023	4220	0	10589	8715
May 04, 2023	4088	0	9467	6161
May 05, 2023	3509	166	8595	5505
May 06, 2023	3509	0	5639	5103
May 07, 2023	3509	0	1411	3301
May 08, 2023	4100	0	10616	759
May 09, 2023	4100	51	8807	1044
May 10, 2023	4100	0	8150	6708
May 11, 2023	4100	0	0	0
May 12, 2023	4100	108	14196	9003
May 13, 2023	4100	0	4900	3706
May 14, 2023	4100	0	1185	2563
May 15, 2023	4546	0	8895	623
May 16, 2023	4546	82	7490	5118
May 17, 2023	4546	0	6527	4149
May 18, 2023	4546	0	0	0
May 19, 2023	4546	0	6144	0
May 20, 2023	4546	0	5642	0
May 21, 2023	4546	0	4030	0
May 22, 2023	4842	76	2163	677
May 23, 2023	4842	79	8639	5901
May 24, 2023	4842	0	6082	4905
May 25, 2023	4842	0	5505	4220
May 26, 2023	4842	56	5103	3724
May 27, 2023	4842	0	3245	3317
May 28, 2023	4842	0	759	2284
May 29, 2023	5112	0	1044	592
May 30, 2023	5112	48	6708	902
May 31, 2023	5112	0	-48	5210
Jun 01, 2023	5112	0	9003	3735
Jun 02, 2023	5112	62	3706	3204
Jun 03, 2023	5112	0	2501	2797
Jun 04, 2023	5112	0	623	2082
Jun 05, 2023	5398	0	5118	443
Jun 06, 2023	5398	51	4149	3590
Jun 07, 2023	5398	0	-51	2762
Jun 08, 2023	5398	0	0	2603
Jun 09, 2023	5398	56	0	2357
Jun 10, 2023	5398	0	-56	2135
Jun 11, 2023	5398	0	677	1282
Jun 12, 2023	5593	0	5901	332
Jun 13, 2023	5593	28	4905	2631
Jun 14, 2023	5593	0	4192	2069
Jun 15, 2023	5593	0	3724	545
Jun 16, 2023	5593	40	3317	2895
Jun 17, 2023	5593	0	2244	1482
Jun 18, 2023	5593	0	592	1080
Jun 19, 2023	5757	0	902	270
Jun 20, 2023	5757	45	5210	2071
Jun 21, 2023	5757	0	3690	1702
Jun 22, 2023	5757	0	3204	1420
Jun 23, 2023	5757	23	2797	1232
Jun 24, 2023	5757	0	2059	1217
Jun 25, 2023	5757	0	443	776
Jun 26, 2023	5871	0	3590	213
Jun 27, 2023	5871	26	2762	1680
Jun 28, 2023	5871	0	2577	1148
Jun 29, 2023	5871	0	2357	1106
Jun 30, 2023	5871	0	2135	1106
Jul 01, 2023	5871	0	0	0
Jul 02, 2023	5871	0	1282	0
Jul 03, 2023	5997	0	332	0
Jul 04, 2023	5997	0	2631	0
Jul 05, 2023	5997	0	2069	0
Jul 06, 2023	5997	0	545	0
Jul 07, 2023	5997	0	2895	0
Jul 08, 2023	5997	0	1482	0
Jul 09, 2023	5997	0	1080	0
Jul 10, 2023	6071	0	270	0
Jul 11, 2023	6071	0	2071	0
Jul 12, 2023	6071	0	1702	0
Jul 13, 2023	6071	0	1420	0
Jul 14, 2023	6071	0	1232	0
Jul 15, 2023	6071	0	1217	0
Jul 16, 2023	6071	0	776	0
Jul 17, 2023	6154	0	213	0
Jul 18, 2023	6154	0	1680	0
Jul 19, 2023	6154	0	1148	0
Jul 20, 2023	6154	0	1106	0
Jul 21, 2023	6154	0	1106	0
Jul 22, 2023	6154	0	0	0
Jul 23, 2023	6154	0	0	0
Jul 24, 2023	6260	0	0	0
Jul 25, 2023	6260	0	0	0
Jul 26, 2023	6260	0	0	0
Jul 27, 2023	6260	0	0	0
Jul 28, 2023	6260	0	0	0
Jul 29, 2023	6260	0	0	0
Jul 30, 2023	6260	0	0	0
Jul 31, 2023	6348	0	0	0
Aug 01, 2023	6348	0	0	0
Aug 02, 2023	6348	0	0	0
Aug 03, 2023	6348	0	0	0
Aug 04, 2023	6348	0	0	0
Aug 05, 2023	6348	0	0	0
Aug 06, 2023	6348	0	0	0
Aug 07, 2023	6476	0	0	0
Aug 08, 2023	6476	0	0	0
Aug 09, 2023	6476	0	0	0
Aug 10, 2023	6476	0	0	0
Aug 11, 2023	6476	0	0	0
Aug 12, 2023	6476	0	0	0
Aug 13, 2023	6476	0	0	0
Aug 14, 2023	6654	0	0	0
Aug 15, 2023	6654	0	0	0
Aug 16, 2023	6654	0	0	0
Aug 17, 2023	6654	0	0	0
Aug 18, 2023	6654	0	0	0
Aug 19, 2023	6654	0	0	0
Aug 20, 2023	6654	0	0	0
Aug 21, 2023	6854	0	0	0
Aug 22, 2023	6854	0	0	0
Aug 23, 2023	6854	0	0	0
Aug 24, 2023	6854	0	0	0
Aug 25, 2023	6854	0	0	0
Aug 26, 2023	6854	0	0	0
Aug 27, 2023	6854	0	0	0
Aug 28, 2023	7141	0	0	0
Aug 29, 2023	7141	0	0	0
Aug 30, 2023	7141	0	0	0
Aug 31, 2023	7141	0	0	0
Sep 01, 2023	7141	0	0	0
Sep 02, 2023	7141	0	0	0
Sep 03, 2023	7141	0	0	0
Sep 04, 2023	7400	0	0	0
Sep 05, 2023	7400	0	0	0
Sep 06, 2023	7400	0	0	0
Sep 07, 2023	7400	0	0	0
Sep 08, 2023	7400	0	0	0
Sep 09, 2023	7400	0	0	0
Sep 10, 2023	7400	0	0	0
Sep 11, 2023	7754	0	0	0
Sep 12, 2023	7754	0	0	0
Sep 13, 2023	7754	0	0	0
Sep 14, 2023	1113	0	0	0
Sep 15, 2023	1113	0	0	0
Sep 16, 2023	1113	0	0	0
Sep 17, 2023	1113	0	0	0
Sep 18, 2023	1506	0	0	0
Sep 19, 2023	1506	0	0	0
Sep 20, 2023	1506	0	0	0
Sep 21, 2023	1316	0	0	0
Sep 22, 2023	1316	0	0	0
Sep 23, 2023	1316	0	0	0
Sep 24, 2023	1316	0	0	0
Sep 25, 2023	1719	0	0	0
Sep 26, 2023	1719	0	0	0
Sep 27, 2023	1719	0	0	0
Sep 28, 2023	1510	0	0	0
Sep 29, 2023	1510	0	0	0
Sep 30, 2023	1510	0	0	0
Oct 01, 2023	1510	0	0	0
Oct 02, 2023	1855	0	0	0
Oct 03, 2023	1855	0	0	0
Oct 04, 2023	1855	0	0	0
Oct 05, 2023	1564	0	0	0
Oct 06, 2023	1564	0	0	0
Oct 07, 2023	1564	0	0	0
Oct 08, 2023	1564	0	0	0
Oct 09, 2023	2002	0	0	0
Oct 10, 2023	2002	0	0	0
Oct 11, 2023	2002	0	0	0
Oct 12, 2023	1649	0	0	0
Oct 13, 2023	1649	0	0	0
Oct 14, 2023	1649	0	0	0
Oct 15, 2023	1649	0	0	0
Oct 16, 2023	1995	0	0	0
Oct 17, 2023	1995	0	0	0
Oct 18, 2023	1995	0	0	0
Oct 19, 2023	1574	0	0	0
Oct 20, 2023	1574	0	0	0
Oct 21, 2023	1574	0	0	0
Oct 22, 2023	1574	0	0	0
Oct 23, 2023	1574	0	0	0
Oct 24, 2023	1574	0	0	0
Oct 25, 2023	1574	0	0	0
Oct 26, 2023	1236	0	0	0
Oct 27, 2023	1236	0	0	0
Oct 28, 2023	1236	0	0	0
Oct 29, 2023	1236	0	0	0
Oct 30, 2023	1236	0	0	0
Oct 31, 2023	1236	0	0	0
Nov 01, 2023	1236	0	0	0
Nov 02, 2023	799	0	0	0
Nov 03, 2023	799	0	0	0
Nov 04, 2023	799	0	0	0
Nov 05, 2023	1719	0	0	0
Nov 06, 2023	1719	0	0	0
Nov 07, 2023	1719	0	0	0
Nov 08, 2023	1719	0	0	0
Nov 09, 2023	1136	0	0	0
Nov 10, 2023	1136	0	0	0
Nov 11, 2023	1136	0	0	0
Nov 12, 2023	2039	0	0	0
Nov 13, 2023	2039	0	0	0
Nov 14, 2023	2039	0	0	0
Nov 15, 2023	2039	0	0	0
Nov 16, 2023	2039	0	0	0
Nov 17, 2023	2039	0	0	0
Nov 18, 2023	2039	0	0	0
Nov 19, 2023	2907	0	0	0
Nov 20, 2023	2907	0	0	0
Nov 21, 2023	2907	0	0	0
Nov 22, 2023	2907	0	0	0
Nov 23, 2023	2907	0	0	0
Nov 24, 2023	2907	0	0	0
Nov 25, 2023	2907	0	0	0
Nov 26, 2023	3824	0	0	0
Nov 27, 2023	3824	0	0	0
Nov 28, 2023	3824	0	0	0
Nov 29, 2023	3824	0	0	0
Nov 30, 2023	3824	0	0	0
Dec 01, 2023	3824	0	0	0
Dec 02, 2023	3824	0	0	0
Dec 03, 2023	4902	0	0	0
Dec 04, 2023	4902	0	0	0
Dec 05, 2023	4902	0	0	0
Dec 06, 2023	4902	0	0	0
Dec 07, 2023	4902	0	0	0
Dec 08, 2023	4902	0	0	0
Dec 09, 2023	4902	0	0	0
Dec 10, 2023	6481	0	0	0
Dec 11, 2023	6265	0	0	0
Dec 12, 2023	6265	0	0	0
Dec 13, 2023	6265	0	0	0
Dec 14, 2023	6265	0	0	0
Dec 15, 2023	6265	0	0	0
Dec 16, 2023	6265	0	0	0
Dec 17, 2023	8058	0	0	0
Dec 18, 2023	8058	0	0	0
Dec 19, 2023	8058	0	0	0
Dec 20, 2023	8058	0	0	0
Dec 21, 2023	8058	0	0	0
Dec 22, 2023	8058	0	0	0
Dec 23, 2023	8058	0	0	0
Dec 24, 2023	9630	0	0	0
Dec 25, 2023	9630	0	0	0
Dec 26, 2023	9630	0	0	0
Dec 27, 2023	9630	0	0	0
Dec 28, 2023	9630	0	0	0
Dec 29, 2023	9630	0	0	0
Dec 30, 2023	9630	0	0	0
Dec 31, 2023	10979	0	0	0
Jan 01, 2024	10979	0	0	0
Jan 02, 2024	10979	0	0	0
Jan 03, 2024	10979	0	0	0
Jan 04, 2024	10979	0	0	0
Jan 05, 2024	10979	0	0	0
Jan 06, 2024	10979	0	0	0
Jan 07, 2024	11989	0	0	0
Jan 08, 2024	11989	0	0	0
Jan 09, 2024	11989	0	0	0
Jan 10, 2024	11989	0	0	0
Jan 11, 2024	11989	0	0	0
Jan 12, 2024	8830	0	0	0
Jan 13, 2024	8830	0	0	0
Jan 14, 2024	9584	0	0	0
Jan 15, 2024	9584	0	0	0
Jan 16, 2024	9584	0	0	0
Jan 17, 2024	4708	0	0	0
Jan 18, 2024	4708	0	0	0
Jan 19, 2024	4708	0	0	0
Jan 20, 2024	4708	0	0	0
Jan 21, 2024	5306	0	0	0
Jan 22, 2024	5283	0	0	0
Jan 23, 2024	5283	0	0	0
Jan 24, 2024	3711	0	0	0
Jan 25, 2024	3711	0	0	0
Jan 26, 2024	3711	0	0	0
Jan 27, 2024	3711	0	0	0
Jan 28, 2024	4293	0	0	0
Jan 29, 2024	4293	0	0	0
Jan 30, 2024	4293	0	0	0
Jan 31, 2024	2944	0	0	0
Feb 01, 2024	2944	0	0	0
Feb 02, 2024	2944	0	0	0
Feb 03, 2024	2944	0	0	0
Feb 04, 2024	3442	0	0	0
Feb 05, 2024	3442	0	0	0
Feb 06, 2024	3442	0	0	0
Feb 07, 2024	2432	0	0	0
Feb 08, 2024	2432	0	0	0
Feb 09, 2024	2432	0	0	0
Feb 10, 2024	2432	0	0	0
Feb 11, 2024	2782	0	0	0
Feb 12, 2024	2782	0	0	0
Feb 13, 2024	2782	0	0	0
Feb 14, 2024	2069	0	0	0
Feb 15, 2024	2069	0	0	0
Feb 16, 2024	2069	0	0	0
Feb 17, 2024	2069	0	0	0
Feb 18, 2024	2069	0	0	0
Feb 19, 2024	2069	0	0	0
Feb 20, 2024	2069	0	0	0
Feb 21, 2024	1447	0	0	0
Feb 22, 2024	1447	0	0	0
Feb 23, 2024	1447	0	0	0
Feb 24, 2024	1447	0	0	0
Feb 25, 2024	1447	0	0	0
Feb 26, 2024	1447	0	0	0
Feb 27, 2024	911	0	0	0
Feb 28, 2024	848	0	0	0
Feb 29, 2024	848	0	0	0
Mar 01, 2024	848	0	0	0
Mar 02, 2024	848	0	0	0
Mar 03, 2024	848	0	0	0
Mar 04, 2024	848	0	0	0
Mar 05, 2024	848	0	0	0
Mar 06, 2024	350	0	0	0
Mar 07, 2024	350	0	0	0
Mar 08, 2024	350	0	0	0
Mar 09, 2024	350	0	0	0
Mar 10, 2024	350	0	0	0
Mar 11, 2024	350	0	0	0
Mar 12, 2024	350	0	0	0
Mar 13, 2024	0	0	0	0
Mar 14, 2024	0	0	0	0
Mar 15, 2024	0	0	0	0
Mar 16, 2024	0	0	0	0
Mar 17, 2024	0	0	0	0
Mar 18, 2024	0	0	0	0
Mar 19, 2024	0	0	0	0
Mar 20, 2024	0	0	0	0
Mar 21, 2024	0	0	0	0
Mar 22, 2024	0	0	0	0
Mar 23, 2024	0	0	0	0
