Feb 15, 2020	0	null	null	null
Feb 16, 2020	0	0	0	0
Feb 17, 2020	0	0	1	0
Feb 18, 2020	0	0	2	0
Feb 19, 2020	0	0	0	0
Feb 20, 2020	0	0	0	0
Feb 21, 2020	0	0	0	0
Feb 22, 2020	0	0	3	0
Feb 23, 2020	0	0	0	0
Feb 24, 2020	0	0	1	0
Feb 25, 2020	0	0	0	2
Feb 26, 2020	0	0	0	4
Feb 27, 2020	0	0	0	19
Feb 28, 2020	1	0	0	18
Feb 29, 2020	1	0	1	39
Mar 01, 2020	1	0	0	27
Mar 02, 2020	1	0	0	56
Mar 03, 2020	1	0	0	20
Mar 04, 2020	1	0	0	67
Mar 05, 2020	1	0	0	126
Mar 06, 2020	1	0	0	209
Mar 07, 2020	1	5	0	269
Mar 08, 2020	1	3	0	236
Mar 09, 2020	2	11	0	185
Mar 10, 2020	2	3	0	338
Mar 11, 2020	2	15	0	452
Mar 12, 2020	2	13	0	540
Mar 13, 2020	2	18	0	714
Mar 14, 2020	2	12	0	761
Mar 15, 2020	1	36	0	840
Mar 16, 2020	1	21	0	1100
Mar 17, 2020	2	27	590	997
Mar 18, 2020	7	89	0	1277
Mar 19, 2020	11	108	693	1691
Mar 20, 2020	11	78	292	1469
Mar 21, 2020	21	112	0	1678
Mar 22, 2020	28	112	613	1417
Mar 23, 2020	37	186	0	3488
Mar 24, 2020	41	240	1081	2224
Mar 25, 2020	48	231	619	2662
Mar 26, 2020	61	365	1048	3564
Mar 27, 2020	66	299	752	3462
Mar 28, 2020	93	319	0	4191
Mar 29, 2020	107	292	1502	2362
Mar 30, 2020	121	418	725	3977
Mar 31, 2020	125	498	1517	6887
Apr 01, 2020	163	508	1491	4418
Apr 02, 2020	162	1354	1493	1923
Apr 03, 2020	181	1119	1580	4755
Apr 04, 2020	185	1052	1430	3877
Apr 05, 2020	194	517	745	1703
Apr 06, 2020	198	832	1067	3555
Apr 07, 2020	204	1416	2087	3432
Apr 08, 2020	226	540	1917	3526
Apr 09, 2020	230	1339	1952	3895
Apr 10, 2020	240	986	1726	3946
Apr 11, 2020	238	634	1459	2829
Apr 12, 2020	228	561	795	1466
Apr 13, 2020	242	574	532	2428
Apr 14, 2020	263	761	1087	4996
Apr 15, 2020	267	1437	2150	2393
Apr 16, 2020	277	752	1857	2400
Apr 17, 2020	317	760	1608	368
Apr 18, 2020	357	641	1563	2335
Apr 19, 2020	436	395	595	714
Apr 20, 2020	455	546	831	1864
Apr 21, 2020	560	530	1772	2423
Apr 22, 2020	648	543	1476	1661
Apr 23, 2020	753	515	1431	1502
Apr 24, 2020	855	389	1405	1611
Apr 25, 2020	925	369	1101	1397
Apr 26, 2020	994	242	309	419
Apr 27, 2020	1042	436	610	3420
Apr 28, 2020	1233	367	1373	1381
Apr 29, 2020	1370	426	1342	1675
Apr 30, 2020	1555	289	1248	1061
May 01, 2020	1751	218	736	563
May 02, 2020	1952	166	350	740
May 03, 2020	2071	135	222	287
May 04, 2020	2292	306	587	537
May 05, 2020	2371	330	1365	1029
May 06, 2020	2508	278	1236	3898
May 07, 2020	2818	178	1055	586
May 08, 2020	3116	243	815	598
May 09, 2020	3278	80	4206	403
May 10, 2020	3478	70	4272	195
May 11, 2020	3589	263	2851	425
May 12, 2020	3670	348	1265	659
May 13, 2020	3737	83	2590	473
May 14, 2020	3815	351	5146	580
May 15, 2020	3954	104	2529	524
May 16, 2020	3973	96	2468	347
May 17, 2020	4183	146	77	112
May 18, 2020	4340	131	2361	459
May 19, 2020	4475	119	1002	489
May 20, 2020	4637	110	1941	389
May 21, 2020	4898	83	2584	296
May 22, 2020	5033	74	1753	366
May 23, 2020	5131	43	1610	233
May 24, 2020	5350	35	1738	107
May 25, 2020	5524	65	1267	334
May 26, 2020	5710	98	3800	257
May 27, 2020	5978	66	520	178
May 28, 2020	6064	66	532	3098
May 29, 2020	6344	52	351	556
May 30, 2020	6726	57	138	1703
May 31, 2020	6868	31	394	239
Jun 01, 2020	7157	31	628	315
Jun 02, 2020	7265	107	366	283
Jun 03, 2020	7522	81	499	330
Jun 04, 2020	7658	44	480	720
Jun 05, 2020	7815	46	301	573
Jun 06, 2020	8065	31	81	543
Jun 07, 2020	8173	13	446	322
Jun 08, 2020	8400	54	435	198
Jun 09, 2020	8893	87	302	378
Jun 10, 2020	9140	23	273	511
Jun 11, 2020	9673	27	339	399
Jun 12, 2020	9891	28	205	681
Jun 13, 2020	10174	24	83	494
Jun 14, 2020	10445	9	325	382
Jun 15, 2020	10885	29	228	143
Jun 16, 2020	11070	111	67	323
Jun 17, 2020	11299	28	3070	430
Jun 18, 2020	11698	28	528	438
Jun 19, 2020	12079	14	1689	761
Jun 20, 2020	12584	16	223	602
Jun 21, 2020	12847	7	308	267
Jun 22, 2020	13285	23	260	350
Jun 23, 2020	13500	57	273	485
Jun 24, 2020	13865	11	709	76
Jun 25, 2020	14243	21	552	0
Jun 26, 2020	14491	26	517	1490
Jun 27, 2020	14894	8	314	490
Jun 28, 2020	14995	9	189	490
Jun 29, 2020	15158	18	360	263
Jun 30, 2020	15358	30	481	508
Jul 01, 2020	15729	18	381	861
Jul 02, 2020	15693	14	667	618
Jul 03, 2020	15867	18	476	546
Jul 04, 2020	16071	7	375	526
Jul 05, 2020	16401	7	136	600
Jul 06, 2020	16804	13	310	165
Jul 07, 2020	17012	13	417	446
Jul 08, 2020	17192	32	406	622
Jul 09, 2020	17513	14	747	583
Jul 10, 2020	17819	25	577	617
Jul 11, 2020	18160	4	263	628
Jul 12, 2020	18371	3	347	627
Jul 13, 2020	18738	18	467	270
Jul 14, 2020	19070	71	5	480
Jul 15, 2020	19500	20	-20	390
Jul 16, 2020	19793	18	1472	501
Jul 17, 2020	20049	14	476	785
Jul 18, 2020	20391	9	481	812
Jul 19, 2020	20769	8	255	812
Jul 20, 2020	21091	8	500	328
Jul 21, 2020	21319	13	848	548
Jul 22, 2020	21716	7	611	937
Jul 23, 2020	22054	10	536	997
Jul 24, 2020	22135	10	516	1060
Jul 25, 2020	22173	4	596	956
Jul 26, 2020	22300	4	161	955
Jul 27, 2020	22117	9	437	482
Jul 28, 2020	22172	14	608	680
Jul 29, 2020	22331	15	568	1306
Jul 30, 2020	22541	16	601	1292
Jul 31, 2020	22707	11	617	1263
Aug 01, 2020	22567	3	624	0
Aug 02, 2020	22645	4	266	2646
Aug 03, 2020	22570	22	458	522
Aug 04, 2020	11672	2	388	975
Aug 05, 2020	11798	9	492	1591
Aug 06, 2020	11884	7	778	1505
Aug 07, 2020	12114	12	800	2147
Aug 08, 2020	12154	1	811	1910
Aug 09, 2020	12446	1	327	1909
Aug 10, 2020	12571	14	534	737
Aug 11, 2020	12725	14	923	1311
Aug 12, 2020	12844	17	980	2369
Aug 13, 2020	12841	17	1043	2505
Aug 14, 2020	11474	17	939	2671
Aug 15, 2020	11506	4	951	3106
Aug 16, 2020	11596	1	481	2829
Aug 17, 2020	11674	24	656	463
Aug 18, 2020	11863	17	1289	2100
Aug 19, 2020	12199	17	1275	3544
Aug 20, 2020	12403	12	1251	4477
Aug 21, 2020	12423	23	-23	4304
Aug 22, 2020	12141	9	2637	3380
Aug 23, 2020	12280	1	521	4596
Aug 24, 2020	12287	15	960	1835
Aug 25, 2020	11829	16	1575	3101
Aug 26, 2020	11730	0	1505	5095
Aug 27, 2020	11580	32	2115	5735
Aug 28, 2020	11449	20	1890	6925
Aug 29, 2020	11402	6	1903	5117
Aug 30, 2020	11339	4	733	5080
Aug 31, 2020	11357	29	1282	2892
Sep 01, 2020	11214	26	2343	4675
Sep 02, 2020	10997	25	2480	6585
Sep 03, 2020	10912	0	2671	6716
Sep 04, 2020	10876	0	3106	8423
Sep 05, 2020	10929	12	2817	8024
Sep 06, 2020	10935	3	460	6636
Sep 07, 2020	10868	25	2075	3944
Sep 08, 2020	11055	38	3506	6141
Sep 09, 2020	10952	30	4447	8049
Sep 10, 2020	10944	19	4285	9237
Sep 11, 2020	10943	80	3300	8827
Sep 12, 2020	11011	17	4579	9911
Sep 13, 2020	11022	6	1829	6741
Sep 14, 2020	10968	34	3067	5779
Sep 15, 2020	10960	49	5046	7369
Sep 16, 2020	7641	46	5689	9182
Sep 17, 2020	7550	50	6875	9941
Sep 18, 2020	7557	153	4964	12402
Sep 19, 2020	7619	26	5054	12667
Sep 20, 2020	7575	11	2881	9918
Sep 21, 2020	7663	53	4622	4972
Sep 22, 2020	7677	78	6507	9392
Sep 23, 2020	7637	43	6673	12267
Sep 24, 2020	7649	52	8371	15105
Sep 25, 2020	7353	150	7874	14825
Sep 26, 2020	7370	39	6597	13525
Sep 27, 2020	7422	27	3917	10438
Sep 28, 2020	7454	81	6060	3819
Sep 29, 2020	7599	85	7964	7555
Sep 30, 2020	7378	63	9174	12054
Oct 01, 2020	7437	63	8764	13110
Oct 02, 2020	7422	130	9781	11400
Oct 03, 2020	7456	49	6692	15927
Oct 04, 2020	7464	32	5747	11792
Oct 05, 2020	7401	69	7300	4771
Oct 06, 2020	7162	66	9116	9843
Oct 07, 2020	7222	80	9861	17592
Oct 08, 2020	7177	76	12326	17013
Oct 09, 2020	7265	109	12558	19087
Oct 10, 2020	7277	54	9864	25240
Oct 11, 2020	7416	46	4926	15110
Oct 12, 2020	7372	95	9297	7981
Oct 13, 2020	7533	108	12159	12193
Oct 14, 2020	7575	104	15001	21200
Oct 15, 2020	7672	88	14737	28736
Oct 16, 2020	7771	178	13347	23542
Oct 17, 2020	3627	89	10349	30431
Oct 18, 2020	3704	85	3734	28000
Oct 19, 2020	3736	146	7409	12428
Oct 20, 2020	3708	262	11792	19208
Oct 21, 2020	3662	163	12947	25034
Oct 22, 2020	3693	162	11238	39060
Oct 23, 2020	3563	298	15629	39445
Oct 24, 2020	3516	137	11655	42626
Oct 25, 2020	3397	116	4655	48808
Oct 26, 2020	3408	257	9586	25123
Oct 27, 2020	3173	523	17069	31360
Oct 28, 2020	3137	244	16769	34194
Oct 29, 2020	3131	235	18852	44705
Oct 30, 2020	3117	545	24695	46185
Oct 31, 2020	3034	223	14887	33447
Nov 01, 2020	3028	231	7750	45258
Nov 02, 2020	2561	467	11726	51104
Nov 03, 2020	2388	906	20294	35912
Nov 04, 2020	2499	437	28299	39880
Nov 05, 2020	2606	415	23127	56292
Nov 06, 2020	2733	880	29551	58581
Nov 07, 2020	2752	356	27644	83324
Nov 08, 2020	3026	322	12106	38059
Nov 09, 2020	2957	548	18660	20732
Nov 10, 2020	2843	857	24177	22632
Nov 11, 2020	2617	328	38732	35488
Nov 12, 2020	2776	425	39020	32948
Nov 13, 2020	2785	932	41694	24147
Nov 14, 2020	2804	552	48256	31937
Nov 15, 2020	2912	500	24623	27370
Nov 16, 2020	2980	704	30656	10645
Nov 17, 2020	2957	625	33569	13630
Nov 18, 2020	3073	677	44028	26636
Nov 19, 2020	3101	681	45504	19848
Nov 20, 2020	3035	634	32813	21473
Nov 21, 2020	3178	390	44868	16780
Nov 22, 2020	3140	352	50752	12347
Nov 23, 2020	3030	638	35274	4178
Nov 24, 2020	3127	592	39288	8591
Nov 25, 2020	3143	569	55723	15280
Nov 26, 2020	3220	527	58054	12728
Nov 27, 2020	3363	581	82743	11692
Nov 28, 2020	3340	316	37743	11806
Nov 29, 2020	3184	301	20431	9182
Nov 30, 2020	3102	509	22123	3758
Dec 01, 2020	3232	466	35022	7585
Dec 02, 2020	2944	425	32523	13198
Dec 03, 2020	2833	439	23708	11914
Dec 04, 2020	2981	397	31540	10530
Dec 05, 2020	3107	327	27043	12127
Dec 06, 2020	3301	287	10358	10344
Dec 07, 2020	3517	480	13150	3201
Dec 08, 2020	3903	491	26145	12869
Dec 09, 2020	4243	403	19445	13697
Dec 10, 2020	4680	400	21073	12904
Dec 11, 2020	5228	412	16368	12581
Dec 12, 2020	5713	314	12033	13088
Dec 13, 2020	5888	271	3907	10823
Dec 14, 2020	5863	492	8099	2874
Dec 15, 2020	6438	428	14852	10822
Dec 16, 2020	7087	407	12321	16531
Dec 17, 2020	7896	376	11316	17130
Dec 18, 2020	8317	374	11432	14709
Dec 19, 2020	8931	294	8888	16484
Dec 20, 2020	8910	236	3522	12011
Dec 21, 2020	9070	456	7129	5440
Dec 22, 2020	9679	487	12711	11069
Dec 23, 2020	10412	359	11555	14010
Dec 24, 2020	11070	373	10157	20302
Dec 25, 2020	11253	242	11885	19015
Dec 26, 2020	11834	230	10114	2903
Dec 27, 2020	12126	257	2944	8279
Dec 28, 2020	12190	447	12422	2778
Dec 29, 2020	12356	468	13229	10694
Dec 30, 2020	11976	377	12527	24828
Dec 31, 2020	12605	325	12256	18700
Jan 01, 2021	12920	207	12881	18157
Jan 02, 2021	13072	231	10592	3253
Jan 03, 2021	13725	191	2683	11720
Jan 04, 2021	14334	453	10369	3774
Jan 05, 2021	14990	420	16111	19228
Jan 06, 2021	15746	387	16743	23817
Jan 07, 2021	16622	381	14328	20367
Jan 08, 2021	17584	381	16103	18594
Jan 09, 2021	18296	264	11747	18935
Jan 10, 2021	18699	248	5192	14963
Jan 11, 2021	19479	407	10662	3362
Jan 12, 2021	19654	452	13558	18536
Jan 13, 2021	20062	347	19955	22384
Jan 14, 2021	20243	401	18614	19921
Jan 15, 2021	21397	399	2504	19962
Jan 16, 2021	22156	264	8015	20088
Jan 17, 2021	19635	213	2565	15618
Jan 18, 2021	20616	475	10219	3506
Jan 19, 2021	20641	441	24387	22155
Jan 20, 2021	20877	420	18280	25135
Jan 21, 2021	21524	456	17701	21442
Jan 22, 2021	22595	429	2824	21858
Jan 23, 2021	23199	295	11425	22451
Jan 24, 2021	22834	237	3537	17301
Jan 25, 2021	23130	510	18718	3979
Jan 26, 2021	23501	417	23400	20726
Jan 27, 2021	24252	505	19862	25259
Jan 28, 2021	24499	499	18095	22307
Jan 29, 2021	24317	510	18425	21451
Jan 30, 2021	25267	322	14641	22890
Jan 31, 2021	24667	275	3087	18051
Feb 01, 2021	24036	536	18000	4079
Feb 02, 2021	24388	485	21899	21900
Feb 03, 2021	24415	476	19445	24739
Feb 04, 2021	23949	476	19486	22005
Feb 05, 2021	24374	413	19675	20776
Feb 06, 2021	25038	263	15355	19319
Feb 07, 2021	24556	243	3263	18501
Feb 08, 2021	24083	530	21625	4051
Feb 09, 2021	23998	508	24627	17708
Feb 10, 2021	23929	404	21038	23824
Feb 11, 2021	23794	468	21390	19766
Feb 12, 2021	23921	429	22022	19427
Feb 13, 2021	23518	257	17044	19924
Feb 14, 2021	23408	226	3753	15527
Feb 15, 2021	22158	471	20255	4107
Feb 16, 2021	21798	410	24849	18384
Feb 17, 2021	21860	391	21916	23478
Feb 18, 2021	22026	352	21099	21116
Feb 19, 2021	21571	409	22481	22631
Feb 20, 2021	21717	213	17838	20994
Feb 21, 2021	21616	163	3916	20689
Feb 22, 2021	21454	363	21537	4360
Feb 23, 2021	21370	341	24398	18829
Feb 24, 2021	21139	370	21635	29579
Feb 25, 2021	20886	354	20422	23839
Feb 26, 2021	20630	379	18940	23655
Feb 27, 2021	20256	214	18287	22519
Feb 28, 2021	19982	125	3926	18724
Mar 01, 2021	20198	404	17304	4413
Mar 02, 2021	20022	330	23494	21450
Mar 03, 2021	19209	389	19377	25139
Mar 04, 2021	19385	360	19067	23723
Mar 05, 2021	19063	305	19619	22060
Mar 06, 2021	18628	187	15340	21871
Mar 07, 2021	18647	147	3960	20482
Mar 08, 2021	18422	377	18007	4999
Mar 09, 2021	18208	316	23162	21868
Mar 10, 2021	17670	295	20821	28438
Mar 11, 2021	15528	296	22335	25494
Mar 12, 2021	14264	254	20740	23676
Mar 13, 2021	13810	192	20497	27927
Mar 14, 2021	13245	137	4223	24721
Mar 15, 2021	13127	357	18472	6073
Mar 16, 2021	12984	338	29241	28130
Mar 17, 2021	12783	300	23539	36131
Mar 18, 2021	12492	327	23328	32844
Mar 19, 2021	11931	362	22157	32911
Mar 20, 2021	11846	244	18480	33169
Mar 21, 2021	11808	170	4243	28699
Mar 22, 2021	11713	402	21048	35259
Mar 23, 2021	11515	347	24792	23350
Mar 24, 2021	11421	305	23418	31334
Mar 25, 2021	10357	285	21775	42831
Mar 26, 2021	10363	363	21508	39292
Mar 27, 2021	10243	201	20281	39995
Mar 28, 2021	10237	142	4857	34736
Mar 29, 2021	10126	371	21497	26843
Mar 30, 2021	9173	348	28090	26580
Mar 31, 2021	9186	325	25169	39327
Apr 01, 2021	9231	314	23362	47541
Apr 02, 2021	9170	304	27623	43804
Apr 03, 2021	9202	213	24508	18571
Apr 04, 2021	9139	185	5888	57172
Apr 05, 2021	9227	197	27933	11576
Apr 06, 2021	7700	414	35717	54241
Apr 07, 2021	7652	431	32413	28890
Apr 08, 2021	7518	374	32537	14892
Apr 09, 2021	7520	301	32868	38704
Apr 10, 2021	7578	179	28520	40620
Apr 11, 2021	7632	176	35083	32747
Apr 12, 2021	7599	385	22965	8011
Apr 13, 2021	7625	351	30983	36705
Apr 14, 2021	7669	303	42528	40827
Apr 15, 2021	7734	302	38990	35703
Apr 16, 2021	7782	313	39682	34199
Apr 17, 2021	7821	189	34547	33653
Apr 18, 2021	7840	140	26703	27538
Apr 19, 2021	7858	489	26091	6847
Apr 20, 2021	7956	346	38981	39882
Apr 21, 2021	7986	313	47228	32815
Apr 22, 2021	7949	283	43521	32205
Apr 23, 2021	7929	332	18239	30349
Apr 24, 2021	7936	217	56955	30624
Apr 25, 2021	7731	152	11424	22959
Apr 26, 2021	7731	405	53836	5586
Apr 27, 2021	7837	333	28557	28451
Apr 28, 2021	7909	322	14570	29598
Apr 29, 2021	7951	313	38391	24904
Apr 30, 2021	7946	276	40344	22803
May 01, 2021	7946	195	32552	24090
May 02, 2021	7981	116	7895	9279
May 03, 2021	7765	315	36390	3529
May 04, 2021	7781	247	40580	22871
May 05, 2021	7805	252	35451	24400
May 06, 2021	7812	227	33972	20375
May 07, 2021	7821	235	33418	17947
May 08, 2021	7055	179	27359	19468
May 09, 2021	7057	119	6728	8566
May 10, 2021	7085	296	39586	3089
May 11, 2021	7092	240	32575	18573
May 12, 2021	7119	184	32021	20175
May 13, 2021	7159	131	30218	18263
May 14, 2021	7196	173	30451	6593
May 15, 2021	7224	122	22837	14719
May 16, 2021	7230	91	5495	13089
May 17, 2021	7296	206	28245	3144
May 18, 2021	7322	198	29400	16151
May 19, 2021	7329	146	24763	17877
May 20, 2021	7375	138	22803	15415
May 21, 2021	7415	113	23947	12800
May 22, 2021	7444	95	9166	12611
May 23, 2021	7476	76	3440	9704
May 24, 2021	7502	68	22801	2229
May 25, 2021	7499	203	24320	3155
May 26, 2021	7546	153	20172	12646
May 27, 2021	7585	151	17803	13933
May 28, 2021	7637	107	19308	11268
May 29, 2021	7657	69	8459	10675
May 30, 2021	7686	46	3021	8541
May 31, 2021	5638	128	18529	1211
Jun 01, 2021	4500	129	20044	9848
Jun 02, 2021	4515	98	18134	8743
Jun 03, 2021	2044	72	6469	8161
Jun 04, 2021	2029	84	14673	6953
Jun 05, 2021	1645	57	13005	6654
Jun 06, 2021	1554	26	3087	5070
Jun 07, 2021	1509	65	16126	1166
Jun 08, 2021	1542	73	17811	6016
Jun 09, 2021	1534	66	15342	5557
Jun 10, 2021	1534	70	12735	4475
Jun 11, 2021	1504	71	12540	3871
Jun 12, 2021	1506	34	9604	3972
Jun 13, 2021	1486	13	2195	2855
Jun 14, 2021	1492	63	3171	689
Jun 15, 2021	1495	80	12583	3235
Jun 16, 2021	1458	50	13853	3058
Jun 17, 2021	1490	62	11224	2044
Jun 18, 2021	1498	56	10607	3181
Jun 19, 2021	1539	22	8485	2624
Jun 20, 2021	1532	14	1189	1815
Jun 21, 2021	1377	40	9834	487
Jun 22, 2021	1300	51	8703	2204
Jun 23, 2021	1340	33	8110	2320
Jun 24, 2021	1350	44	6920	2007
Jun 25, 2021	1374	33	6610	1986
Jun 26, 2021	1400	16	5037	2128
Jun 27, 2021	1399	21	1154	1578
Jun 28, 2021	1429	48	5999	509
Jun 29, 2021	1438	33	5501	2314
Jun 30, 2021	1254	25	4442	2457
Jul 01, 2021	1298	29	3846	2664
Jul 02, 2021	1242	24	3943	2683
Jul 03, 2021	1304	17	2831	3006
Jul 04, 2021	1356	9	672	2549
Jul 05, 2021	1387	36	3226	796
Jul 06, 2021	1473	34	3022	3585
Jul 07, 2021	1580	28	2010	4081
Jul 08, 2021	1719	25	3153	4442
Jul 09, 2021	1897	18	2599	4580
Jul 10, 2021	1987	19	1797	4696
Jul 11, 2021	1989	4	468	4256
Jul 12, 2021	2113	28	2200	1260
Jul 13, 2021	2119	54	2292	6950
Jul 14, 2021	2138	6	1953	8875
Jul 15, 2021	2286	16	1980	3617
Jul 16, 2021	2414	22	2112	10908
Jul 17, 2021	2531	16	1556	10949
Jul 18, 2021	2706	5	493	12532
Jul 19, 2021	2830	20	2309	4151
Jul 20, 2021	3023	33	2437	18181
Jul 21, 2021	3251	29	2631	21539
Jul 22, 2021	3404	11	2654	21909
Jul 23, 2021	3712	26	2995	19561
Jul 24, 2021	3975	25	2523	25624
Jul 25, 2021	4190	7	771	15242
Jul 26, 2021	4392	50	3579	5307
Jul 27, 2021	4757	31	4036	26871
Jul 28, 2021	5238	44	4414	27934
Jul 29, 2021	5750	32	4540	25190
Jul 30, 2021	6284	66	4667	24309
Jul 31, 2021	6765	47	4196	23471
Aug 01, 2021	7161	20	1217	19600
Aug 02, 2021	7562	56	6932	5184
Aug 03, 2021	7979	63	8824	26829
Aug 04, 2021	8636	59	3560	28784
Aug 05, 2021	9076	57	10855	26460
Aug 06, 2021	9552	66	10897	25077
Aug 07, 2021	9958	35	12472	25755
Aug 08, 2021	10136	33	4119	20450
Aug 09, 2021	10334	75	18151	5775
Aug 10, 2021	10793	75	21471	28576
Aug 11, 2021	11510	60	21841	30920
Aug 12, 2021	11901	85	19507	28554
Aug 13, 2021	12377	82	25547	26453
Aug 14, 2021	12917	56	15168	24427
Aug 15, 2021	13152	49	5256	21172
Aug 16, 2021	13554	107	26827	5829
Aug 17, 2021	13756	123	27837	28114
Aug 18, 2021	14619	124	25079	28405
Aug 19, 2021	15100	140	24197	23973
Aug 20, 2021	15200	92	23344	22319
Aug 21, 2021	16055	89	19517	22636
Aug 22, 2021	16300	49	5103	17300
Aug 23, 2021	16494	119	26785	5166
Aug 24, 2021	16927	169	28676	24853
Aug 25, 2021	17210	102	26307	23706
Aug 26, 2021	17791	110	24984	19683
Aug 27, 2021	18210	109	25432	18249
Aug 28, 2021	10575	85	20355	17590
Aug 29, 2021	10608	61	5701	13630
Aug 30, 2021	10858	112	28523	3795
Aug 31, 2021	11203	136	30822	19425
Sep 01, 2021	11533	86	28418	17621
Sep 02, 2021	11862	103	26320	15911
Sep 03, 2021	11914	93	24324	13466
Sep 04, 2021	10067	83	21079	13336
Sep 05, 2021	8430	49	5746	10410
Sep 06, 2021	8452	102	28065	3042
Sep 07, 2021	8755	152	28303	14534
Sep 08, 2021	9089	100	23821	12828
Sep 09, 2021	9591	103	22219	10969
Sep 10, 2021	9871	80	22533	9966
Sep 11, 2021	10121	46	17220	9601
Sep 12, 2021	10135	29	5120	7679
Sep 13, 2021	8492	86	24824	2062
Sep 14, 2021	8701	147	23620	10327
Sep 15, 2021	8799	79	19536	9144
Sep 16, 2021	8964	65	18170	8128
Sep 17, 2021	9037	66	17525	7373
Sep 18, 2021	8688	42	13564	7414
Sep 19, 2021	8580	28	3753	5814
Sep 20, 2021	8629	68	19397	1515
Sep 21, 2021	8670	153	17553	7851
Sep 22, 2021	8814	58	15758	6794
Sep 23, 2021	8904	62	13408	6229
Sep 24, 2021	9181	49	13274	5879
Sep 25, 2021	9107	29	10361	6012
Sep 26, 2021	9159	14	3013	4706
Sep 27, 2021	9111	92	14520	1309
Sep 28, 2021	9092	60	12736	6765
Sep 29, 2021	9301	42	10909	5835
Sep 30, 2021	9427	56	9924	5204
Oct 01, 2021	9404	46	9545	4935
Oct 02, 2021	9447	30	7633	4948
Oct 03, 2021	9317	9	2032	3744
Oct 04, 2021	9388	50	10318	1138
Oct 05, 2021	9417	75	9094	5558
Oct 06, 2021	9417	34	8053	4946
Oct 07, 2021	9681	34	7339	4615
Oct 08, 2021	9684	38	7380	4470
Oct 09, 2021	9741	15	5776	4734
Oct 10, 2021	9673	8	1500	3991
Oct 11, 2021	9596	30	7843	1120
Oct 12, 2021	9461	68	6764	5880
Oct 13, 2021	9520	23	6161	5578
Oct 14, 2021	9537	38	5856	5187
Oct 15, 2021	9603	34	5974	6099
Oct 16, 2021	9285	15	4672	4899
Oct 17, 2021	9318	5	1294	3778
Oct 18, 2021	9237	41	6760	1057
Oct 19, 2021	9162	49	5794	5934
Oct 20, 2021	9149	21	5155	6036
Oct 21, 2021	9084	35	4914	6127
Oct 22, 2021	9164	29	4913	6366
Oct 23, 2021	9248	23	3715	6291
Oct 24, 2021	5199	4	1115	5005
Oct 25, 2021	5613	41	5554	1295
Oct 26, 2021	5643	47	4905	6603
Oct 27, 2021	5680	34	4568	6528
Oct 28, 2021	5856	33	4436	6461
Oct 29, 2021	5941	27	4701	6433
Oct 30, 2021	5912	22	3964	7360
Oct 31, 2021	5944	12	1098	6329
Nov 01, 2021	5815	6	5868	1866
Nov 02, 2021	5727	74	5572	2039
Nov 03, 2021	5449	39	5113	10050
Nov 04, 2021	5497	47	6060	9502
Nov 05, 2021	5425	26	4852	8998
Nov 06, 2021	5473	25	3752	9605
Nov 07, 2021	5428	10	1032	8547
Nov 08, 2021	5480	55	5924	2197
Nov 09, 2021	5536	58	5981	12476
Nov 10, 2021	5297	33	6069	11883
Nov 11, 2021	5014	17	6333	12603
Nov 12, 2021	4644	48	6274	3860
Nov 13, 2021	4676	16	4957	14646
Nov 14, 2021	4447	17	1279	12496
Nov 15, 2021	4439	70	6586	3241
Nov 16, 2021	4142	47	6458	19778
Nov 17, 2021	4185	50	6414	20294
Nov 18, 2021	4199	52	6383	20366
Nov 19, 2021	4213	50	7308	21220
Nov 20, 2021	4073	23	6279	22678
Nov 21, 2021	4097	15	1843	19749
Nov 22, 2021	3873	94	2024	5266
Nov 23, 2021	3906	98	9956	30454
Nov 24, 2021	3828	81	9404	32591
Nov 25, 2021	3814	43	8917	33464
Nov 26, 2021	3835	60	9562	34436
Nov 27, 2021	3823	34	8487	37218
Nov 28, 2021	3862	23	2163	31648
Nov 29, 2021	3845	122	12453	8279
Nov 30, 2021	3937	115	11761	47177
Dec 01, 2021	3980	96	12488	49610
Dec 02, 2021	3982	103	3764	48416
Dec 03, 2021	4130	127	14543	49858
Dec 04, 2021	4160	49	12369	51624
Dec 05, 2021	4192	29	3192	42252
Dec 06, 2021	4331	192	19749	11308
Dec 07, 2021	4421	172	20102	59019
Dec 08, 2021	4664	133	20194	61340
Dec 09, 2021	5318	136	21087	56854
Dec 10, 2021	5809	150	-136	55339
Dec 11, 2021	6379	65	42277	53720
Dec 12, 2021	6754	48	5201	43848
Dec 13, 2021	4807	243	30406	12036
Dec 14, 2021	4359	158	32348	63405
Dec 15, 2021	5745	151	33306	65713
Dec 16, 2021	6743	188	34285	60866
Dec 17, 2021	8298	162	37030	58128
Dec 18, 2021	8977	85	31486	58536
Dec 19, 2021	9365	75	8194	48473
Dec 20, 2021	10610	224	47102	15075
Dec 21, 2021	12628	229	49386	72832
Dec 22, 2021	16569	170	48187	84272
Dec 23, 2021	18322	179	49688	91608
Dec 24, 2021	19479	167	51445	94124
Dec 25, 2021	20643	84	42085	104611
Dec 26, 2021	21989	96	11224	27697
Dec 27, 2021	22626	256	58923	30383
Dec 28, 2021	22812	290	61084	179807
Dec 29, 2021	23866	184	56564	208099
Dec 30, 2021	24480	180	55155	206243
Dec 31, 2021	25014	189	53540	232200
Jan 01, 2022	25066	110	43659	219126
Jan 02, 2022	25059	91	11926	58432
Jan 03, 2022	24895	270	63314	67461
Jan 04, 2022	24681	351	65443	271686
Jan 05, 2022	25099	246	60515	332252
Jan 06, 2022	25620	204	57882	261481
Jan 07, 2022	26107	193	58332	328214
Jan 08, 2022	26277	142	48280	303669
Jan 09, 2022	26238	90	14933	296097
Jan 10, 2022	26168	280	72742	93896
Jan 11, 2022	25873	341	83992	368149
Jan 12, 2022	25655	246	91267	361719
Jan 13, 2022	25714	225	93878	305322
Jan 14, 2022	23774	191	104386	329371
Jan 15, 2022	23768	148	27506	324580
Jan 16, 2022	23774	98	30235	278129
Jan 17, 2022	23439	296	179709	102144
Jan 18, 2022	23286	375	207803	464769
Jan 19, 2022	23174	231	205868	436167
Jan 20, 2022	23116	245	231969	425183
Jan 21, 2022	22900	233	218881	400851
Jan 22, 2022	22889	167	58199	389320
Jan 23, 2022	22655	115	67294	301614
Jan 24, 2022	22298	393	271571	108481
Jan 25, 2022	22054	467	331859	501635
Jan 26, 2022	21482	258	261014	428008
Jan 27, 2022	21302	268	327956	392168
Jan 28, 2022	21146	263	303401	353503
Jan 29, 2022	21164	178	295834	332398
Jan 30, 2022	20869	127	93718	249448
Jan 31, 2022	20730	348	368022	82657
Feb 01, 2022	20554	381	361371	416896
Feb 02, 2022	20593	276	304941	315363
Feb 03, 2022	20476	264	329095	274352
Feb 04, 2022	20422	355	324316	241049
Feb 05, 2022	20420	170	277774	214542
Feb 06, 2022	20462	129	101974	155439
Feb 07, 2022	20496	417	464640	46001
Feb 08, 2022	20488	691	435750	235267
Feb 09, 2022	20515	283	412530	179614
Feb 10, 2022	20491	310	412530	153025
Feb 11, 2022	20513	329	389010	131376
Feb 12, 2022	20514	161	301285	118611
Feb 13, 2022	20478	107	108320	86562
Feb 14, 2022	20493	385	501528	26475
Feb 15, 2022	20511	390	427623	142253
Feb 16, 2022	20517	276	391778	98735
Feb 17, 2022	20511	287	353227	92345
Feb 18, 2022	20530	304	332111	82553
Feb 19, 2022	20514	148	249144	76638
Feb 20, 2022	20396	114	82509	59003
Feb 21, 2022	20390	283	416896	17195
Feb 22, 2022	20364	285	319295	97382
Feb 23, 2022	20406	213	269738	66833
Feb 24, 2022	2436	281	240836	66732
Feb 25, 2022	2456	188	214261	58138
Feb 26, 2022	2366	101	155251	53623
Feb 27, 2022	2370	76	45900	42600
Feb 28, 2022	2339	232	235191	13483
Mar 01, 2022	2338	209	179382	79794
Mar 02, 2022	2318	186	152816	57697
Mar 03, 2022	2310	180	131190	60225
Mar 04, 2022	2335	181	118431	57789
Mar 05, 2022	2327	120	86381	53678
Mar 06, 2022	2313	32	26355	45328
Mar 07, 2022	2311	176	142221	14496
Mar 08, 2022	2426	167	98559	93050
Mar 09, 2022	2412	155	92178	69190
Mar 10, 2022	2426	107	82398	74818
Mar 11, 2022	2468	149	76531	72399
Mar 12, 2022	2471	51	58854	72443
Mar 13, 2022	2475	29	17144	60422
Mar 14, 2022	2486	185	97353	18853
Mar 15, 2022	2486	146	66648	116618
Mar 16, 2022	2493	173	66586	108832
Mar 17, 2022	2493	116	57965	101747
Mar 18, 2022	2501	112	53507	97579
Mar 19, 2022	2501	62	42488	98104
Mar 20, 2022	2501	30	13421	81283
Mar 21, 2022	2501	152	79764	24179
Mar 22, 2022	2572	133	57545	180777
Mar 23, 2022	2616	101	60092	145560
Mar 24, 2022	2616	124	57688	148635
Mar 25, 2022	2659	121	53554	143571
Mar 26, 2022	2659	67	45207	139517
Mar 27, 2022	2659	41	14429	110174
Mar 28, 2022	2633	149	93009	29455
Mar 29, 2022	2633	164	69041	217480
Mar 30, 2022	2667	149	74654	169024
Mar 31, 2022	2667	139	72250	169311
Apr 01, 2022	2714	134	72304	148629
Apr 02, 2022	2714	68	60288	132114
Apr 03, 2022	2714	31	18785	102266
Apr 04, 2022	2714	149	116587	27648
Apr 05, 2022	2700	129	108683	203021
Apr 06, 2022	2700	128	101618	161950
Apr 07, 2022	2747	105	97451	158792
Apr 08, 2022	2747	139	97999	148768
Apr 09, 2022	2746	87	81144	141690
Apr 10, 2022	2746	45	24092	107654
Apr 11, 2022	2666	178	180732	25492
Apr 12, 2022	2666	159	145382	190762
Apr 13, 2022	2666	152	148476	146426
Apr 14, 2022	2661	133	143419	137342
Apr 15, 2022	2661	151	139384	125394
Apr 16, 2022	2658	61	110023	111583
Apr 17, 2022	2658	35	29394	86650
Apr 18, 2022	2658	48	217445	19810
Apr 19, 2022	2653	182	168976	25465
Apr 20, 2022	2653	227	169129	155711
Apr 21, 2022	2650	185	148402	104007
Apr 22, 2022	2652	146	131929	88389
Apr 23, 2022	2652	75	102120	80571
Apr 24, 2022	2652	40	27573	58954
Apr 25, 2022	2652	197	202981	13984
Apr 26, 2022	2652	170	161753	97498
Apr 27, 2022	2652	152	158622	67711
Apr 28, 2022	2677	132	148616	59760
Apr 29, 2022	2677	158	141558	52919
Apr 30, 2022	2699	61	107496	49482
May 01, 2022	2699	32	25431	36726
May 02, 2022	2699	180	190730	8737
May 03, 2022	2709	120	146246	67017
May 04, 2022	2709	114	137222	47925
May 05, 2022	2709	122	125280	44225
May 06, 2022	2709	110	111461	40224
May 07, 2022	2709	62	86540	37958
May 08, 2022	2709	54	19748	29324
May 09, 2022	2709	132	25411	7354
May 10, 2022	2723	123	155579	56449
May 11, 2022	2723	96	103884	40299
May 12, 2022	2757	84	88293	36047
May 13, 2022	2757	98	80487	32773
May 14, 2022	2773	74	58856	30459
May 15, 2022	2773	21	13984	22844
May 16, 2022	2773	126	97403	5936
May 17, 2022	2773	90	67585	43727
May 18, 2022	2785	80	59670	29995
May 19, 2022	2804	67	52839	27842
May 20, 2022	2804	65	49415	24332
May 21, 2022	2798	44	36661	22507
May 22, 2022	2798	11	8737	16965
May 23, 2022	2798	82	66962	4386
May 24, 2022	2805	88	47843	32029
May 25, 2022	2805	51	44137	22006
May 26, 2022	2837	28	40173	21234
May 27, 2022	2849	45	37930	4811
May 28, 2022	2849	23	29279	23582
May 29, 2022	2849	14	7354	16440
May 30, 2022	2849	85	56412	4673
May 31, 2022	2849	76	40214	35142
Jun 01, 2022	2849	58	35971	26144
Jun 02, 2022	2910	41	32715	25365
Jun 03, 2022	2910	38	30418	25130
Jun 04, 2022	2940	34	22806	25172
Jun 05, 2022	2940	10	5936	20542
Jun 06, 2022	2940	9	43727	6184
Jun 07, 2022	2971	74	29942	11627
Jun 08, 2022	2971	77	27768	53802
Jun 09, 2022	3003	42	24255	40151
Jun 10, 2022	3003	39	-42	17152
Jun 11, 2022	3077	0	39433	0
Jun 12, 2022	3077	0	4386	79397
Jun 13, 2022	3077	92	32029	8474
Jun 14, 2022	3123	57	21914	65425
Jun 15, 2022	3123	49	21177	51954
Jun 16, 2022	3169	49	4762	53081
Jun 17, 2022	3169	43	23533	50605
Jun 18, 2022	3274	19	-43	50266
Jun 19, 2022	3274	3	16440	40125
Jun 20, 2022	3274	45	39793	11566
Jun 21, 2022	3409	56	26099	95217
Jun 22, 2022	3409	66	25309	77967
Jun 23, 2022	3409	40	25064	79852
Jun 24, 2022	3409	49	25132	79262
Jun 25, 2022	3637	30	-49	80926
Jun 26, 2022	3637	11	20542	66301
Jun 27, 2022	3637	48	17770	17601
Jun 28, 2022	3637	37	53754	147248
Jun 29, 2022	3637	48	40114	124724
Jun 30, 2022	3917	42	17104	133346
Jul 01, 2022	3917	52	-42	125066
Jul 02, 2022	4206	30	-52	122639
Jul 03, 2022	4206	14	79397	96191
Jul 04, 2022	4206	97	73899	24418
Jul 05, 2022	4206	75	51813	206554
Jul 06, 2022	4206	53	53006	154615
Jul 07, 2022	4206	89	50552	161265
Jul 08, 2022	4206	74	50177	140997
Jul 09, 2022	4985	39	-74	116405
Jul 10, 2022	4985	15	40125	110589
Jul 11, 2022	4985	108	106783	24343
Jul 12, 2022	5274	126	77805	182006
Jul 13, 2022	5274	109	79726	127642
Jul 14, 2022	5318	54	79153	119285
Jul 15, 2022	5318	108	80872	23027
Jul 16, 2022	5378	59	66193	124009
Jul 17, 2022	5378	26	17601	73668
Jul 18, 2022	5378	174	147163	17733
Jul 19, 2022	3302	144	124550	134188
Jul 20, 2022	3302	125	133202	89982
Jul 21, 2022	3500	133	124941	80869
Jul 22, 2022	3500	113	122506	74348
Jul 23, 2022	3626	57	96078	68532
Jul 24, 2022	3626	23	24418	50032
Jul 25, 2022	3626	130	206474	11195
Jul 26, 2022	4025	119	154485	87562
Jul 27, 2022	4025	103	161146	58638
Jul 28, 2022	4140	112	140894	51594
Jul 29, 2022	4140	89	116293	45515
Jul 30, 2022	4140	55	110500	41274
Jul 31, 2022	4140	20	24343	31535
Aug 01, 2022	4140	121	181931	7249
Aug 02, 2022	3373	101	127521	54519
Aug 03, 2022	3373	90	119184	38788
Aug 04, 2022	3373	87	22937	33799
Aug 05, 2022	3373	80	123922	30592
Aug 06, 2022	3373	45	73588	28518
Aug 07, 2022	3257	20	17733	21528
Aug 08, 2022	3257	109	134123	5090
Aug 09, 2022	3257	111	89873	38230
Aug 10, 2022	3257	88	80758	27081
Aug 11, 2022	3774	80	74260	24312
Aug 12, 2022	3774	74	68452	22638
Aug 13, 2022	3228	0	49958	21175
Aug 14, 2022	3228	0	11195	16347
Aug 15, 2022	3228	65	87562	4564
Aug 16, 2022	3183	113	58573	6331
Aug 17, 2022	3183	93	51481	35745
Aug 18, 2022	3083	92	45422	23605
Aug 19, 2022	3083	74	41182	20236
Aug 20, 2022	3156	40	31461	19870
Aug 21, 2022	3156	0	7249	14820
Aug 22, 2022	3156	76	54479	4012
Aug 23, 2022	3178	88	38712	28988
Aug 24, 2022	3178	57	33711	21289
Aug 25, 2022	2921	44	30535	19837
Aug 26, 2022	2921	51	28474	18116
Aug 27, 2022	2985	23	21477	17833
Aug 28, 2022	2985	9	5090	14110
Aug 29, 2022	2985	78	38198	3806
Aug 30, 2022	3035	72	27003	27358
Aug 31, 2022	3035	54	24240	19240
Sep 01, 2022	3159	41	22584	18646
Sep 02, 2022	3159	55	21134	16399
Sep 03, 2022	3266	14	16292	15597
Sep 04, 2022	3266	3	4564	12894
Sep 05, 2022	3266	67	6314	3443
Sep 06, 2022	3356	60	35678	26918
Sep 07, 2022	3356	46	23545	20142
Sep 08, 2022	3516	58	20190	19866
Sep 09, 2022	3516	31	19812	19087
Sep 10, 2022	3516	15	14789	19517
Sep 11, 2022	3626	6	4012	16422
Sep 12, 2022	3626	40	28967	4579
Sep 13, 2022	3582	49	21249	41850
Sep 14, 2022	3582	33	19788	33575
Sep 15, 2022	3680	33	18083	33263
Sep 16, 2022	3680	28	17800	28686
Sep 17, 2022	3824	11	14082	33162
Sep 18, 2022	3824	2	3806	23137
Sep 19, 2022	3824	58	27345	5219
Sep 20, 2022	3812	48	19182	51816
Sep 21, 2022	3812	33	18598	38250
Sep 22, 2022	3829	30	16366	38464
Sep 23, 2022	3829	33	15567	37524
Sep 24, 2022	3892	14	12861	38024
Sep 25, 2022	3892	8	3443	31365
Sep 26, 2022	3892	51	26896	7489
Sep 27, 2022	3834	40	20091	73639
Sep 28, 2022	3834	45	19826	53410
Sep 29, 2022	3846	33	19042	51366
Sep 30, 2022	3846	34	19484	48261
Oct 01, 2022	3882	17	16388	46596
Oct 02, 2022	3882	7	4579	37453
Oct 03, 2022	3882	62	41826	8690
Oct 04, 2022	3880	74	33513	89185
Oct 05, 2022	3880	47	33189	66564
Oct 06, 2022	3593	50	28639	65537
Oct 07, 2022	3593	53	33112	61121
Oct 08, 2022	3618	26	23084	57270
Oct 09, 2022	3618	8	5219	42626
Oct 10, 2022	3618	79	51782	9373
Oct 11, 2022	3618	85	38171	94753
Oct 12, 2022	3618	55	38379	67948
Oct 13, 2022	3618	62	37469	64218
Oct 14, 2022	3618	79	37962	58695
Oct 15, 2022	3523	35	31286	55394
Oct 16, 2022	3523	17	7489	41973
Oct 17, 2022	3523	112	73587	9421
Oct 18, 2022	3523	101	53298	87666
Oct 19, 2022	3523	106	51265	63031
Oct 20, 2022	3523	69	48155	56793
Oct 21, 2022	3523	81	46527	49087
Oct 22, 2022	3500	33	37372	43746
Oct 23, 2022	3500	17	8690	31470
Oct 24, 2022	3500	122	89135	6907
Oct 25, 2022	3500	131	66442	59653
Oct 26, 2022	3500	60	65406	41185
Oct 27, 2022	3500	71	61061	37089
Oct 28, 2022	3500	61	57199	25783
Oct 29, 2022	3526	41	42565	22723
Oct 30, 2022	3526	9	9373	16456
Oct 31, 2022	3526	112	94703	3768
Nov 01, 2022	3526	53	67836	29525
Nov 02, 2022	3526	97	64165	5691
Nov 03, 2022	3526	55	58598	42025
Nov 04, 2022	3526	78	55339	29438
Nov 05, 2022	3505	34	41895	26840
Nov 06, 2022	3505	9	0	21178
Nov 07, 2022	3505	109	97044	3645
Nov 08, 2022	3505	117	62922	40591
Nov 09, 2022	3505	72	56676	28702
Nov 10, 2022	3505	53	49015	27068
Nov 11, 2022	3505	33	43693	26353
Nov 12, 2022	3532	15	31437	5577
Nov 13, 2022	3532	2	6907	27155
Nov 14, 2022	3532	100	59636	6017
Nov 15, 2022	3532	110	41085	48971
Nov 16, 2022	3532	71	36979	34878
Nov 17, 2022	3532	87	25712	33331
Nov 18, 2022	3532	74	22636	37177
Nov 19, 2022	3488	75	16382	47088
Nov 20, 2022	3488	6	3768	14204
Nov 21, 2022	3488	94	29444	29335
Nov 22, 2022	3488	89	5597	64772
Nov 23, 2022	3488	84	41936	49188
Nov 24, 2022	3488	60	-84	50530
Nov 25, 2022	3488	68	56218	48629
Nov 26, 2022	3488	29	21110	48331
Nov 27, 2022	3488	8	3645	37675
Nov 28, 2022	3488	95	40554	9304
Nov 29, 2022	3488	88	28607	91814
Nov 30, 2022	3488	91	26980	68382
Dec 01, 2022	3488	76	26262	69253
Dec 02, 2022	3488	67	5501	59008
Dec 03, 2022	3488	38	27088	52908
Dec 04, 2022	3488	10	6017	40006
Dec 05, 2022	3488	104	48923	10591
Dec 06, 2022	3488	117	34774	105516
Dec 07, 2022	3488	93	33214	75752
Dec 08, 2022	3488	62	37084	71597
Dec 09, 2022	3488	94	47026	65509
Dec 10, 2022	3488	62	14110	61482
Dec 11, 2022	3488	30	29335	46422
Dec 12, 2022	3467	167	64680	10878
Dec 13, 2022	3467	138	49021	97037
Dec 14, 2022	3467	114	50392	70224
Dec 15, 2022	3467	106	48515	62541
Dec 16, 2022	3467	131	48225	56361
Dec 17, 2022	3467	45	37544	52544
Dec 18, 2022	3467	35	9304	37264
Dec 19, 2022	3467	178	91734	8213
Dec 20, 2022	3467	130	68204	71212
Dec 21, 2022	3467	127	69123	54613
Dec 22, 2022	3467	120	58881	49517
Dec 23, 2022	3467	158	52788	43766
Dec 24, 2022	3467	58	39848	40744
Dec 25, 2022	3467	24	0	23681
Dec 26, 2022	3467	133	10591	5429
Dec 27, 2022	3467	208	105516	30989
Dec 28, 2022	3467	140	147349	26081
Dec 29, 2022	3467	132	64946	24436
Dec 30, 2022	3467	115	61350	23808
Dec 31, 2022	3467	52	46307	21836
Jan 01, 2023	3467	28	10878	15005
Jan 02, 2023	3451	172	96957	2246
Jan 03, 2023	3451	163	70052	22916
Jan 04, 2023	3451	123	62378	14105
Jan 05, 2023	3451	143	56238	11537
Jan 06, 2023	3451	126	52401	10383
Jan 07, 2023	3458	54	37264	8961
Jan 08, 2023	3458	22	8213	6557
Jan 09, 2023	3458	145	71010	1702
Jan 10, 2023	3458	115	54468	11715
Jan 11, 2023	3458	88	49402	7635
Jan 12, 2023	3458	53	43678	7159
Jan 13, 2023	3458	101	40691	6238
Jan 14, 2023	3458	27	23580	5429
Jan 15, 2023	3458	9	5429	4166
Jan 16, 2023	3458	80	30953	1235
Jan 17, 2023	3458	99	26001	8381
Jan 18, 2023	3458	82	24337	5894
Jan 19, 2023	3458	64	23726	4992
Jan 20, 2023	3458	44	21772	4475
Jan 21, 2023	3458	54	14961	4324
Jan 22, 2023	3458	9	2246	3477
Jan 23, 2023	3458	134	22853	1027
Jan 24, 2023	3458	59	13971	7263
Jan 25, 2023	3458	0	11478	5347
Jan 26, 2023	3458	28	10383	5287
Jan 27, 2023	3458	44	8933	4681
Jan 28, 2023	3458	0	6513	4513
Jan 29, 2023	3458	0	1702	3802
Jan 30, 2023	3458	96	11715	982
Jan 31, 2023	3458	57	7539	6860
Feb 01, 2023	3458	53	7102	4506
Feb 02, 2023	3458	52	6185	4021
Feb 03, 2023	3458	28	0	3618
Feb 04, 2023	3458	21	5429	3312
Feb 05, 2023	3458	0	4166	2632
Feb 06, 2023	3458	40	9616	718
Feb 07, 2023	3458	42	5753	4999
Feb 08, 2023	3458	31	4950	3991
Feb 09, 2023	3458	17	4444	3653
Feb 10, 2023	3458	20	4307	3366
Feb 11, 2023	3458	0	3457	3187
Feb 12, 2023	3458	0	1027	2469
Feb 13, 2023	3458	50	7263	706
Feb 14, 2023	3458	35	5297	4986
Feb 15, 2023	3458	35	5252	3972
Feb 16, 2023	3458	27	4646	4021
Feb 17, 2023	3458	28	4486	3589
Feb 18, 2023	3458	0	3774	4236
Feb 19, 2023	3458	0	982	2999
Feb 20, 2023	3458	47	6860	898
Feb 21, 2023	3458	32	4459	5774
Feb 22, 2023	3458	38	3989	4584
Feb 23, 2023	3458	19	3580	4489
Feb 24, 2023	3458	29	3293	3917
Feb 25, 2023	3458	0	2603	3843
Feb 26, 2023	3458	0	718	2942
Feb 27, 2023	3588	52	4999	841
Feb 28, 2023	3588	34	3939	5651
Mar 01, 2023	3526	25	3619	4525
Mar 02, 2023	3526	21	3341	4196
Mar 03, 2023	3526	21	3166	3194
Mar 04, 2023	3526	0	2448	4013
Mar 05, 2023	3526	0	0	0
Mar 06, 2023	3526	43	5692	953
Mar 07, 2023	3526	0	-43	0
Mar 08, 2023	3526	0	3972	0
Mar 09, 2023	3526	0	4021	0
Mar 10, 2023	3556	90	7825	6188
Mar 11, 2023	3569	0	2909	6072
Mar 12, 2023	3569	0	898	4558
Mar 13, 2023	3548	50	5774	1235
Mar 14, 2023	3548	27	4534	9937
Mar 15, 2023	3548	24	4462	8348
Mar 16, 2023	3548	24	3893	7932
Mar 17, 2023	3548	26	3819	7228
Mar 18, 2023	3548	0	2916	7210
Mar 19, 2023	3548	0	841	5459
Mar 20, 2023	3548	63	5651	1470
Mar 21, 2023	3548	35	4462	11519
Mar 22, 2023	3548	13	4161	9762
Mar 23, 2023	3548	29	3181	9249
Mar 24, 2023	3548	15	3984	8839
Mar 25, 2023	3548	0	-15	8435
Mar 26, 2023	3548	0	953	6211
Mar 27, 2023	3548	65	0	7
Mar 28, 2023	3548	39	-65	12933
Mar 29, 2023	3567	36	-39	10885
Mar 30, 2023	3567	0	-36	0
Mar 31, 2023	3567	69	12260	9211
Apr 01, 2023	3567	0	4489	8455
Apr 02, 2023	3567	0	1235	6027
Apr 03, 2023	3567	58	9937	1453
Apr 04, 2023	3567	0	-58	0
Apr 05, 2023	3572	58	16280	9922
Apr 06, 2023	3572	35	7170	9374
Apr 07, 2023	3572	28	7175	8786
Apr 08, 2023	3572	0	5431	7739
Apr 09, 2023	3572	0	1470	6474
Apr 10, 2023	3572	0	11519	1342
Apr 11, 2023	3572	0	9762	1884
Apr 12, 2023	3567	59	9249	14207
Apr 13, 2023	3567	0	8780	10678
Apr 14, 2023	3567	108	8435	9467
Apr 15, 2023	3567	0	6103	8595
Apr 16, 2023	3567	0	7	5805
Apr 17, 2023	3567	0	12933	1411
Apr 18, 2023	3567	140	10885	10616
Apr 19, 2023	3567	0	-140	8807
Apr 20, 2023	3567	0	9211	8201
Apr 21, 2023	3567	125	8455	7400
Apr 22, 2023	3567	0	5902	6796
Apr 23, 2023	3567	0	1453	5008
Apr 24, 2023	3567	0	0	1185
Apr 25, 2023	3567	136	9922	8895
Apr 26, 2023	3567	0	9238	7490
Apr 27, 2023	3567	0	8786	6609
Apr 28, 2023	3567	131	7739	6144
Apr 29, 2023	3567	0	6343	5642
Apr 30, 2023	3567	0	1342	4030
May 01, 2023	3567	0	1884	1098
May 02, 2023	3567	89	14207	1065
May 03, 2023	3567	0	10589	8715
May 04, 2023	3567	0	9467	6161
May 05, 2023	3567	166	8595	5505
May 06, 2023	3567	0	5639	5103
May 07, 2023	3567	0	1411	3301
May 08, 2023	3567	0	10616	759
May 09, 2023	3567	51	8807	1044
May 10, 2023	3567	0	8150	6708
May 11, 2023	3567	0	0	0
May 12, 2023	3567	108	14196	9003
May 13, 2023	3567	0	4900	3706
May 14, 2023	3567	0	1185	2563
May 15, 2023	3567	0	8895	623
May 16, 2023	3567	82	7490	5118
May 17, 2023	3567	0	6527	4149
May 18, 2023	3567	0	0	0
May 19, 2023	3567	0	6144	0
May 20, 2023	3567	0	5642	0
May 21, 2023	3567	0	4030	0
May 22, 2023	3567	76	2163	677
May 23, 2023	3567	79	8639	5901
May 24, 2023	3567	0	6082	4905
May 25, 2023	3567	0	5505	4220
May 26, 2023	3567	56	5103	3724
May 27, 2023	3567	0	3245	3317
May 28, 2023	3567	0	759	2284
May 29, 2023	3567	0	1044	592
May 30, 2023	3567	48	6708	902
May 31, 2023	3567	0	-48	5210
Jun 01, 2023	3567	0	9003	3735
Jun 02, 2023	3567	62	3706	3204
Jun 03, 2023	3567	0	2501	2797
Jun 04, 2023	3567	0	623	2082
Jun 05, 2023	3567	0	5118	443
Jun 06, 2023	3567	51	4149	3590
Jun 07, 2023	3567	0	-51	2762
Jun 08, 2023	3567	0	0	2603
Jun 09, 2023	3567	56	0	2357
Jun 10, 2023	3567	0	-56	2135
Jun 11, 2023	3567	0	677	1282
Jun 12, 2023	3567	0	5901	332
Jun 13, 2023	3567	28	4905	2631
Jun 14, 2023	3567	0	4192	2069
Jun 15, 2023	3567	0	3724	545
Jun 16, 2023	3567	40	3317	2895
Jun 17, 2023	3567	0	2244	1482
Jun 18, 2023	3567	0	592	1080
Jun 19, 2023	3567	0	902	270
Jun 20, 2023	3567	45	5210	2071
Jun 21, 2023	3567	0	3690	1702
Jun 22, 2023	3567	0	3204	1420
Jun 23, 2023	3567	23	2797	1232
Jun 24, 2023	3567	0	2059	1217
Jun 25, 2023	3567	0	443	776
Jun 26, 2023	3567	0	3590	213
Jun 27, 2023	3567	26	2762	1680
Jun 28, 2023	3567	0	2577	1148
Jun 29, 2023	3567	0	2357	1106
Jun 30, 2023	3567	0	2135	1106
Jul 01, 2023	3567	0	0	0
Jul 02, 2023	3567	0	1282	0
Jul 03, 2023	3567	0	332	0
Jul 04, 2023	3567	0	2631	0
Jul 05, 2023	3567	0	2069	0
Jul 06, 2023	3567	0	545	0
Jul 07, 2023	3567	0	2895	0
Jul 08, 2023	3567	0	1482	0
Jul 09, 2023	3567	0	1080	0
Jul 10, 2023	3567	0	270	0
Jul 11, 2023	3567	0	2071	0
Jul 12, 2023	3567	0	1702	0
Jul 13, 2023	3567	0	1420	0
Jul 14, 2023	3567	0	1232	0
Jul 15, 2023	3567	0	1217	0
Jul 16, 2023	3567	0	776	0
Jul 17, 2023	3567	0	213	0
Jul 18, 2023	3567	0	1680	0
Jul 19, 2023	3567	0	1148	0
Jul 20, 2023	3567	0	1106	0
Jul 21, 2023	3567	0	1106	0
Jul 22, 2023	3567	0	0	0
Jul 23, 2023	3567	0	0	0
Jul 24, 2023	3567	0	0	0
Jul 25, 2023	3567	0	0	0
Jul 26, 2023	3567	0	0	0
Jul 27, 2023	3567	0	0	0
Jul 28, 2023	3567	0	0	0
Jul 29, 2023	3567	0	0	0
Jul 30, 2023	3567	0	0	0
Jul 31, 2023	3567	0	0	0
Aug 01, 2023	3567	0	0	0
Aug 02, 2023	3567	0	0	0
Aug 03, 2023	3567	0	0	0
Aug 04, 2023	3567	0	0	0
Aug 05, 2023	3567	0	0	0
Aug 06, 2023	3567	0	0	0
Aug 07, 2023	3567	0	0	0
Aug 08, 2023	3567	0	0	0
Aug 09, 2023	3567	0	0	0
Aug 10, 2023	3567	0	0	0
Aug 11, 2023	3567	0	0	0
Aug 12, 2023	3567	0	0	0
Aug 13, 2023	3567	0	0	0
Aug 14, 2023	3567	0	0	0
Aug 15, 2023	3567	0	0	0
Aug 16, 2023	3567	0	0	0
Aug 17, 2023	3567	0	0	0
Aug 18, 2023	3567	0	0	0
Aug 19, 2023	3567	0	0	0
Aug 20, 2023	3567	0	0	0
Aug 21, 2023	3567	0	0	0
Aug 22, 2023	3567	0	0	0
Aug 23, 2023	3567	0	0	0
Aug 24, 2023	3567	0	0	0
Aug 25, 2023	3567	0	0	0
Aug 26, 2023	3567	0	0	0
Aug 27, 2023	3567	0	0	0
Aug 28, 2023	3567	0	0	0
Aug 29, 2023	3567	0	0	0
Aug 30, 2023	3567	0	0	0
Aug 31, 2023	3567	0	0	0
Sep 01, 2023	3567	0	0	0
Sep 02, 2023	3567	0	0	0
Sep 03, 2023	3567	0	0	0
Sep 04, 2023	3567	0	0	0
Sep 05, 2023	3567	0	0	0
Sep 06, 2023	3567	0	0	0
Sep 07, 2023	3567	0	0	0
Sep 08, 2023	3567	0	0	0
Sep 09, 2023	3567	0	0	0
Sep 10, 2023	3567	0	0	0
Sep 11, 2023	3567	0	0	0
Sep 12, 2023	3567	0	0	0
Sep 13, 2023	3567	0	0	0
Sep 14, 2023	3567	0	0	0
Sep 15, 2023	3567	0	0	0
Sep 16, 2023	3567	0	0	0
Sep 17, 2023	3567	0	0	0
Sep 18, 2023	3567	0	0	0
Sep 19, 2023	3567	0	0	0
Sep 20, 2023	3567	0	0	0
Sep 21, 2023	3567	0	0	0
Sep 22, 2023	3567	0	0	0
Sep 23, 2023	3567	0	0	0
Sep 24, 2023	3567	0	0	0
Sep 25, 2023	3567	0	0	0
Sep 26, 2023	3567	0	0	0
Sep 27, 2023	3567	0	0	0
Sep 28, 2023	3567	0	0	0
Sep 29, 2023	3567	0	0	0
Sep 30, 2023	3567	0	0	0
Oct 01, 2023	3567	0	0	0
Oct 02, 2023	3567	0	0	0
Oct 03, 2023	3567	0	0	0
Oct 04, 2023	4038	0	0	0
Oct 05, 2023	4038	0	0	0
Oct 06, 2023	4038	0	0	0
Oct 07, 2023	4038	0	0	0
Oct 08, 2023	4038	0	0	0
Oct 09, 2023	4038	0	0	0
Oct 10, 2023	4038	0	0	0
Oct 11, 2023	4038	0	0	0
Oct 12, 2023	4038	0	0	0
Oct 13, 2023	4038	0	0	0
Oct 14, 2023	4038	0	0	0
Oct 15, 2023	4038	0	0	0
Oct 16, 2023	4058	0	0	0
Oct 17, 2023	4058	0	0	0
Oct 18, 2023	4058	0	0	0
Oct 19, 2023	4058	0	0	0
Oct 20, 2023	4058	0	0	0
Oct 21, 2023	4058	0	0	0
Oct 22, 2023	4058	0	0	0
Oct 23, 2023	4065	0	0	0
Oct 24, 2023	4065	0	0	0
Oct 25, 2023	4065	0	0	0
Oct 26, 2023	4065	0	0	0
Oct 27, 2023	4065	0	0	0
Oct 28, 2023	4065	0	0	0
Oct 29, 2023	4065	0	0	0
Oct 30, 2023	4065	0	0	0
Oct 31, 2023	4065	0	0	0
Nov 01, 2023	4065	0	0	0
Nov 02, 2023	4065	0	0	0
Nov 03, 2023	4065	0	0	0
Nov 04, 2023	4065	0	0	0
Nov 05, 2023	4065	0	0	0
Nov 06, 2023	4065	0	0	0
Nov 07, 2023	4065	0	0	0
Nov 08, 2023	4065	0	0	0
Nov 09, 2023	4065	0	0	0
Nov 10, 2023	4065	0	0	0
Nov 11, 2023	4065	0	0	0
Nov 12, 2023	4065	0	0	0
Nov 13, 2023	4065	0	0	0
Nov 14, 2023	4065	0	0	0
Nov 15, 2023	4065	0	0	0
Nov 16, 2023	4065	0	0	0
Nov 17, 2023	4065	0	0	0
Nov 18, 2023	4065	0	0	0
Nov 19, 2023	4065	0	0	0
Nov 20, 2023	4065	0	0	0
Nov 21, 2023	4065	0	0	0
Nov 22, 2023	4065	0	0	0
Nov 23, 2023	4065	0	0	0
Nov 24, 2023	4065	0	0	0
Nov 25, 2023	4065	0	0	0
Nov 26, 2023	4065	0	0	0
Nov 27, 2023	4065	0	0	0
Nov 28, 2023	4065	0	0	0
Nov 29, 2023	4065	0	0	0
Nov 30, 2023	4065	0	0	0
Dec 01, 2023	4065	0	0	0
Dec 02, 2023	4065	0	0	0
Dec 03, 2023	4065	0	0	0
Dec 04, 2023	4065	0	0	0
Dec 05, 2023	4065	0	0	0
Dec 06, 2023	4065	0	0	0
Dec 07, 2023	4065	0	0	0
Dec 08, 2023	4065	0	0	0
Dec 09, 2023	4065	0	0	0
Dec 10, 2023	4065	0	0	0
Dec 11, 2023	4065	0	0	0
Dec 12, 2023	4065	0	0	0
Dec 13, 2023	4065	0	0	0
Dec 14, 2023	4065	0	0	0
Dec 15, 2023	4065	0	0	0
Dec 16, 2023	4065	0	0	0
Dec 17, 2023	4065	0	0	0
Dec 18, 2023	4065	0	0	0
Dec 19, 2023	4065	0	0	0
Dec 20, 2023	4065	0	0	0
Dec 21, 2023	4065	0	0	0
Dec 22, 2023	4065	0	0	0
Dec 23, 2023	4065	0	0	0
Dec 24, 2023	4065	0	0	0
Dec 25, 2023	4065	0	0	0
Dec 26, 2023	4065	0	0	0
Dec 27, 2023	4065	0	0	0
Dec 28, 2023	4065	0	0	0
Dec 29, 2023	4065	0	0	0
Dec 30, 2023	4065	0	0	0
Dec 31, 2023	4080	0	0	0
Jan 01, 2024	4080	0	0	0
Jan 02, 2024	4080	0	0	0
Jan 03, 2024	4080	0	0	0
Jan 04, 2024	4080	0	0	0
Jan 05, 2024	4080	0	0	0
Jan 06, 2024	4080	0	0	0
Jan 07, 2024	4080	0	0	0
Jan 08, 2024	4080	0	0	0
Jan 09, 2024	4080	0	0	0
Jan 10, 2024	4080	0	0	0
Jan 11, 2024	4080	0	0	0
Jan 12, 2024	4080	0	0	0
Jan 13, 2024	4080	0	0	0
Jan 14, 2024	4080	0	0	0
Jan 15, 2024	4080	0	0	0
Jan 16, 2024	4080	0	0	0
Jan 17, 2024	4080	0	0	0
Jan 18, 2024	4080	0	0	0
Jan 19, 2024	4080	0	0	0
Jan 20, 2024	4080	0	0	0
Jan 21, 2024	4080	0	0	0
Jan 22, 2024	4080	0	0	0
Jan 23, 2024	4080	0	0	0
Jan 24, 2024	4080	0	0	0
Jan 25, 2024	4080	0	0	0
Jan 26, 2024	4080	0	0	0
Jan 27, 2024	4080	0	0	0
Jan 28, 2024	4080	0	0	0
Jan 29, 2024	4080	0	0	0
Jan 30, 2024	4080	0	0	0
Jan 31, 2024	4080	0	0	0
Feb 01, 2024	4080	0	0	0
Feb 02, 2024	4080	0	0	0
Feb 03, 2024	4080	0	0	0
Feb 04, 2024	4080	0	0	0
Feb 05, 2024	4080	0	0	0
Feb 06, 2024	4080	0	0	0
Feb 07, 2024	4080	0	0	0
Feb 08, 2024	4080	0	0	0
Feb 09, 2024	4080	0	0	0
Feb 10, 2024	4080	0	0	0
Feb 11, 2024	4080	0	0	0
Feb 12, 2024	4080	0	0	0
Feb 13, 2024	4080	0	0	0
Feb 14, 2024	4080	0	0	0
Feb 15, 2024	4080	0	0	0
Feb 16, 2024	4080	0	0	0
Feb 17, 2024	4080	0	0	0
Feb 18, 2024	4080	0	0	0
Feb 19, 2024	4080	0	0	0
Feb 20, 2024	4080	0	0	0
Feb 21, 2024	4080	0	0	0
Feb 22, 2024	4080	0	0	0
Feb 23, 2024	4080	0	0	0
Feb 24, 2024	4080	0	0	0
Feb 25, 2024	4080	0	0	0
Feb 26, 2024	4080	0	0	0
Feb 27, 2024	4080	0	0	0
Feb 28, 2024	4080	0	0	0
Feb 29, 2024	4080	0	0	0
Mar 01, 2024	4080	0	0	0
Mar 02, 2024	4080	0	0	0
Mar 03, 2024	4080	0	0	0
Mar 04, 2024	4080	0	0	0
Mar 05, 2024	4080	0	0	0
Mar 06, 2024	4080	0	0	0
Mar 07, 2024	4080	0	0	0
Mar 08, 2024	4080	0	0	0
Mar 09, 2024	4080	0	0	0
Mar 10, 2024	4080	0	0	0
Mar 11, 2024	4080	0	0	0
Mar 12, 2024	4080	0	0	0
Mar 13, 2024	4080	0	0	0
Mar 14, 2024	4080	0	0	0
Mar 15, 2024	4080	0	0	0
Mar 16, 2024	4080	0	0	0
Mar 17, 2024	4080	0	0	0
Mar 18, 2024	4080	0	0	0
Mar 19, 2024	4080	0	0	0
Mar 20, 2024	4080	0	0	0
Mar 21, 2024	4080	0	0	0
Mar 22, 2024	4080	0	0	0
Mar 23, 2024	4080	0	0	0
