Feb 15, 2020	0	null	null	null
Feb 16, 2020	0	0	0	0
Feb 17, 2020	0	0	1	0
Feb 18, 2020	0	0	2	0
Feb 19, 2020	0	0	0	0
Feb 20, 2020	0	0	0	0
Feb 21, 2020	0	0	0	0
Feb 22, 2020	0	0	3	0
Feb 23, 2020	0	0	0	0
Feb 24, 2020	0	0	1	0
Feb 25, 2020	0	0	0	2
Feb 26, 2020	2	0	0	4
Feb 27, 2020	2	0	0	19
Feb 28, 2020	2	0	0	18
Feb 29, 2020	4	0	1	39
Mar 01, 2020	4	0	0	27
Mar 02, 2020	4	0	0	56
Mar 03, 2020	5	0	0	20
Mar 04, 2020	5	0	0	67
Mar 05, 2020	5	0	0	126
Mar 06, 2020	5	0	0	209
Mar 07, 2020	5	5	0	269
Mar 08, 2020	6	3	0	236
Mar 09, 2020	15	11	0	185
Mar 10, 2020	17	3	0	338
Mar 11, 2020	18	15	0	452
Mar 12, 2020	19	13	0	540
Mar 13, 2020	26	18	0	714
Mar 14, 2020	31	12	0	761
Mar 15, 2020	51	36	0	840
Mar 16, 2020	182	21	0	1100
Mar 17, 2020	245	27	590	997
Mar 18, 2020	292	89	0	1277
Mar 19, 2020	439	108	693	1691
Mar 20, 2020	485	78	292	1469
Mar 21, 2020	629	112	0	1678
Mar 22, 2020	758	112	613	1417
Mar 23, 2020	856	186	0	3488
Mar 24, 2020	947	240	1081	2224
Mar 25, 2020	1034	231	619	2662
Mar 26, 2020	1171	365	1048	3564
Mar 27, 2020	1339	299	752	3462
Mar 28, 2020	1454	319	0	4191
Mar 29, 2020	1554	292	1502	2362
Mar 30, 2020	1620	418	725	3977
Mar 31, 2020	1836	498	1517	6887
Apr 01, 2020	1997	508	1491	4418
Apr 02, 2020	2262	1354	1493	1923
Apr 03, 2020	2520	1119	1580	4755
Apr 04, 2020	2646	1052	1430	3877
Apr 05, 2020	2899	517	745	1703
Apr 06, 2020	3454	832	1067	3555
Apr 07, 2020	3549	1416	2087	3432
Apr 08, 2020	3735	540	1917	3526
Apr 09, 2020	3852	1339	1952	3895
Apr 10, 2020	3902	986	1726	3946
Apr 11, 2020	4162	634	1459	2829
Apr 12, 2020	4110	561	795	1466
Apr 13, 2020	4307	574	532	2428
Apr 14, 2020	4362	761	1087	4996
Apr 15, 2020	4824	1437	2150	2393
Apr 16, 2020	5143	752	1857	2400
Apr 17, 2020	5122	760	1608	368
Apr 18, 2020	5660	641	1563	2335
Apr 19, 2020	6308	395	595	714
Apr 20, 2020	6742	546	831	1864
Apr 21, 2020	7286	530	1772	2423
Apr 22, 2020	7703	543	1476	1661
Apr 23, 2020	8479	515	1431	1502
Apr 24, 2020	8925	389	1405	1611
Apr 25, 2020	9580	369	1101	1397
Apr 26, 2020	10103	242	309	419
Apr 27, 2020	10586	436	610	3420
Apr 28, 2020	11058	367	1373	1381
Apr 29, 2020	11747	426	1342	1675
Apr 30, 2020	11996	289	1248	1061
May 01, 2020	13311	218	736	563
May 02, 2020	13818	166	350	740
May 03, 2020	14498	135	222	287
May 04, 2020	14814	306	587	537
May 05, 2020	15716	330	1365	1029
May 06, 2020	16370	278	1236	3898
May 07, 2020	17574	178	1055	586
May 08, 2020	18284	243	815	598
May 09, 2020	20267	80	4206	403
May 10, 2020	21587	70	4272	195
May 11, 2020	22037	263	2851	425
May 12, 2020	23368	348	1265	659
May 13, 2020	25609	83	2590	473
May 14, 2020	25294	351	5146	580
May 15, 2020	26230	104	2529	524
May 16, 2020	27054	96	2468	347
May 17, 2020	27904	146	77	112
May 18, 2020	29266	131	2361	459
May 19, 2020	30503	119	1002	489
May 20, 2020	31775	110	1941	389
May 21, 2020	32881	83	2584	296
May 22, 2020	34386	74	1753	366
May 23, 2020	34642	43	1610	233
May 24, 2020	36228	35	1738	107
May 25, 2020	37657	65	1267	334
May 26, 2020	38150	98	3800	257
May 27, 2020	38739	66	520	178
May 28, 2020	39690	66	532	3098
May 29, 2020	40358	52	351	556
May 30, 2020	40880	57	138	1703
May 31, 2020	42687	31	394	239
Jun 01, 2020	44777	31	628	315
Jun 02, 2020	47607	107	366	283
Jun 03, 2020	49789	81	499	330
Jun 04, 2020	53300	44	480	720
Jun 05, 2020	56144	46	301	573
Jun 06, 2020	59394	31	81	543
Jun 07, 2020	63400	13	446	322
Jun 08, 2020	67170	54	435	198
Jun 09, 2020	71044	87	302	378
Jun 10, 2020	75053	23	273	511
Jun 11, 2020	78699	27	339	399
Jun 12, 2020	83129	28	205	681
Jun 13, 2020	79700	24	83	494
Jun 14, 2020	84762	9	325	382
Jun 15, 2020	87923	29	228	143
Jun 16, 2020	89583	111	67	323
Jun 17, 2020	93233	28	3070	430
Jun 18, 2020	97690	28	528	438
Jun 19, 2020	100324	14	1689	761
Jun 20, 2020	104648	16	223	602
Jun 21, 2020	105087	7	308	267
Jun 22, 2020	105899	23	260	350
Jun 23, 2020	107723	57	273	485
Jun 24, 2020	107270	11	709	76
Jun 25, 2020	107607	21	552	0
Jun 26, 2020	107460	26	517	1490
Jun 27, 2020	107784	8	314	490
Jun 28, 2020	106052	9	189	490
Jun 29, 2020	106775	18	360	263
Jun 30, 2020	106361	30	481	508
Jul 01, 2020	108100	18	381	861
Jul 02, 2020	108466	14	667	618
Jul 03, 2020	103543	18	476	546
Jul 04, 2020	95388	7	375	526
Jul 05, 2020	93746	7	136	600
Jul 06, 2020	95219	13	310	165
Jul 07, 2020	94522	13	417	446
Jul 08, 2020	91408	32	406	622
Jul 09, 2020	90358	14	747	583
Jul 10, 2020	89250	25	577	617
Jul 11, 2020	87892	4	263	628
Jul 12, 2020	86770	3	347	627
Jul 13, 2020	84234	18	467	270
Jul 14, 2020	77418	71	5	480
Jul 15, 2020	77360	20	-20	390
Jul 16, 2020	73536	18	1472	501
Jul 17, 2020	70570	14	476	785
Jul 18, 2020	57666	9	481	812
Jul 19, 2020	53431	8	255	812
Jul 20, 2020	53333	8	500	328
Jul 21, 2020	52203	13	848	548
Jul 22, 2020	51057	7	611	937
Jul 23, 2020	50080	10	536	997
Jul 24, 2020	44625	10	516	1060
Jul 25, 2020	29274	4	596	956
Jul 26, 2020	29626	4	161	955
Jul 27, 2020	27189	9	437	482
Jul 28, 2020	26691	14	608	680
Jul 29, 2020	25279	15	568	1306
Jul 30, 2020	25112	16	601	1292
Jul 31, 2020	24941	11	617	1263
Aug 01, 2020	24912	3	624	0
Aug 02, 2020	24908	4	266	2646
Aug 03, 2020	24935	22	458	522
Aug 04, 2020	24827	2	388	975
Aug 05, 2020	20597	9	492	1591
Aug 06, 2020	19530	7	778	1505
Aug 07, 2020	18253	12	800	2147
Aug 08, 2020	17573	1	811	1910
Aug 09, 2020	17548	1	327	1909
Aug 10, 2020	17555	14	534	737
Aug 11, 2020	17588	14	923	1311
Aug 12, 2020	16353	17	980	2369
Aug 13, 2020	16229	17	1043	2505
Aug 14, 2020	15685	17	939	2671
Aug 15, 2020	16014	4	951	3106
Aug 16, 2020	16001	1	481	2829
Aug 17, 2020	13706	24	656	463
Aug 18, 2020	13385	17	1289	2100
Aug 19, 2020	11868	17	1275	3544
Aug 20, 2020	11697	12	1251	4477
Aug 21, 2020	11542	23	-23	4304
Aug 22, 2020	10378	9	2637	3380
Aug 23, 2020	10446	1	521	4596
Aug 24, 2020	9940	15	960	1835
Aug 25, 2020	8783	16	1575	3101
Aug 26, 2020	8739	0	1505	5095
Aug 27, 2020	8555	32	2115	5735
Aug 28, 2020	8585	20	1890	6925
Aug 29, 2020	8500	6	1903	5117
Aug 30, 2020	8553	4	733	5080
Aug 31, 2020	8625	29	1282	2892
Sep 01, 2020	8633	26	2343	4675
Sep 02, 2020	8564	25	2480	6585
Sep 03, 2020	8512	0	2671	6716
Sep 04, 2020	8660	0	3106	8423
Sep 05, 2020	8883	12	2817	8024
Sep 06, 2020	6020	3	460	6636
Sep 07, 2020	6293	25	2075	3944
Sep 08, 2020	6477	38	3506	6141
Sep 09, 2020	6545	30	4447	8049
Sep 10, 2020	5291	19	4285	9237
Sep 11, 2020	5546	80	3300	8827
Sep 12, 2020	5797	17	4579	9911
Sep 13, 2020	5424	6	1829	6741
Sep 14, 2020	5582	34	3067	5779
Sep 15, 2020	5525	49	5046	7369
Sep 16, 2020	5687	46	5689	9182
Sep 17, 2020	5817	50	6875	9941
Sep 18, 2020	6046	153	4964	12402
Sep 19, 2020	6323	26	5054	12667
Sep 20, 2020	6703	11	2881	9918
Sep 21, 2020	6766	53	4622	4972
Sep 22, 2020	7054	78	6507	9392
Sep 23, 2020	6821	43	6673	12267
Sep 24, 2020	7139	52	8371	15105
Sep 25, 2020	7582	150	7874	14825
Sep 26, 2020	7548	39	6597	13525
Sep 27, 2020	7956	27	3917	10438
Sep 28, 2020	8104	81	6060	3819
Sep 29, 2020	8453	85	7964	7555
Sep 30, 2020	8654	63	9174	12054
Oct 01, 2020	8576	63	8764	13110
Oct 02, 2020	8627	130	9781	11400
Oct 03, 2020	8634	49	6692	15927
Oct 04, 2020	8885	32	5747	11792
Oct 05, 2020	8657	69	7300	4771
Oct 06, 2020	8338	66	9116	9843
Oct 07, 2020	8278	80	9861	17592
Oct 08, 2020	7765	76	12326	17013
Oct 09, 2020	8085	109	12558	19087
Oct 10, 2020	8396	54	9864	25240
Oct 11, 2020	8654	46	4926	15110
Oct 12, 2020	8302	95	9297	7981
Oct 13, 2020	8401	108	12159	12193
Oct 14, 2020	8531	104	15001	21200
Oct 15, 2020	8957	88	14737	28736
Oct 16, 2020	9169	178	13347	23542
Oct 17, 2020	8921	89	10349	30431
Oct 18, 2020	9042	85	3734	28000
Oct 19, 2020	9137	146	7409	12428
Oct 20, 2020	9129	262	11792	19208
Oct 21, 2020	9122	163	12947	25034
Oct 22, 2020	9386	162	11238	39060
Oct 23, 2020	9598	298	15629	39445
Oct 24, 2020	9978	137	11655	42626
Oct 25, 2020	10411	116	4655	48808
Oct 26, 2020	10531	257	9586	25123
Oct 27, 2020	10933	523	17069	31360
Oct 28, 2020	11369	244	16769	34194
Oct 29, 2020	11436	235	18852	44705
Oct 30, 2020	11604	545	24695	46185
Oct 31, 2020	11861	223	14887	33447
Nov 01, 2020	12331	231	7750	45258
Nov 02, 2020	12981	467	11726	51104
Nov 03, 2020	13703	906	20294	35912
Nov 04, 2020	14383	437	28299	39880
Nov 05, 2020	15053	415	23127	56292
Nov 06, 2020	15977	880	29551	58581
Nov 07, 2020	16646	356	27644	83324
Nov 08, 2020	17537	322	12106	38059
Nov 09, 2020	18714	548	18660	20732
Nov 10, 2020	19777	857	24177	22632
Nov 11, 2020	20829	328	38732	35488
Nov 12, 2020	21818	425	39020	32948
Nov 13, 2020	23369	932	41694	24147
Nov 14, 2020	24665	552	48256	31937
Nov 15, 2020	26264	500	24623	27370
Nov 16, 2020	27773	704	30656	10645
Nov 17, 2020	28779	625	33569	13630
Nov 18, 2020	30085	677	44028	26636
Nov 19, 2020	31728	681	45504	19848
Nov 20, 2020	33562	634	32813	21473
Nov 21, 2020	34974	390	44868	16780
Nov 22, 2020	36683	352	50752	12347
Nov 23, 2020	38348	638	35274	4178
Nov 24, 2020	40379	592	39288	8591
Nov 25, 2020	42115	569	55723	15280
Nov 26, 2020	43963	527	58054	12728
Nov 27, 2020	45533	581	82743	11692
Nov 28, 2020	46861	316	37743	11806
Nov 29, 2020	47390	301	20431	9182
Nov 30, 2020	48576	509	22123	3758
Dec 01, 2020	49105	466	35022	7585
Dec 02, 2020	49780	425	32523	13198
Dec 03, 2020	51654	439	23708	11914
Dec 04, 2020	51507	397	31540	10530
Dec 05, 2020	52359	327	27043	12127
Dec 06, 2020	53126	287	10358	10344
Dec 07, 2020	55354	480	13150	3201
Dec 08, 2020	44218	491	26145	12869
Dec 09, 2020	45324	403	19445	13697
Dec 10, 2020	46376	400	21073	12904
Dec 11, 2020	44582	412	16368	12581
Dec 12, 2020	45124	314	12033	13088
Dec 13, 2020	46629	271	3907	10823
Dec 14, 2020	47236	492	8099	2874
Dec 15, 2020	48008	428	14852	10822
Dec 16, 2020	48369	407	12321	16531
Dec 17, 2020	42851	376	11316	17130
Dec 18, 2020	42478	374	11432	14709
Dec 19, 2020	40922	294	8888	16484
Dec 20, 2020	40441	236	3522	12011
Dec 21, 2020	40491	456	7129	5440
Dec 22, 2020	40261	487	12711	11069
Dec 23, 2020	37905	359	11555	14010
Dec 24, 2020	38268	373	10157	20302
Dec 25, 2020	38511	242	11885	19015
Dec 26, 2020	39177	230	10114	2903
Dec 27, 2020	39329	257	2944	8279
Dec 28, 2020	39488	447	12422	2778
Dec 29, 2020	39599	468	13229	10694
Dec 30, 2020	37080	377	12527	24828
Dec 31, 2020	34537	325	12256	18700
Jan 01, 2021	34773	207	12881	18157
Jan 02, 2021	35130	231	10592	3253
Jan 03, 2021	35663	191	2683	11720
Jan 04, 2021	35722	453	10369	3774
Jan 05, 2021	35707	420	16111	19228
Jan 06, 2021	33740	387	16743	23817
Jan 07, 2021	34049	381	14328	20367
Jan 08, 2021	33124	381	16103	18594
Jan 09, 2021	33474	264	11747	18935
Jan 10, 2021	34803	248	5192	14963
Jan 11, 2021	35246	407	10662	3362
Jan 12, 2021	34007	452	13558	18536
Jan 13, 2021	33102	347	19955	22384
Jan 14, 2021	33869	401	18614	19921
Jan 15, 2021	34169	399	2504	19962
Jan 16, 2021	33763	264	8015	20088
Jan 17, 2021	34701	213	2565	15618
Jan 18, 2021	34986	475	10219	3506
Jan 19, 2021	35485	441	24387	22155
Jan 20, 2021	35163	420	18280	25135
Jan 21, 2021	35293	456	17701	21442
Jan 22, 2021	34916	429	2824	21858
Jan 23, 2021	35063	295	11425	22451
Jan 24, 2021	34628	237	3537	17301
Jan 25, 2021	33820	510	18718	3979
Jan 26, 2021	34412	417	23400	20726
Jan 27, 2021	33820	505	19862	25259
Jan 28, 2021	33295	499	18095	22307
Jan 29, 2021	32726	510	18425	21451
Jan 30, 2021	33439	322	14641	22890
Jan 31, 2021	33182	275	3087	18051
Feb 01, 2021	33493	536	18000	4079
Feb 02, 2021	33365	485	21899	21900
Feb 03, 2021	33184	476	19445	24739
Feb 04, 2021	32889	476	19486	22005
Feb 05, 2021	32454	413	19675	20776
Feb 06, 2021	32514	263	15355	19319
Feb 07, 2021	32265	243	3263	18501
Feb 08, 2021	31983	530	21625	4051
Feb 09, 2021	31510	508	24627	17708
Feb 10, 2021	30512	404	21038	23824
Feb 11, 2021	30225	468	21390	19766
Feb 12, 2021	29981	429	22022	19427
Feb 13, 2021	25649	257	17044	19924
Feb 14, 2021	25635	226	3753	15527
Feb 15, 2021	25747	471	20255	4107
Feb 16, 2021	25383	410	24849	18384
Feb 17, 2021	25008	391	21916	23478
Feb 18, 2021	24176	352	21099	21116
Feb 19, 2021	24139	409	22481	22631
Feb 20, 2021	24081	213	17838	20994
Feb 21, 2021	24466	163	3916	20689
Feb 22, 2021	24226	363	21537	4360
Feb 23, 2021	24483	341	24398	18829
Feb 24, 2021	23665	370	21635	29579
Feb 25, 2021	23281	354	20422	23839
Feb 26, 2021	22285	379	18940	23655
Feb 27, 2021	21554	214	18287	22519
Feb 28, 2021	21836	125	3926	18724
Mar 01, 2021	22098	404	17304	4413
Mar 02, 2021	22184	330	23494	21450
Mar 03, 2021	16678	389	19377	25139
Mar 04, 2021	17117	360	19067	23723
Mar 05, 2021	17117	305	19619	22060
Mar 06, 2021	17352	187	15340	21871
Mar 07, 2021	18055	147	3960	20482
Mar 08, 2021	18415	377	18007	4999
Mar 09, 2021	16349	316	23162	21868
Mar 10, 2021	16699	295	20821	28438
Mar 11, 2021	17627	296	22335	25494
Mar 12, 2021	18703	254	20740	23676
Mar 13, 2021	19764	192	20497	27927
Mar 14, 2021	21121	137	4223	24721
Mar 15, 2021	22038	357	18472	6073
Mar 16, 2021	23355	338	29241	28130
Mar 17, 2021	22792	300	23539	36131
Mar 18, 2021	24592	327	23328	32844
Mar 19, 2021	27188	362	22157	32911
Mar 20, 2021	29576	244	18480	33169
Mar 21, 2021	31107	170	4243	28699
Mar 22, 2021	33070	402	21048	35259
Mar 23, 2021	34535	347	24792	23350
Mar 24, 2021	36849	305	23418	31334
Mar 25, 2021	37985	285	21775	42831
Mar 26, 2021	40120	363	21508	39292
Mar 27, 2021	42384	201	20281	39995
Mar 28, 2021	44447	142	4857	34736
Mar 29, 2021	46663	371	21497	26843
Mar 30, 2021	48566	348	28090	26580
Mar 31, 2021	50397	325	25169	39327
Apr 01, 2021	53127	314	23362	47541
Apr 02, 2021	56347	304	27623	43804
Apr 03, 2021	58500	213	24508	18571
Apr 04, 2021	60072	185	5888	57172
Apr 05, 2021	61450	197	27933	11576
Apr 06, 2021	63102	414	35717	54241
Apr 07, 2021	64373	431	32413	28890
Apr 08, 2021	66994	374	32537	14892
Apr 09, 2021	69811	301	32868	38704
Apr 10, 2021	73078	179	28520	40620
Apr 11, 2021	73875	176	35083	32747
Apr 12, 2021	75266	385	22965	8011
Apr 13, 2021	76034	351	30983	36705
Apr 14, 2021	76757	303	42528	40827
Apr 15, 2021	77294	302	38990	35703
Apr 16, 2021	78425	313	39682	34199
Apr 17, 2021	79108	189	34547	33653
Apr 18, 2021	80559	140	26703	27538
Apr 19, 2021	82276	489	26091	6847
Apr 20, 2021	83298	346	38981	39882
Apr 21, 2021	83162	313	47228	32815
Apr 22, 2021	84935	283	43521	32205
Apr 23, 2021	84976	332	18239	30349
Apr 24, 2021	86529	217	56955	30624
Apr 25, 2021	88698	152	11424	22959
Apr 26, 2021	89219	405	53836	5586
Apr 27, 2021	87794	333	28557	28451
Apr 28, 2021	88207	322	14570	29598
Apr 29, 2021	89838	313	38391	24904
Apr 30, 2021	91547	276	40344	22803
May 01, 2021	90553	195	32552	24090
May 02, 2021	89661	116	7895	9279
May 03, 2021	87953	315	36390	3529
May 04, 2021	86151	247	40580	22871
May 05, 2021	84480	252	35451	24400
May 06, 2021	84172	227	33972	20375
May 07, 2021	83699	235	33418	17947
May 08, 2021	82731	179	27359	19468
May 09, 2021	81830	119	6728	8566
May 10, 2021	80375	296	39586	3089
May 11, 2021	78959	240	32575	18573
May 12, 2021	76536	184	32021	20175
May 13, 2021	75052	131	30218	18263
May 14, 2021	73398	173	30451	6593
May 15, 2021	71804	122	22837	14719
May 16, 2021	68819	91	5495	13089
May 17, 2021	68223	206	28245	3144
May 18, 2021	67665	198	29400	16151
May 19, 2021	66377	146	24763	17877
May 20, 2021	66282	138	22803	15415
May 21, 2021	63229	113	23947	12800
May 22, 2021	63436	95	9166	12611
May 23, 2021	62620	76	3440	9704
May 24, 2021	62917	68	22801	2229
May 25, 2021	62295	203	24320	3155
May 26, 2021	60268	153	20172	12646
May 27, 2021	59018	151	17803	13933
May 28, 2021	58611	107	19308	11268
May 29, 2021	58857	69	8459	10675
May 30, 2021	58878	46	3021	8541
May 31, 2021	59033	128	18529	1211
Jun 01, 2021	57336	129	20044	9848
Jun 02, 2021	55052	98	18134	8743
Jun 03, 2021	53099	72	6469	8161
Jun 04, 2021	51478	84	14673	6953
Jun 05, 2021	48937	57	13005	6654
Jun 06, 2021	47764	26	3087	5070
Jun 07, 2021	47376	65	16126	1166
Jun 08, 2021	46190	73	17811	6016
Jun 09, 2021	44987	66	15342	5557
Jun 10, 2021	44236	70	12735	4475
Jun 11, 2021	43618	71	12540	3871
Jun 12, 2021	42717	34	9604	3972
Jun 13, 2021	42290	13	2195	2855
Jun 14, 2021	41726	63	3171	689
Jun 15, 2021	40929	80	12583	3235
Jun 16, 2021	39905	50	13853	3058
Jun 17, 2021	36215	62	11224	2044
Jun 18, 2021	35809	56	10607	3181
Jun 19, 2021	35491	22	8485	2624
Jun 20, 2021	33972	14	1189	1815
Jun 21, 2021	34020	40	9834	487
Jun 22, 2021	33452	51	8703	2204
Jun 23, 2021	33005	33	8110	2320
Jun 24, 2021	32936	44	6920	2007
Jun 25, 2021	32921	33	6610	1986
Jun 26, 2021	32710	16	5037	2128
Jun 27, 2021	32241	21	1154	1578
Jun 28, 2021	32225	48	5999	509
Jun 29, 2021	32153	33	5501	2314
Jun 30, 2021	31606	25	4442	2457
Jul 01, 2021	31767	29	3846	2664
Jul 02, 2021	31910	24	3943	2683
Jul 03, 2021	32319	17	2831	3006
Jul 04, 2021	32621	9	672	2549
Jul 05, 2021	33299	36	3226	796
Jul 06, 2021	33390	34	3022	3585
Jul 07, 2021	34013	28	2010	4081
Jul 08, 2021	34531	25	3153	4442
Jul 09, 2021	35573	18	2599	4580
Jul 10, 2021	36454	19	1797	4696
Jul 11, 2021	37499	4	468	4256
Jul 12, 2021	38622	28	2200	1260
Jul 13, 2021	39644	54	2292	6950
Jul 14, 2021	40862	6	1953	8875
Jul 15, 2021	42330	16	1980	3617
Jul 16, 2021	43670	22	2112	10908
Jul 17, 2021	45579	16	1556	10949
Jul 18, 2021	47331	5	493	12532
Jul 19, 2021	48850	20	2309	4151
Jul 20, 2021	49929	33	2437	18181
Jul 21, 2021	51529	29	2631	21539
Jul 22, 2021	52752	11	2654	21909
Jul 23, 2021	53623	26	2995	19561
Jul 24, 2021	54122	25	2523	25624
Jul 25, 2021	55720	7	771	15242
Jul 26, 2021	57799	50	3579	5307
Jul 27, 2021	59899	31	4036	26871
Jul 28, 2021	56952	44	4414	27934
Jul 29, 2021	59761	32	4540	25190
Jul 30, 2021	62723	66	4667	24309
Jul 31, 2021	66287	47	4196	23471
Aug 01, 2021	69756	20	1217	19600
Aug 02, 2021	73213	56	6932	5184
Aug 03, 2021	75373	63	8824	26829
Aug 04, 2021	78595	59	3560	28784
Aug 05, 2021	77409	57	10855	26460
Aug 06, 2021	79992	66	10897	25077
Aug 07, 2021	79837	35	12472	25755
Aug 08, 2021	82076	33	4119	20450
Aug 09, 2021	83298	75	18151	5775
Aug 10, 2021	84427	75	21471	28576
Aug 11, 2021	84177	60	21841	30920
Aug 12, 2021	85633	85	19507	28554
Aug 13, 2021	86236	82	25547	26453
Aug 14, 2021	86606	56	15168	24427
Aug 15, 2021	87209	49	5256	21172
Aug 16, 2021	88588	107	26827	5829
Aug 17, 2021	87423	123	27837	28114
Aug 18, 2021	88209	124	25079	28405
Aug 19, 2021	89531	140	24197	23973
Aug 20, 2021	89673	92	23344	22319
Aug 21, 2021	89044	89	19517	22636
Aug 22, 2021	89334	49	5103	17300
Aug 23, 2021	89919	119	26785	5166
Aug 24, 2021	91046	169	28676	24853
Aug 25, 2021	91204	102	26307	23706
Aug 26, 2021	92244	110	24984	19683
Aug 27, 2021	92844	109	25432	18249
Aug 28, 2021	93107	85	20355	17590
Aug 29, 2021	93504	61	5701	13630
Aug 30, 2021	93690	112	28523	3795
Aug 31, 2021	94573	136	30822	19425
Sep 01, 2021	93901	86	28418	17621
Sep 02, 2021	92941	103	26320	15911
Sep 03, 2021	90076	93	24324	13466
Sep 04, 2021	91503	83	21079	13336
Sep 05, 2021	92249	49	5746	10410
Sep 06, 2021	92367	102	28065	3042
Sep 07, 2021	92315	152	28303	14534
Sep 08, 2021	91747	100	23821	12828
Sep 09, 2021	91589	103	22219	10969
Sep 10, 2021	91440	80	22533	9966
Sep 11, 2021	91717	46	17220	9601
Sep 12, 2021	91015	29	5120	7679
Sep 13, 2021	90545	86	24824	2062
Sep 14, 2021	85801	147	23620	10327
Sep 15, 2021	77532	79	19536	9144
Sep 16, 2021	76581	65	18170	8128
Sep 17, 2021	65725	66	17525	7373
Sep 18, 2021	64564	42	13564	7414
Sep 19, 2021	63909	28	3753	5814
Sep 20, 2021	63724	68	19397	1515
Sep 21, 2021	62922	153	17553	7851
Sep 22, 2021	61947	58	15758	6794
Sep 23, 2021	61558	62	13408	6229
Sep 24, 2021	60952	49	13274	5879
Sep 25, 2021	52042	29	10361	6012
Sep 26, 2021	50690	14	3013	4706
Sep 27, 2021	50651	92	14520	1309
Sep 28, 2021	49968	60	12736	6765
Sep 29, 2021	48506	42	10909	5835
Sep 30, 2021	47832	56	9924	5204
Oct 01, 2021	48163	46	9545	4935
Oct 02, 2021	46934	30	7633	4948
Oct 03, 2021	46503	9	2032	3744
Oct 04, 2021	46206	50	10318	1138
Oct 05, 2021	45826	75	9094	5558
Oct 06, 2021	44828	34	8053	4946
Oct 07, 2021	44395	34	7339	4615
Oct 08, 2021	43648	38	7380	4470
Oct 09, 2021	43352	15	5776	4734
Oct 10, 2021	42541	8	1500	3991
Oct 11, 2021	42263	30	7843	1120
Oct 12, 2021	41754	68	6764	5880
Oct 13, 2021	41071	23	6161	5578
Oct 14, 2021	40309	38	5856	5187
Oct 15, 2021	39953	34	5974	6099
Oct 16, 2021	26974	15	4672	4899
Oct 17, 2021	26237	5	1294	3778
Oct 18, 2021	25870	41	6760	1057
Oct 19, 2021	25640	49	5794	5934
Oct 20, 2021	25205	21	5155	6036
Oct 21, 2021	24699	35	4914	6127
Oct 22, 2021	24386	29	4913	6366
Oct 23, 2021	24081	23	3715	6291
Oct 24, 2021	23917	4	1115	5005
Oct 25, 2021	23940	41	5554	1295
Oct 26, 2021	24196	47	4905	6603
Oct 27, 2021	23982	34	4568	6528
Oct 28, 2021	23439	33	4436	6461
Oct 29, 2021	23151	27	4701	6433
Oct 30, 2021	22965	22	3964	7360
Oct 31, 2021	23094	12	1098	6329
Nov 01, 2021	22545	6	5868	1866
Nov 02, 2021	22564	74	5572	2039
Nov 03, 2021	22570	39	5113	10050
Nov 04, 2021	22577	47	6060	9502
Nov 05, 2021	22741	26	4852	8998
Nov 06, 2021	22852	25	3752	9605
Nov 07, 2021	22810	10	1032	8547
Nov 08, 2021	22733	55	5924	2197
Nov 09, 2021	22845	58	5981	12476
Nov 10, 2021	22958	33	6069	11883
Nov 11, 2021	23270	17	6333	12603
Nov 12, 2021	23330	48	6274	3860
Nov 13, 2021	23090	16	4957	14646
Nov 14, 2021	22855	17	1279	12496
Nov 15, 2021	22791	70	6586	3241
Nov 16, 2021	22626	47	6458	19778
Nov 17, 2021	22387	50	6414	20294
Nov 18, 2021	22501	52	6383	20366
Nov 19, 2021	22498	50	7308	21220
Nov 20, 2021	22479	23	6279	22678
Nov 21, 2021	22479	15	1843	19749
Nov 22, 2021	22562	94	2024	5266
Nov 23, 2021	14862	98	9956	30454
Nov 24, 2021	14188	81	9404	32591
Nov 25, 2021	13538	43	8917	33464
Nov 26, 2021	13489	60	9562	34436
Nov 27, 2021	13593	34	8487	37218
Nov 28, 2021	13719	23	2163	31648
Nov 29, 2021	13738	122	12453	8279
Nov 30, 2021	13876	115	11761	47177
Dec 01, 2021	14163	96	12488	49610
Dec 02, 2021	14168	103	3764	48416
Dec 03, 2021	12114	127	14543	49858
Dec 04, 2021	12348	49	12369	51624
Dec 05, 2021	12452	29	3192	42252
Dec 06, 2021	11920	192	19749	11308
Dec 07, 2021	11826	172	20102	59019
Dec 08, 2021	11844	133	20194	61340
Dec 09, 2021	9829	136	21087	56854
Dec 10, 2021	9485	150	-136	55339
Dec 11, 2021	9511	65	42277	53720
Dec 12, 2021	9118	48	5201	43848
Dec 13, 2021	9048	243	30406	12036
Dec 14, 2021	9120	158	32348	63405
Dec 15, 2021	9292	151	33306	65713
Dec 16, 2021	9451	188	34285	60866
Dec 17, 2021	9471	162	37030	58128
Dec 18, 2021	9582	85	31486	58536
Dec 19, 2021	9589	75	8194	48473
Dec 20, 2021	9588	224	47102	15075
Dec 21, 2021	9557	229	49386	72832
Dec 22, 2021	9561	170	48187	84272
Dec 23, 2021	9408	179	49688	91608
Dec 24, 2021	9529	167	51445	94124
Dec 25, 2021	9763	84	42085	104611
Dec 26, 2021	9674	96	11224	27697
Dec 27, 2021	9831	256	58923	30383
Dec 28, 2021	9915	290	61084	179807
Dec 29, 2021	10065	184	56564	208099
Dec 30, 2021	10009	180	55155	206243
Dec 31, 2021	10112	189	53540	232200
Jan 01, 2022	10184	110	43659	219126
Jan 02, 2022	10562	91	11926	58432
Jan 03, 2022	11124	270	63314	67461
Jan 04, 2022	11565	351	65443	271686
Jan 05, 2022	12213	246	60515	332252
Jan 06, 2022	13046	204	57882	261481
Jan 07, 2022	14094	193	58332	328214
Jan 08, 2022	15192	142	48280	303669
Jan 09, 2022	16432	90	14933	296097
Jan 10, 2022	17748	280	72742	93896
Jan 11, 2022	18947	341	83992	368149
Jan 12, 2022	20562	246	91267	361719
Jan 13, 2022	23230	225	93878	305322
Jan 14, 2022	26428	191	104386	329371
Jan 15, 2022	28112	148	27506	324580
Jan 16, 2022	31551	98	30235	278129
Jan 17, 2022	35677	296	179709	102144
Jan 18, 2022	39881	375	207803	464769
Jan 19, 2022	44717	231	205868	436167
Jan 20, 2022	51094	245	231969	425183
Jan 21, 2022	57935	233	218881	400851
Jan 22, 2022	63344	167	58199	389320
Jan 23, 2022	70263	115	67294	301614
Jan 24, 2022	76617	393	271571	108481
Jan 25, 2022	82396	467	331859	501635
Jan 26, 2022	86124	258	261014	428008
Jan 27, 2022	91854	268	327956	392168
Jan 28, 2022	98221	263	303401	353503
Jan 29, 2022	104095	178	295834	332398
Jan 30, 2022	100005	127	93718	249448
Jan 31, 2022	104045	348	368022	82657
Feb 01, 2022	105675	381	361371	416896
Feb 02, 2022	102103	276	304941	315363
Feb 03, 2022	100072	264	329095	274352
Feb 04, 2022	101858	355	324316	241049
Feb 05, 2022	91620	170	277774	214542
Feb 06, 2022	90797	129	101974	155439
Feb 07, 2022	89192	417	464640	46001
Feb 08, 2022	87168	691	435750	235267
Feb 09, 2022	86262	283	412530	179614
Feb 10, 2022	84670	310	412530	153025
Feb 11, 2022	82368	329	389010	131376
Feb 12, 2022	80168	161	301285	118611
Feb 13, 2022	78398	107	108320	86562
Feb 14, 2022	76639	385	501528	26475
Feb 15, 2022	75405	390	427623	142253
Feb 16, 2022	73029	276	391778	98735
Feb 17, 2022	71167	287	353227	92345
Feb 18, 2022	70525	304	332111	82553
Feb 19, 2022	69700	148	249144	76638
Feb 20, 2022	67658	114	82509	59003
Feb 21, 2022	67672	283	416896	17195
Feb 22, 2022	66227	285	319295	97382
Feb 23, 2022	64262	213	269738	66833
Feb 24, 2022	62785	281	240836	66732
Feb 25, 2022	61332	188	214261	58138
Feb 26, 2022	37212	101	155251	53623
Feb 27, 2022	36803	76	45900	42600
Feb 28, 2022	35898	232	235191	13483
Mar 01, 2022	36741	209	179382	79794
Mar 02, 2022	35523	186	152816	57697
Mar 03, 2022	32457	180	131190	60225
Mar 04, 2022	30794	181	118431	57789
Mar 05, 2022	29749	120	86381	53678
Mar 06, 2022	29611	32	26355	45328
Mar 07, 2022	29580	176	142221	14496
Mar 08, 2022	29346	167	98559	93050
Mar 09, 2022	17995	155	92178	69190
Mar 10, 2022	18049	107	82398	74818
Mar 11, 2022	17809	149	76531	72399
Mar 12, 2022	17849	51	58854	72443
Mar 13, 2022	17961	29	17144	60422
Mar 14, 2022	18023	185	97353	18853
Mar 15, 2022	18026	146	66648	116618
Mar 16, 2022	17512	173	66586	108832
Mar 17, 2022	17487	116	57965	101747
Mar 18, 2022	16875	112	53507	97579
Mar 19, 2022	15712	62	42488	98104
Mar 20, 2022	15800	30	13421	81283
Mar 21, 2022	15740	152	79764	24179
Mar 22, 2022	15290	133	57545	180777
Mar 23, 2022	8033	101	60092	145560
Mar 24, 2022	8063	124	57688	148635
Mar 25, 2022	8347	121	53554	143571
Mar 26, 2022	8165	67	45207	139517
Mar 27, 2022	8239	41	14429	110174
Mar 28, 2022	8314	149	93009	29455
Mar 29, 2022	8535	164	69041	217480
Mar 30, 2022	8591	149	74654	169024
Mar 31, 2022	8703	139	72250	169311
Apr 01, 2022	8690	134	72304	148629
Apr 02, 2022	8825	68	60288	132114
Apr 03, 2022	8992	31	18785	102266
Apr 04, 2022	9068	149	116587	27648
Apr 05, 2022	9162	129	108683	203021
Apr 06, 2022	9098	128	101618	161950
Apr 07, 2022	9198	105	97451	158792
Apr 08, 2022	9223	139	97999	148768
Apr 09, 2022	9382	87	81144	141690
Apr 10, 2022	9387	45	24092	107654
Apr 11, 2022	9426	178	180732	25492
Apr 12, 2022	9406	159	145382	190762
Apr 13, 2022	9394	152	148476	146426
Apr 14, 2022	9446	133	143419	137342
Apr 15, 2022	9568	151	139384	125394
Apr 16, 2022	5841	61	110023	111583
Apr 17, 2022	3279	35	29394	86650
Apr 18, 2022	3300	48	217445	19810
Apr 19, 2022	3340	182	168976	25465
Apr 20, 2022	3322	227	169129	155711
Apr 21, 2022	3351	185	148402	104007
Apr 22, 2022	3368	146	131929	88389
Apr 23, 2022	3384	75	102120	80571
Apr 24, 2022	3489	40	27573	58954
Apr 25, 2022	3446	197	202981	13984
Apr 26, 2022	3551	170	161753	97498
Apr 27, 2022	3666	152	158622	67711
Apr 28, 2022	3760	132	148616	59760
Apr 29, 2022	3835	158	141558	52919
Apr 30, 2022	3900	61	107496	49482
May 01, 2022	3966	32	25431	36726
May 02, 2022	4005	180	190730	8737
May 03, 2022	4051	120	146246	67017
May 04, 2022	4090	114	137222	47925
May 05, 2022	4111	122	125280	44225
May 06, 2022	4141	110	111461	40224
May 07, 2022	4177	62	86540	37958
May 08, 2022	4220	54	19748	29324
May 09, 2022	4284	132	25411	7354
May 10, 2022	4315	123	155579	56449
May 11, 2022	4380	96	103884	40299
May 12, 2022	4470	84	88293	36047
May 13, 2022	4563	98	80487	32773
May 14, 2022	4648	74	58856	30459
May 15, 2022	4732	21	13984	22844
May 16, 2022	4834	126	97403	5936
May 17, 2022	4884	90	67585	43727
May 18, 2022	4950	80	59670	29995
May 19, 2022	5038	67	52839	27842
May 20, 2022	5119	65	49415	24332
May 21, 2022	5189	44	36661	22507
May 22, 2022	3352	11	8737	16965
May 23, 2022	3332	82	66962	4386
May 24, 2022	3394	88	47843	32029
May 25, 2022	3486	51	44137	22006
May 26, 2022	3562	28	40173	21234
May 27, 2022	3641	45	37930	4811
May 28, 2022	3731	23	29279	23582
May 29, 2022	3781	14	7354	16440
May 30, 2022	3829	85	56412	4673
May 31, 2022	3883	76	40214	35142
Jun 01, 2022	3949	58	35971	26144
Jun 02, 2022	4016	41	32715	25365
Jun 03, 2022	4052	38	30418	25130
Jun 04, 2022	4146	34	22806	25172
Jun 05, 2022	4201	10	5936	20542
Jun 06, 2022	4260	9	43727	6184
Jun 07, 2022	4310	74	29942	11627
Jun 08, 2022	4374	77	27768	53802
Jun 09, 2022	4463	42	24255	40151
Jun 10, 2022	4533	39	-42	17152
Jun 11, 2022	4606	0	39433	0
Jun 12, 2022	4673	0	4386	79397
Jun 13, 2022	4767	92	32029	8474
Jun 14, 2022	4821	57	21914	65425
Jun 15, 2022	4927	49	21177	51954
Jun 16, 2022	3044	49	4762	53081
Jun 17, 2022	3073	43	23533	50605
Jun 18, 2022	3224	19	-43	50266
Jun 19, 2022	3376	3	16440	40125
Jun 20, 2022	3363	45	39793	11566
Jun 21, 2022	3475	56	26099	95217
Jun 22, 2022	3679	66	25309	77967
Jun 23, 2022	3649	40	25064	79852
Jun 24, 2022	3797	49	25132	79262
Jun 25, 2022	4115	30	-49	80926
Jun 26, 2022	4519	11	20542	66301
Jun 27, 2022	4899	48	17770	17601
Jun 28, 2022	5230	37	53754	147248
Jun 29, 2022	5269	48	40114	124724
Jun 30, 2022	5749	42	17104	133346
Jul 01, 2022	6443	52	-42	125066
Jul 02, 2022	6958	30	-52	122639
Jul 03, 2022	7500	14	79397	96191
Jul 04, 2022	8173	97	73899	24418
Jul 05, 2022	8826	75	51813	206554
Jul 06, 2022	9147	53	53006	154615
Jul 07, 2022	9032	89	50552	161265
Jul 08, 2022	9346	74	50177	140997
Jul 09, 2022	9697	39	-74	116405
Jul 10, 2022	10198	15	40125	110589
Jul 11, 2022	10567	108	106783	24343
Jul 12, 2022	10284	126	77805	182006
Jul 13, 2022	10294	109	79726	127642
Jul 14, 2022	10202	54	79153	119285
Jul 15, 2022	9665	108	80872	23027
Jul 16, 2022	10003	59	66193	124009
Jul 17, 2022	10177	26	17601	73668
Jul 18, 2022	10664	174	147163	17733
Jul 19, 2022	9620	144	124550	134188
Jul 20, 2022	9673	125	133202	89982
Jul 21, 2022	10004	133	124941	80869
Jul 22, 2022	10676	113	122506	74348
Jul 23, 2022	11367	57	96078	68532
Jul 24, 2022	7272	23	24418	50032
Jul 25, 2022	7570	130	206474	11195
Jul 26, 2022	7632	119	154485	87562
Jul 27, 2022	7660	103	161146	58638
Jul 28, 2022	8413	112	140894	51594
Jul 29, 2022	8307	89	116293	45515
Jul 30, 2022	7997	55	110500	41274
Jul 31, 2022	8096	20	24343	31535
Aug 01, 2022	8751	121	181931	7249
Aug 02, 2022	9141	101	127521	54519
Aug 03, 2022	8914	90	119184	38788
Aug 04, 2022	9239	87	22937	33799
Aug 05, 2022	9987	80	123922	30592
Aug 06, 2022	9499	45	73588	28518
Aug 07, 2022	9738	20	17733	21528
Aug 08, 2022	10363	109	134123	5090
Aug 09, 2022	10784	111	89873	38230
Aug 10, 2022	9670	88	80758	27081
Aug 11, 2022	9711	80	74260	24312
Aug 12, 2022	9256	74	68452	22638
Aug 13, 2022	9981	0	49958	21175
Aug 14, 2022	10558	0	11195	16347
Aug 15, 2022	11015	65	87562	4564
Aug 16, 2022	11365	113	58573	6331
Aug 17, 2022	11886	93	51481	35745
Aug 18, 2022	12462	92	45422	23605
Aug 19, 2022	12968	74	41182	20236
Aug 20, 2022	13415	40	31461	19870
Aug 21, 2022	13881	0	7249	14820
Aug 22, 2022	14294	76	54479	4012
Aug 23, 2022	9383	88	38712	28988
Aug 24, 2022	9195	57	33711	21289
Aug 25, 2022	9084	44	30535	19837
Aug 26, 2022	9179	51	28474	18116
Aug 27, 2022	9095	23	21477	17833
Aug 28, 2022	8972	9	5090	14110
Aug 29, 2022	9197	78	38198	3806
Aug 30, 2022	8797	72	27003	27358
Aug 31, 2022	8677	54	24240	19240
Sep 01, 2022	8895	41	22584	18646
Sep 02, 2022	8343	55	21134	16399
Sep 03, 2022	8238	14	16292	15597
Sep 04, 2022	8242	3	4564	12894
Sep 05, 2022	8430	67	6314	3443
Sep 06, 2022	8430	60	35678	26918
Sep 07, 2022	8587	46	23545	20142
Sep 08, 2022	8761	58	20190	19866
Sep 09, 2022	5937	31	19812	19087
Sep 10, 2022	5886	15	14789	19517
Sep 11, 2022	5554	6	4012	16422
Sep 12, 2022	5636	40	28967	4579
Sep 13, 2022	5734	49	21249	41850
Sep 14, 2022	5701	33	19788	33575
Sep 15, 2022	5538	33	18083	33263
Sep 16, 2022	5305	28	17800	28686
Sep 17, 2022	5408	11	14082	33162
Sep 18, 2022	5321	2	3806	23137
Sep 19, 2022	5392	58	27345	5219
Sep 20, 2022	5434	48	19182	51816
Sep 21, 2022	5211	33	18598	38250
Sep 22, 2022	5330	30	16366	38464
Sep 23, 2022	4857	33	15567	37524
Sep 24, 2022	4826	14	12861	38024
Sep 25, 2022	4780	8	3443	31365
Sep 26, 2022	4835	51	26896	7489
Sep 27, 2022	4874	40	20091	73639
Sep 28, 2022	4952	45	19826	53410
Sep 29, 2022	4206	33	19042	51366
Sep 30, 2022	4169	34	19484	48261
Oct 01, 2022	4242	17	16388	46596
Oct 02, 2022	4280	7	4579	37453
Oct 03, 2022	4330	62	41826	8690
Oct 04, 2022	3482	74	33513	89185
Oct 05, 2022	3538	47	33189	66564
Oct 06, 2022	3574	50	28639	65537
Oct 07, 2022	3612	53	33112	61121
Oct 08, 2022	3663	26	23084	57270
Oct 09, 2022	3717	8	5219	42626
Oct 10, 2022	3772	79	51782	9373
Oct 11, 2022	3806	85	38171	94753
Oct 12, 2022	3855	55	38379	67948
Oct 13, 2022	3912	62	37469	64218
Oct 14, 2022	3974	79	37962	58695
Oct 15, 2022	4010	35	31286	55394
Oct 16, 2022	4056	17	7489	41973
Oct 17, 2022	4093	112	73587	9421
Oct 18, 2022	4125	101	53298	87666
Oct 19, 2022	4177	106	51265	63031
Oct 20, 2022	4231	69	48155	56793
Oct 21, 2022	4276	81	46527	49087
Oct 22, 2022	4328	33	37372	43746
Oct 23, 2022	4377	17	8690	31470
Oct 24, 2022	4412	122	89135	6907
Oct 25, 2022	4442	131	66442	59653
Oct 26, 2022	4493	60	65406	41185
Oct 27, 2022	4539	71	61061	37089
Oct 28, 2022	4608	61	57199	25783
Oct 29, 2022	4671	41	42565	22723
Oct 30, 2022	4714	9	9373	16456
Oct 31, 2022	4752	112	94703	3768
Nov 01, 2022	4779	53	67836	29525
Nov 02, 2022	4851	97	64165	5691
Nov 03, 2022	4919	55	58598	42025
Nov 04, 2022	4959	78	55339	29438
Nov 05, 2022	5005	34	41895	26840
Nov 06, 2022	5043	9	0	21178
Nov 07, 2022	5091	109	97044	3645
Nov 08, 2022	5116	117	62922	40591
Nov 09, 2022	5153	72	56676	28702
Nov 10, 2022	5190	53	49015	27068
Nov 11, 2022	5231	33	43693	26353
Nov 12, 2022	5279	15	31437	5577
Nov 13, 2022	5321	2	6907	27155
Nov 14, 2022	5362	100	59636	6017
Nov 15, 2022	5394	110	41085	48971
Nov 16, 2022	5426	71	36979	34878
Nov 17, 2022	5482	87	25712	33331
Nov 18, 2022	5507	74	22636	37177
Nov 19, 2022	5549	75	16382	47088
Nov 20, 2022	5578	6	3768	14204
Nov 21, 2022	5595	94	29444	29335
Nov 22, 2022	5620	89	5597	64772
Nov 23, 2022	5647	84	41936	49188
Nov 24, 2022	5690	60	-84	50530
Nov 25, 2022	5720	68	56218	48629
Nov 26, 2022	5747	29	21110	48331
Nov 27, 2022	5778	8	3645	37675
Nov 28, 2022	5806	95	40554	9304
Nov 29, 2022	5827	88	28607	91814
Nov 30, 2022	5866	91	26980	68382
Dec 01, 2022	5905	76	26262	69253
Dec 02, 2022	5929	67	5501	59008
Dec 03, 2022	5953	38	27088	52908
Dec 04, 2022	5970	10	6017	40006
Dec 05, 2022	6009	104	48923	10591
Dec 06, 2022	6034	117	34774	105516
Dec 07, 2022	6060	93	33214	75752
Dec 08, 2022	6084	62	37084	71597
Dec 09, 2022	6101	94	47026	65509
Dec 10, 2022	6117	62	14110	61482
Dec 11, 2022	6147	30	29335	46422
Dec 12, 2022	6156	167	64680	10878
Dec 13, 2022	6163	138	49021	97037
Dec 14, 2022	6177	114	50392	70224
Dec 15, 2022	6208	106	48515	62541
Dec 16, 2022	6238	131	48225	56361
Dec 17, 2022	6248	45	37544	52544
Dec 18, 2022	6261	35	9304	37264
Dec 19, 2022	6265	178	91734	8213
Dec 20, 2022	6273	130	68204	71212
Dec 21, 2022	6294	127	69123	54613
Dec 22, 2022	6313	120	58881	49517
Dec 23, 2022	6328	158	52788	43766
Dec 24, 2022	6340	58	39848	40744
Dec 25, 2022	6355	24	0	23681
Dec 26, 2022	6373	133	10591	5429
Dec 27, 2022	6385	208	105516	30989
Dec 28, 2022	6411	140	147349	26081
Dec 29, 2022	6423	132	64946	24436
Dec 30, 2022	6448	115	61350	23808
Dec 31, 2022	6460	52	46307	21836
Jan 01, 2023	6481	28	10878	15005
Jan 02, 2023	6493	172	96957	2246
Jan 03, 2023	6508	163	70052	22916
Jan 04, 2023	6528	123	62378	14105
Jan 05, 2023	6561	143	56238	11537
Jan 06, 2023	6584	126	52401	10383
Jan 07, 2023	6608	54	37264	8961
Jan 08, 2023	6626	22	8213	6557
Jan 09, 2023	6642	145	71010	1702
Jan 10, 2023	6649	115	54468	11715
Jan 11, 2023	6664	88	49402	7635
Jan 12, 2023	6690	53	43678	7159
Jan 13, 2023	6710	101	40691	6238
Jan 14, 2023	6725	27	23580	5429
Jan 15, 2023	6741	9	5429	4166
Jan 16, 2023	6752	80	30953	1235
Jan 17, 2023	6757	99	26001	8381
Jan 18, 2023	6781	82	24337	5894
Jan 19, 2023	6798	64	23726	4992
Jan 20, 2023	6819	44	21772	4475
Jan 21, 2023	6838	54	14961	4324
Jan 22, 2023	6847	9	2246	3477
Jan 23, 2023	6857	134	22853	1027
Jan 24, 2023	6860	59	13971	7263
Jan 25, 2023	6872	0	11478	5347
Jan 26, 2023	6893	28	10383	5287
Jan 27, 2023	6907	44	8933	4681
Jan 28, 2023	6924	0	6513	4513
Jan 29, 2023	6942	0	1702	3802
Jan 30, 2023	6957	96	11715	982
Jan 31, 2023	6965	57	7539	6860
Feb 01, 2023	6984	53	7102	4506
Feb 02, 2023	7003	52	6185	4021
Feb 03, 2023	7015	28	0	3618
Feb 04, 2023	7033	21	5429	3312
Feb 05, 2023	7050	0	4166	2632
Feb 06, 2023	7069	40	9616	718
Feb 07, 2023	7082	42	5753	4999
Feb 08, 2023	7098	31	4950	3991
Feb 09, 2023	7115	17	4444	3653
Feb 10, 2023	7136	20	4307	3366
Feb 11, 2023	7166	0	3457	3187
Feb 12, 2023	7188	0	1027	2469
Feb 13, 2023	7210	50	7263	706
Feb 14, 2023	7223	35	5297	4986
Feb 15, 2023	7244	35	5252	3972
Feb 16, 2023	7274	27	4646	4021
Feb 17, 2023	7311	28	4486	3589
Feb 18, 2023	7328	0	3774	4236
Feb 19, 2023	7358	0	982	2999
Feb 20, 2023	7375	47	6860	898
Feb 21, 2023	7407	32	4459	5774
Feb 22, 2023	7430	38	3989	4584
Feb 23, 2023	7466	19	3580	4489
Feb 24, 2023	7508	29	3293	3917
Feb 25, 2023	7548	0	2603	3843
Feb 26, 2023	7584	0	718	2942
Feb 27, 2023	7607	52	4999	841
Feb 28, 2023	7630	34	3939	5651
Mar 01, 2023	7667	25	3619	4525
Mar 02, 2023	7699	21	3341	4196
Mar 03, 2023	7741	21	3166	3194
Mar 04, 2023	7787	0	2448	4013
Mar 05, 2023	7832	0	0	0
Mar 06, 2023	7882	43	5692	953
Mar 07, 2023	7912	0	-43	0
Mar 08, 2023	7956	0	3972	0
Mar 09, 2023	8006	0	4021	0
Mar 10, 2023	8079	90	7825	6188
Mar 11, 2023	8150	0	2909	6072
Mar 12, 2023	8226	0	898	4558
Mar 13, 2023	8313	50	5774	1235
Mar 14, 2023	8366	27	4534	9937
Mar 15, 2023	8451	24	4462	8348
Mar 16, 2023	8580	24	3893	7932
Mar 17, 2023	8713	26	3819	7228
Mar 18, 2023	8822	0	2916	7210
Mar 19, 2023	8925	0	841	5459
Mar 20, 2023	9025	63	5651	1470
Mar 21, 2023	9130	35	4462	11519
Mar 22, 2023	9265	13	4161	9762
Mar 23, 2023	9432	29	3181	9249
Mar 24, 2023	9581	15	3984	8839
Mar 25, 2023	9670	0	-15	8435
Mar 26, 2023	9775	0	953	6211
Mar 27, 2023	9908	65	0	7
Mar 28, 2023	9958	39	-65	12933
Mar 29, 2023	10067	36	-39	10885
Mar 30, 2023	10182	0	-36	0
Mar 31, 2023	10280	69	12260	9211
Apr 01, 2023	10367	0	4489	8455
Apr 02, 2023	10422	0	1235	6027
Apr 03, 2023	10477	58	9937	1453
Apr 04, 2023	10523	0	-58	0
Apr 05, 2023	10572	58	16280	9922
Apr 06, 2023	10629	35	7170	9374
Apr 07, 2023	10681	28	7175	8786
Apr 08, 2023	10728	0	5431	7739
Apr 09, 2023	10784	0	1470	6474
Apr 10, 2023	10812	0	11519	1342
Apr 11, 2023	10863	0	9762	1884
Apr 12, 2023	10901	59	9249	14207
Apr 13, 2023	10929	0	8780	10678
Apr 14, 2023	10999	108	8435	9467
Apr 15, 2023	11065	0	6103	8595
Apr 16, 2023	11085	0	7	5805
Apr 17, 2023	11109	0	12933	1411
Apr 18, 2023	11135	140	10885	10616
Apr 19, 2023	11166	0	-140	8807
Apr 20, 2023	11192	0	9211	8201
Apr 21, 2023	11212	125	8455	7400
Apr 22, 2023	11212	0	5902	6796
Apr 23, 2023	11225	0	1453	5008
Apr 24, 2023	11242	0	0	1185
Apr 25, 2023	11251	136	9922	8895
Apr 26, 2023	11258	0	9238	7490
Apr 27, 2023	11279	0	8786	6609
Apr 28, 2023	11301	131	7739	6144
Apr 29, 2023	11338	0	6343	5642
Apr 30, 2023	11369	0	1342	4030
May 01, 2023	11403	0	1884	1098
May 02, 2023	11414	89	14207	1065
May 03, 2023	11435	0	10589	8715
May 04, 2023	11454	0	9467	6161
May 05, 2023	11476	166	8595	5505
May 06, 2023	11504	0	5639	5103
May 07, 2023	11520	0	1411	3301
May 08, 2023	11535	0	10616	759
May 09, 2023	11551	51	8807	1044
May 10, 2023	11551	0	8150	6708
May 11, 2023	11551	0	0	0
May 12, 2023	11551	108	14196	9003
May 13, 2023	11551	0	4900	3706
May 14, 2023	11551	0	1185	2563
May 15, 2023	11551	0	8895	623
May 16, 2023	11557	82	7490	5118
May 17, 2023	11564	0	6527	4149
May 18, 2023	11573	0	0	0
May 19, 2023	11586	0	6144	0
May 20, 2023	11596	0	5642	0
May 21, 2023	11606	0	4030	0
May 22, 2023	11611	76	2163	677
May 23, 2023	11613	79	8639	5901
May 24, 2023	11618	0	6082	4905
May 25, 2023	11631	0	5505	4220
May 26, 2023	11643	56	5103	3724
May 27, 2023	11646	0	3245	3317
May 28, 2023	11652	0	759	2284
May 29, 2023	11660	0	1044	592
May 30, 2023	11671	48	6708	902
May 31, 2023	11684	0	-48	5210
Jun 01, 2023	11689	0	9003	3735
Jun 02, 2023	11696	62	3706	3204
Jun 03, 2023	11704	0	2501	2797
Jun 04, 2023	11716	0	623	2082
Jun 05, 2023	11720	0	5118	443
Jun 06, 2023	11724	51	4149	3590
Jun 07, 2023	11729	0	-51	2762
Jun 08, 2023	11731	0	0	2603
Jun 09, 2023	11732	56	0	2357
Jun 10, 2023	11736	0	-56	2135
Jun 11, 2023	11743	0	677	1282
Jun 12, 2023	11746	0	5901	332
Jun 13, 2023	11748	28	4905	2631
Jun 14, 2023	11755	0	4192	2069
Jun 15, 2023	11757	0	3724	545
Jun 16, 2023	11757	40	3317	2895
Jun 17, 2023	11757	0	2244	1482
Jun 18, 2023	11757	0	592	1080
Jun 19, 2023	11757	0	902	270
Jun 20, 2023	11805	45	5210	2071
Jun 21, 2023	11805	0	3690	1702
Jun 22, 2023	11805	0	3204	1420
Jun 23, 2023	11805	23	2797	1232
Jun 24, 2023	11805	0	2059	1217
Jun 25, 2023	11805	0	443	776
Jun 26, 2023	11805	0	3590	213
Jun 27, 2023	11861	26	2762	1680
Jun 28, 2023	11861	0	2577	1148
Jun 29, 2023	11861	0	2357	1106
Jun 30, 2023	11861	0	2135	1106
Jul 01, 2023	11861	0	0	0
Jul 02, 2023	11861	0	1282	0
Jul 03, 2023	11861	0	332	0
Jul 04, 2023	11882	0	2631	0
Jul 05, 2023	11882	0	2069	0
Jul 06, 2023	11882	0	545	0
Jul 07, 2023	11882	0	2895	0
Jul 08, 2023	11882	0	1482	0
Jul 09, 2023	11882	0	1080	0
Jul 10, 2023	11882	0	270	0
Jul 11, 2023	11954	0	2071	0
Jul 12, 2023	11954	0	1702	0
Jul 13, 2023	11954	0	1420	0
Jul 14, 2023	11954	0	1232	0
Jul 15, 2023	11954	0	1217	0
Jul 16, 2023	11954	0	776	0
Jul 17, 2023	11954	0	213	0
Jul 18, 2023	12015	0	1680	0
Jul 19, 2023	12015	0	1148	0
Jul 20, 2023	12015	0	1106	0
Jul 21, 2023	12015	0	1106	0
Jul 22, 2023	12015	0	0	0
Jul 23, 2023	12015	0	0	0
Jul 24, 2023	12015	0	0	0
Jul 25, 2023	12054	0	0	0
Jul 26, 2023	12054	0	0	0
Jul 27, 2023	12054	0	0	0
Jul 28, 2023	12054	0	0	0
Jul 29, 2023	12054	0	0	0
Jul 30, 2023	12054	0	0	0
Jul 31, 2023	12054	0	0	0
Aug 01, 2023	12071	0	0	0
Aug 02, 2023	12071	0	0	0
Aug 03, 2023	12071	0	0	0
Aug 04, 2023	12071	0	0	0
Aug 05, 2023	12071	0	0	0
Aug 06, 2023	12071	0	0	0
Aug 07, 2023	12071	0	0	0
Aug 08, 2023	12108	0	0	0
Aug 09, 2023	12108	0	0	0
Aug 10, 2023	12108	0	0	0
Aug 11, 2023	12108	0	0	0
Aug 12, 2023	12108	0	0	0
Aug 13, 2023	12108	0	0	0
Aug 14, 2023	12108	0	0	0
Aug 15, 2023	12145	0	0	0
Aug 16, 2023	12145	0	0	0
Aug 17, 2023	12145	0	0	0
Aug 18, 2023	12145	0	0	0
Aug 19, 2023	12145	0	0	0
Aug 20, 2023	12145	0	0	0
Aug 21, 2023	12145	0	0	0
Aug 22, 2023	12175	0	0	0
Aug 23, 2023	12175	0	0	0
Aug 24, 2023	12175	0	0	0
Aug 25, 2023	12175	0	0	0
Aug 26, 2023	12175	0	0	0
Aug 27, 2023	12175	0	0	0
Aug 28, 2023	12175	0	0	0
Aug 29, 2023	12175	0	0	0
Aug 30, 2023	12251	0	0	0
Aug 31, 2023	12251	0	0	0
Sep 01, 2023	12251	0	0	0
Sep 02, 2023	12251	0	0	0
Sep 03, 2023	12251	0	0	0
Sep 04, 2023	12251	0	0	0
Sep 05, 2023	12345	0	0	0
Sep 06, 2023	12345	0	0	0
Sep 07, 2023	12345	0	0	0
Sep 08, 2023	12345	0	0	0
Sep 09, 2023	12345	0	0	0
Sep 10, 2023	12345	0	0	0
Sep 11, 2023	12345	0	0	0
Sep 12, 2023	12417	0	0	0
Sep 13, 2023	12417	0	0	0
Sep 14, 2023	12417	0	0	0
Sep 15, 2023	12417	0	0	0
Sep 16, 2023	12417	0	0	0
Sep 17, 2023	12417	0	0	0
Sep 18, 2023	12417	0	0	0
Sep 19, 2023	12464	0	0	0
Sep 20, 2023	12464	0	0	0
Sep 21, 2023	12464	0	0	0
Sep 22, 2023	12464	0	0	0
Sep 23, 2023	12464	0	0	0
Sep 24, 2023	12464	0	0	0
Sep 25, 2023	12464	0	0	0
Sep 26, 2023	12497	0	0	0
Sep 27, 2023	12497	0	0	0
Sep 28, 2023	12497	0	0	0
Sep 29, 2023	12497	0	0	0
Sep 30, 2023	12497	0	0	0
Oct 01, 2023	12497	0	0	0
Oct 02, 2023	12497	0	0	0
Oct 03, 2023	12514	0	0	0
Oct 04, 2023	12514	0	0	0
Oct 05, 2023	12514	0	0	0
Oct 06, 2023	12514	0	0	0
Oct 07, 2023	12514	0	0	0
Oct 08, 2023	12514	0	0	0
Oct 09, 2023	12514	0	0	0
Oct 10, 2023	12530	0	0	0
Oct 11, 2023	12530	0	0	0
Oct 12, 2023	12530	0	0	0
Oct 13, 2023	12530	0	0	0
Oct 14, 2023	12530	0	0	0
Oct 15, 2023	12530	0	0	0
Oct 16, 2023	12530	0	0	0
Oct 17, 2023	12544	0	0	0
Oct 18, 2023	12544	0	0	0
Oct 19, 2023	12544	0	0	0
Oct 20, 2023	12544	0	0	0
Oct 21, 2023	12544	0	0	0
Oct 22, 2023	12544	0	0	0
Oct 23, 2023	12544	0	0	0
Oct 24, 2023	12557	0	0	0
Oct 25, 2023	12557	0	0	0
Oct 26, 2023	12557	0	0	0
Oct 27, 2023	12557	0	0	0
Oct 28, 2023	12557	0	0	0
Oct 29, 2023	12557	0	0	0
Oct 30, 2023	12557	0	0	0
Oct 31, 2023	12573	0	0	0
Nov 01, 2023	12573	0	0	0
Nov 02, 2023	12573	0	0	0
Nov 03, 2023	12573	0	0	0
Nov 04, 2023	12573	0	0	0
Nov 05, 2023	12573	0	0	0
Nov 06, 2023	12573	0	0	0
Nov 07, 2023	12579	0	0	0
Nov 08, 2023	12579	0	0	0
Nov 09, 2023	12579	0	0	0
Nov 10, 2023	12579	0	0	0
Nov 11, 2023	12579	0	0	0
Nov 12, 2023	12579	0	0	0
Nov 13, 2023	12579	0	0	0
Nov 14, 2023	12583	0	0	0
Nov 15, 2023	12583	0	0	0
Nov 16, 2023	12583	0	0	0
Nov 17, 2023	12583	0	0	0
Nov 18, 2023	12583	0	0	0
Nov 19, 2023	12583	0	0	0
Nov 20, 2023	12583	0	0	0
Nov 21, 2023	12583	0	0	0
Nov 22, 2023	12583	0	0	0
Nov 23, 2023	12583	0	0	0
Nov 24, 2023	12583	0	0	0
Nov 25, 2023	12583	0	0	0
Nov 26, 2023	12583	0	0	0
Nov 27, 2023	12583	0	0	0
Nov 28, 2023	12583	0	0	0
Nov 29, 2023	12583	0	0	0
Nov 30, 2023	12583	0	0	0
Dec 01, 2023	12583	0	0	0
Dec 02, 2023	12583	0	0	0
Dec 03, 2023	12583	0	0	0
Dec 04, 2023	12583	0	0	0
Dec 05, 2023	12583	0	0	0
Dec 06, 2023	12583	0	0	0
Dec 07, 2023	12583	0	0	0
Dec 08, 2023	12583	0	0	0
Dec 09, 2023	12583	0	0	0
Dec 10, 2023	12583	0	0	0
Dec 11, 2023	12583	0	0	0
Dec 12, 2023	12583	0	0	0
Dec 13, 2023	12583	0	0	0
Dec 14, 2023	12583	0	0	0
Dec 15, 2023	12583	0	0	0
Dec 16, 2023	12583	0	0	0
Dec 17, 2023	12583	0	0	0
Dec 18, 2023	12583	0	0	0
Dec 19, 2023	12583	0	0	0
Dec 20, 2023	12583	0	0	0
Dec 21, 2023	12583	0	0	0
Dec 22, 2023	12583	0	0	0
Dec 23, 2023	12583	0	0	0
Dec 24, 2023	12583	0	0	0
Dec 25, 2023	12583	0	0	0
Dec 26, 2023	12583	0	0	0
Dec 27, 2023	12583	0	0	0
Dec 28, 2023	12583	0	0	0
Dec 29, 2023	12583	0	0	0
Dec 30, 2023	12583	0	0	0
Dec 31, 2023	12583	0	0	0
Jan 01, 2024	12583	0	0	0
Jan 02, 2024	12583	0	0	0
Jan 03, 2024	12583	0	0	0
Jan 04, 2024	12583	0	0	0
Jan 05, 2024	12583	0	0	0
Jan 06, 2024	12583	0	0	0
Jan 07, 2024	12583	0	0	0
Jan 08, 2024	12583	0	0	0
Jan 09, 2024	12583	0	0	0
Jan 10, 2024	12583	0	0	0
Jan 11, 2024	12583	0	0	0
Jan 12, 2024	12583	0	0	0
Jan 13, 2024	12583	0	0	0
Jan 14, 2024	12583	0	0	0
Jan 15, 2024	12583	0	0	0
Jan 16, 2024	12583	0	0	0
Jan 17, 2024	12583	0	0	0
Jan 18, 2024	12583	0	0	0
Jan 19, 2024	12583	0	0	0
Jan 20, 2024	12583	0	0	0
Jan 21, 2024	12583	0	0	0
Jan 22, 2024	12583	0	0	0
Jan 23, 2024	12583	0	0	0
Jan 24, 2024	12583	0	0	0
Jan 25, 2024	12583	0	0	0
Jan 26, 2024	12583	0	0	0
Jan 27, 2024	12583	0	0	0
Jan 28, 2024	12583	0	0	0
Jan 29, 2024	12583	0	0	0
Jan 30, 2024	12583	0	0	0
Jan 31, 2024	12583	0	0	0
Feb 01, 2024	12583	0	0	0
Feb 02, 2024	12583	0	0	0
Feb 03, 2024	12583	0	0	0
Feb 04, 2024	12583	0	0	0
Feb 05, 2024	12583	0	0	0
Feb 06, 2024	12583	0	0	0
Feb 07, 2024	12583	0	0	0
Feb 08, 2024	12583	0	0	0
Feb 09, 2024	12583	0	0	0
Feb 10, 2024	12583	0	0	0
Feb 11, 2024	12583	0	0	0
Feb 12, 2024	12583	0	0	0
Feb 13, 2024	12583	0	0	0
Feb 14, 2024	12583	0	0	0
Feb 15, 2024	12583	0	0	0
Feb 16, 2024	12583	0	0	0
Feb 17, 2024	12583	0	0	0
Feb 18, 2024	12583	0	0	0
Feb 19, 2024	12583	0	0	0
Feb 20, 2024	12583	0	0	0
Feb 21, 2024	12583	0	0	0
Feb 22, 2024	12583	0	0	0
Feb 23, 2024	12583	0	0	0
Feb 24, 2024	12583	0	0	0
Feb 25, 2024	12583	0	0	0
Feb 26, 2024	12583	0	0	0
Feb 27, 2024	12583	0	0	0
Feb 28, 2024	12583	0	0	0
Feb 29, 2024	12583	0	0	0
Mar 01, 2024	12583	0	0	0
Mar 02, 2024	12583	0	0	0
Mar 03, 2024	12583	0	0	0
Mar 04, 2024	12583	0	0	0
Mar 05, 2024	12583	0	0	0
Mar 06, 2024	12583	0	0	0
Mar 07, 2024	12583	0	0	0
Mar 08, 2024	12583	0	0	0
Mar 09, 2024	12583	0	0	0
Mar 10, 2024	12583	0	0	0
Mar 11, 2024	12583	0	0	0
Mar 12, 2024	12583	0	0	0
Mar 13, 2024	12583	0	0	0
Mar 14, 2024	12583	0	0	0
Mar 15, 2024	12583	0	0	0
Mar 16, 2024	12583	0	0	0
Mar 17, 2024	12583	0	0	0
Mar 18, 2024	12583	0	0	0
Mar 19, 2024	12583	0	0	0
Mar 20, 2024	12583	0	0	0
Mar 21, 2024	12583	0	0	0
Mar 22, 2024	12583	0	0	0
Mar 23, 2024	12583	0	0	0
