Feb 15, 2020	0	null	null	null
Feb 16, 2020	0	null	0	0
Feb 17, 2020	0	null	0	0
Feb 18, 2020	0	null	0	0
Feb 19, 2020	0	null	0	0
Feb 20, 2020	0	null	0	0
Feb 21, 2020	0	null	0	0
Feb 22, 2020	0	null	0	0
Feb 23, 2020	0	null	0	0
Feb 24, 2020	0	null	0	0
Feb 25, 2020	0	null	0	2
Feb 26, 2020	0	null	0	4
Feb 27, 2020	0	null	0	19
Feb 28, 2020	0	null	0	18
Feb 29, 2020	0	null	0	39
Mar 01, 2020	0	null	0	27
Mar 02, 2020	0	null	0	56
Mar 03, 2020	0	null	0	20
Mar 04, 2020	0	null	0	67
Mar 05, 2020	0	null	0	126
Mar 06, 2020	0	null	0	209
Mar 07, 2020	0	null	0	269
Mar 08, 2020	0	null	0	236
Mar 09, 2020	0	null	0	185
Mar 10, 2020	1	null	0	338
Mar 11, 2020	13	1	0	452
Mar 12, 2020	13	0	0	540
Mar 13, 2020	26	0	0	714
Mar 14, 2020	42	0	0	761
Mar 15, 2020	54	0	0	840
Mar 16, 2020	68	0	0	1100
Mar 17, 2020	68	0	0	997
Mar 18, 2020	108	0	0	1277
Mar 19, 2020	135	0	1	1691
Mar 20, 2020	198	0	0	1469
Mar 21, 2020	241	2	0	1678
Mar 22, 2020	309	0	0	1417
Mar 23, 2020	338	3	0	3488
Mar 24, 2020	436	0	0	2224
Mar 25, 2020	548	2	1	2662
Mar 26, 2020	663	1	0	3564
Mar 27, 2020	770	5	0	3462
Mar 28, 2020	880	3	2	4191
Mar 29, 2020	961	7	0	2362
Mar 30, 2020	1039	3	5	3977
Mar 31, 2020	1142	3	0	6887
Apr 01, 2020	1276	2	0	4418
Apr 02, 2020	1429	5	0	1923
Apr 03, 2020	1622	4	1	4755
Apr 04, 2020	1742	5	3	3877
Apr 05, 2020	1742	0	0	1703
Apr 06, 2020	2031	9	1	3555
Apr 07, 2020	2031	0	0	3432
Apr 08, 2020	2449	8	2	3526
Apr 09, 2020	2670	3	0	3895
Apr 10, 2020	2883	8	1	3946
Apr 11, 2020	3132	5	6	2829
Apr 12, 2020	3284	8	6	1466
Apr 13, 2020	3317	7	32	2428
Apr 14, 2020	3407	1	11	4996
Apr 15, 2020	3573	8	3	2393
Apr 16, 2020	3573	0	0	2400
Apr 17, 2020	3809	6	23	368
Apr 18, 2020	3972	7	24	2335
Apr 19, 2020	4013	4	18	714
Apr 20, 2020	4176	6	25	1864
Apr 21, 2020	4318	10	39	2423
Apr 22, 2020	4449	5	27	1661
Apr 23, 2020	4593	3	24	1502
Apr 24, 2020	4749	2	16	1611
Apr 25, 2020	4865	8	48	1397
Apr 26, 2020	5041	5	19	419
Apr 27, 2020	5245	6	31	3420
Apr 28, 2020	5399	2	86	1381
Apr 29, 2020	5540	9	29	1675
Apr 30, 2020	5673	2	43	1061
May 01, 2020	5768	10	49	563
May 02, 2020	5906	4	46	740
May 03, 2020	6252	5	19	287
May 04, 2020	6356	3	0	537
May 05, 2020	6458	3	85	1029
May 06, 2020	6490	7	97	3898
May 07, 2020	6654	8	36	586
May 08, 2020	6757	7	27	598
May 09, 2020	6953	6	0	403
May 10, 2020	3544	6	3615	195
May 11, 2020	3517	7	186	425
May 12, 2020	3680	5	0	659
May 13, 2020	2510	3	1334	473
May 14, 2020	2621	4	46	580
May 15, 2020	2778	4	13	524
May 16, 2020	2922	6	0	347
May 17, 2020	3100	3	0	112
May 18, 2020	3250	6	1	459
May 19, 2020	3392	6	113	489
May 20, 2020	3496	6	0	389
May 21, 2020	3580	4	51	296
May 22, 2020	3697	4	30	366
May 23, 2020	3999	4	4	233
May 24, 2020	4341	7	0	107
May 25, 2020	4594	4	0	334
May 26, 2020	4755	3	100	257
May 27, 2020	4034	2	1000	178
May 28, 2020	4432	5	0	3098
May 29, 2020	4665	6	161	556
May 30, 2020	3274	4	1874	1703
May 31, 2020	3613	6	100	239
Jun 01, 2020	3979	8	0	315
Jun 02, 2020	4229	8	0	283
Jun 03, 2020	4733	5	5	330
Jun 04, 2020	5062	6	100	720
Jun 05, 2020	5374	7	100	573
Jun 06, 2020	5500	16	399	543
Jun 07, 2020	5814	7	100	322
Jun 08, 2020	6055	5	183	198
Jun 09, 2020	6269	5	160	378
Jun 10, 2020	6499	10	416	511
Jun 11, 2020	7191	5	0	399
Jun 12, 2020	5031	3	2782	681
Jun 13, 2020	5871	8	0	494
Jun 14, 2020	6483	8	7	382
Jun 15, 2020	7208	11	0	143
Jun 16, 2020	7731	9	8	323
Jun 17, 2020	8353	13	0	430
Jun 18, 2020	9094	5	8	438
Jun 19, 2020	9430	10	577	761
Jun 20, 2020	10370	8	0	602
Jun 21, 2020	11170	8	0	267
Jun 22, 2020	11567	20	305	350
Jun 23, 2020	12084	15	30	485
Jun 24, 2020	12689	11	100	76
Jun 25, 2020	13673	17	6	0
Jun 26, 2020	14060	11	470	1490
Jun 27, 2020	14696	17	100	490
Jun 28, 2020	15612	12	100	490
Jun 29, 2020	16570	16	125	263
Jun 30, 2020	17174	11	150	508
Jul 01, 2020	17873	14	200	861
Jul 02, 2020	18125	22	500	618
Jul 03, 2020	18352	31	500	546
Jul 04, 2020	18502	22	816	526
Jul 05, 2020	19416	27	225	600
Jul 06, 2020	20528	23	50	165
Jul 07, 2020	20766	29	690	446
Jul 08, 2020	20963	20	743	622
Jul 09, 2020	20940	20	968	583
Jul 10, 2020	20968	24	989	617
Jul 11, 2020	21269	30	744	628
Jul 12, 2020	21685	16	869	627
Jul 13, 2020	22322	23	880	270
Jul 14, 2020	22473	28	744	480
Jul 15, 2020	22844	22	754	390
Jul 16, 2020	23531	18	425	501
Jul 17, 2020	23850	38	678	785
Jul 18, 2020	23696	33	974	812
Jul 19, 2020	23890	25	988	812
Jul 20, 2020	24135	31	682	328
Jul 21, 2020	23919	32	911	548
Jul 22, 2020	23604	21	1047	937
Jul 23, 2020	23780	29	706	997
Jul 24, 2020	24039	41	876	1060
Jul 25, 2020	24161	25	724	956
Jul 26, 2020	24871	19	703	955
Jul 27, 2020	25034	28	955	482
Jul 28, 2020	24693	27	1095	680
Jul 29, 2020	24579	25	1135	1306
Jul 30, 2020	24576	23	902	1292
Jul 31, 2020	24669	24	948	1263
Aug 01, 2020	24853	28	915	0
Aug 02, 2020	24944	22	957	2646
Aug 03, 2020	24866	26	1055	522
Aug 04, 2020	24572	25	1237	975
Aug 05, 2020	23886	31	1462	1591
Aug 06, 2020	24186	21	866	1505
Aug 07, 2020	24294	17	1017	2147
Aug 08, 2020	24558	18	809	1910
Aug 09, 2020	24105	30	1264	1909
Aug 10, 2020	24220	25	762	737
Aug 11, 2020	24119	16	1155	1311
Aug 12, 2020	24077	23	932	2369
Aug 13, 2020	24514	19	613	2505
Aug 14, 2020	24782	12	676	2671
Aug 15, 2020	25062	12	971	3106
Aug 16, 2020	25172	21	1144	2829
Aug 17, 2020	24910	21	844	463
Aug 18, 2020	23790	21	1346	2100
Aug 19, 2020	23653	18	1083	3544
Aug 20, 2020	22837	17	900	4477
Aug 21, 2020	22811	15	548	4304
Aug 22, 2020	23074	19	806	3380
Aug 23, 2020	23588	14	892	4596
Aug 24, 2020	23394	14	765	1835
Aug 25, 2020	23703	13	574	3101
Aug 26, 2020	23555	13	836	5095
Aug 27, 2020	24038	16	401	5735
Aug 28, 2020	24056	18	606	6925
Aug 29, 2020	24235	17	517	5117
Aug 30, 2020	24323	12	628	5080
Aug 31, 2020	24807	7	426	2892
Sep 01, 2020	24560	16	801	4675
Sep 02, 2020	24567	12	513	6585
Sep 03, 2020	24670	16	711	6716
Sep 04, 2020	24791	17	544	8423
Sep 05, 2020	25007	12	481	8024
Sep 06, 2020	25296	11	438	6636
Sep 07, 2020	25232	13	586	3944
Sep 08, 2020	25549	8	504	6141
Sep 09, 2020	25507	9	668	8049
Sep 10, 2020	25385	11	784	9237
Sep 11, 2020	25332	13	655	8827
Sep 12, 2020	25410	15	618	9911
Sep 13, 2020	25472	11	631	6741
Sep 14, 2020	25249	7	675	5779
Sep 15, 2020	25053	14	810	7369
Sep 16, 2020	24481	11	1195	9182
Sep 17, 2020	24044	15	1094	9941
Sep 18, 2020	23557	16	1212	12402
Sep 19, 2020	23164	18	1097	12667
Sep 20, 2020	22581	10	1175	9918
Sep 21, 2020	22218	15	955	4972
Sep 22, 2020	21681	13	998	9392
Sep 23, 2020	21262	6	1119	12267
Sep 24, 2020	20935	6	1057	15105
Sep 25, 2020	20962	14	664	14825
Sep 26, 2020	20989	12	638	13525
Sep 27, 2020	21000	17	419	10438
Sep 28, 2020	21234	8	480	3819
Sep 29, 2020	21287	16	507	7555
Sep 30, 2020	21162	8	859	12054
Oct 01, 2020	21052	15	842	13110
Oct 02, 2020	20784	19	869	11400
Oct 03, 2020	21044	8	423	15927
Oct 04, 2020	21054	9	614	11792
Oct 05, 2020	21066	7	614	4771
Oct 06, 2020	21212	10	527	9843
Oct 07, 2020	21242	8	660	17592
Oct 08, 2020	21200	15	781	17013
Oct 09, 2020	21405	11	571	19087
Oct 10, 2020	21632	8	590	25240
Oct 11, 2020	21658	9	612	15110
Oct 12, 2020	21625	11	511	7981
Oct 13, 2020	21488	9	622	12193
Oct 14, 2020	21690	8	622	21200
Oct 15, 2020	21683	10	752	28736
Oct 16, 2020	21666	17	615	23542
Oct 17, 2020	21202	11	1062	30431
Oct 18, 2020	21140	7	693	28000
Oct 19, 2020	21062	10	504	12428
Oct 20, 2020	21126	11	483	19208
Oct 21, 2020	21113	12	697	25034
Oct 22, 2020	21217	15	673	39060
Oct 23, 2020	21259	10	587	39445
Oct 24, 2020	21325	6	577	42626
Oct 25, 2020	21336	5	669	48808
Oct 26, 2020	21403	5	479	25123
Oct 27, 2020	21332	12	730	31360
Oct 28, 2020	21193	13	951	34194
Oct 29, 2020	21025	15	951	44705
Oct 30, 2020	20810	10	1027	46185
Oct 31, 2020	20346	12	1183	33447
Nov 01, 2020	19996	6	1082	45258
Nov 02, 2020	19630	14	931	51104
Nov 03, 2020	19482	11	814	35912
Nov 04, 2020	19073	13	828	39880
Nov 05, 2020	18733	12	871	56292
Nov 06, 2020	19000	14	912	58581
Nov 07, 2020	18902	11	833	83324
Nov 08, 2020	18959	17	947	38059
Nov 09, 2020	18812	10	941	20732
Nov 10, 2020	18778	9	996	22632
Nov 11, 2020	18819	6	1116	35488
Nov 12, 2020	18452	7	1247	32948
Nov 13, 2020	18392	26	1159	24147
Nov 14, 2020	18171	11	1042	31937
Nov 15, 2020	18410	6	1099	27370
Nov 16, 2020	18040	8	1376	10645
Nov 17, 2020	17586	12	1496	13630
Nov 18, 2020	17171	14	1513	26636
Nov 19, 2020	16852	15	1560	19848
Nov 20, 2020	16609	10	1433	21473
Nov 21, 2020	16271	14	1612	16780
Nov 22, 2020	15864	11	1602	12347
Nov 23, 2020	15681	16	1042	4178
Nov 24, 2020	15937	13	1003	8591
Nov 25, 2020	16174	16	1349	15280
Nov 26, 2020	16293	16	1620	12728
Nov 27, 2020	16668	12	1070	11692
Nov 28, 2020	17542	9	826	11806
Nov 29, 2020	18053	21	744	9182
Nov 30, 2020	18265	19	846	3758
Dec 01, 2020	18695	19	1056	7585
Dec 02, 2020	19649	16	1058	13198
Dec 03, 2020	19682	27	1820	11914
Dec 04, 2020	20402	13	1655	10530
Dec 05, 2020	21487	19	1196	12127
Dec 06, 2020	21636	20	1643	10344
Dec 07, 2020	21688	19	1440	3201
Dec 08, 2020	22055	29	1540	12869
Dec 09, 2020	22843	23	1000	13697
Dec 10, 2020	24249	23	1018	12904
Dec 11, 2020	25400	22	1182	12581
Dec 12, 2020	26613	22	1571	13088
Dec 13, 2020	27546	25	1464	10823
Dec 14, 2020	27903	26	1229	2874
Dec 15, 2020	28721	29	1521	10822
Dec 16, 2020	29908	28	1745	16531
Dec 17, 2020	31576	42	1638	17130
Dec 18, 2020	32636	23	1932	14709
Dec 19, 2020	34312	23	1575	16484
Dec 20, 2020	35265	39	1763	12011
Dec 21, 2020	35490	31	1443	5440
Dec 22, 2020	37142	35	1477	11069
Dec 23, 2020	38457	32	1712	14010
Dec 24, 2020	39914	51	1905	20302
Dec 25, 2020	41155	41	1704	19015
Dec 26, 2020	41403	43	1773	2903
Dec 27, 2020	41551	41	2444	8279
Dec 28, 2020	42261	52	1586	2778
Dec 29, 2020	44582	41	2212	10694
Dec 30, 2020	46168	42	2837	24828
Dec 31, 2020	47630	47	2537	18700
Jan 01, 2021	47741	42	2790	18157
Jan 02, 2021	47967	39	1766	3253
Jan 03, 2021	47780	37	2122	11720
Jan 04, 2021	48345	57	1872	3774
Jan 05, 2021	49445	41	2399	19228
Jan 06, 2021	52053	45	2533	23817
Jan 07, 2021	52114	38	4036	20367
Jan 08, 2021	53313	42	2705	18594
Jan 09, 2021	54822	43	2183	18935
Jan 10, 2021	55597	49	1600	14963
Jan 11, 2021	56020	45	1689	3362
Jan 12, 2021	56897	61	2802	18536
Jan 13, 2021	56673	33	3506	22384
Jan 14, 2021	55932	57	3561	19921
Jan 15, 2021	54608	38	3593	19962
Jan 16, 2021	54577	49	2659	20088
Jan 17, 2021	54233	49	2045	15618
Jan 18, 2021	53405	41	2129	3506
Jan 19, 2021	53513	36	2029	22155
Jan 20, 2021	52413	48	3295	25135
Jan 21, 2021	50593	32	3763	21442
Jan 22, 2021	49310	36	3288	21858
Jan 23, 2021	48220	54	3094	22451
Jan 24, 2021	47086	29	2498	17301
Jan 25, 2021	45769	35	2196	3979
Jan 26, 2021	45202	39	2204	20726
Jan 27, 2021	43690	39	3039	25259
Jan 28, 2021	41975	20	3103	22307
Jan 29, 2021	40852	25	2543	21451
Jan 30, 2021	39403	23	2626	22890
Jan 31, 2021	38692	26	1611	18051
Feb 01, 2021	37365	26	2025	4079
Feb 02, 2021	36035	43	2385	21900
Feb 03, 2021	34718	27	2471	24739
Feb 04, 2021	33608	25	2192	22005
Feb 05, 2021	32215	35	2356	20776
Feb 06, 2021	30885	29	2278	19319
Feb 07, 2021	29309	25	2178	18501
Feb 08, 2021	27738	26	2108	4051
Feb 09, 2021	25295	25	3240	17708
Feb 10, 2021	23207	19	2960	23824
Feb 11, 2021	20893	22	3000	19766
Feb 12, 2021	18756	23	3024	19427
Feb 13, 2021	16775	26	2662	19924
Feb 14, 2021	14760	15	2487	15527
Feb 15, 2021	13254	6	2000	4107
Feb 16, 2021	12799	13	1014	18384
Feb 17, 2021	12035	17	1251	23478
Feb 18, 2021	11337	22	1384	21116
Feb 19, 2021	10833	17	1363	22631
Feb 20, 2021	10489	16	1026	20994
Feb 21, 2021	10111	15	847	20689
Feb 22, 2021	9892	14	771	4360
Feb 23, 2021	9795	16	799	18829
Feb 24, 2021	9629	17	1045	29579
Feb 25, 2021	9417	21	873	23839
Feb 26, 2021	9125	10	680	23655
Feb 27, 2021	9123	11	655	22519
Feb 28, 2021	8857	14	722	18724
Mar 01, 2021	8245	13	1104	4413
Mar 02, 2021	8048	13	783	21450
Mar 03, 2021	7912	13	845	25139
Mar 04, 2021	7677	11	764	23723
Mar 05, 2021	7362	12	765	22060
Mar 06, 2021	7334	3	759	21871
Mar 07, 2021	7149	13	529	20482
Mar 08, 2021	7083	11	457	4999
Mar 09, 2021	6810	10	786	21868
Mar 10, 2021	6669	13	670	28438
Mar 11, 2021	6547	15	581	25494
Mar 12, 2021	6450	9	539	23676
Mar 13, 2021	6252	6	607	27927
Mar 14, 2021	6075	7	448	24721
Mar 15, 2021	5873	11	427	6073
Mar 16, 2021	5561	4	733	28130
Mar 17, 2021	5372	9	620	36131
Mar 18, 2021	5299	7	551	32844
Mar 19, 2021	5440	10	564	32911
Mar 20, 2021	5384	7	494	33169
Mar 21, 2021	5382	2	326	28699
Mar 22, 2021	5200	8	396	35259
Mar 23, 2021	5114	8	532	23350
Mar 24, 2021	5043	5	481	31334
Mar 25, 2021	5030	8	502	42831
Mar 26, 2021	5030	14	424	39292
Mar 27, 2021	5028	3	479	39995
Mar 28, 2021	4965	10	395	34736
Mar 29, 2021	4925	3	283	26843
Mar 30, 2021	4994	6	444	26580
Mar 31, 2021	5033	5	403	39327
Apr 01, 2021	5053	5	423	47541
Apr 02, 2021	5023	7	374	43804
Apr 03, 2021	4822	5	419	18571
Apr 04, 2021	4749	4	373	57172
Apr 05, 2021	4699	3	226	11576
Apr 06, 2021	4614	8	434	54241
Apr 07, 2021	4518	2	458	28890
Apr 08, 2021	4492	4	449	14892
Apr 09, 2021	4459	4	423	38704
Apr 10, 2021	4320	3	415	40620
Apr 11, 2021	4217	4	333	32747
Apr 12, 2021	4071	4	323	8011
Apr 13, 2021	3995	6	399	36705
Apr 14, 2021	4021	4	365	40827
Apr 15, 2021	3929	6	400	35703
Apr 16, 2021	3930	2	416	34199
Apr 17, 2021	4063	2	213	33653
Apr 18, 2021	4043	1	263	27538
Apr 19, 2021	4020	1	225	6847
Apr 20, 2021	3899	3	393	39882
Apr 21, 2021	3900	4	354	32815
Apr 22, 2021	3845	2	367	32205
Apr 23, 2021	3903	2	306	30349
Apr 24, 2021	3966	7	268	30624
Apr 25, 2021	3925	2	310	22959
Apr 26, 2021	3906	3	214	5586
Apr 27, 2021	3814	4	456	28451
Apr 28, 2021	3899	6	271	29598
Apr 29, 2021	3897	5	320	24904
Apr 30, 2021	3959	5	291	22803
May 01, 2021	3896	3	328	24090
May 02, 2021	3892	3	261	9279
May 03, 2021	3868	6	213	3529
May 04, 2021	3872	4	312	22871
May 05, 2021	3895	4	329	24400
May 06, 2021	3965	3	316	20375
May 07, 2021	3984	3	376	17947
May 08, 2021	4153	7	332	19468
May 09, 2021	4284	6	249	8566
May 10, 2021	4278	6	252	3089
May 11, 2021	4372	5	361	18573
May 12, 2021	4601	3	330	20175
May 13, 2021	4809	3	314	18263
May 14, 2021	5081	4	312	6593
May 15, 2021	5299	4	268	14719
May 16, 2021	5367	0	276	13089
May 17, 2021	5367	1	267	3144
May 18, 2021	5536	3	367	16151
May 19, 2021	5662	5	406	17877
May 20, 2021	5821	9	411	15415
May 21, 2021	5876	7	446	12800
May 22, 2021	5914	7	421	12611
May 23, 2021	5887	3	371	9704
May 24, 2021	5833	15	274	2229
May 25, 2021	5819	7	588	3155
May 26, 2021	5961	4	517	12646
May 27, 2021	6058	4	536	13933
May 28, 2021	6192	4	479	11268
May 29, 2021	6276	4	486	10675
May 30, 2021	6281	1	342	8541
May 31, 2021	6327	1	274	1211
Jun 01, 2021	6412	6	640	9848
Jun 02, 2021	6617	4	469	8743
Jun 03, 2021	6812	7	499	8161
Jun 04, 2021	7184	1	542	6953
Jun 05, 2021	7563	6	442	6654
Jun 06, 2021	7708	7	374	5070
Jun 07, 2021	7794	2	288	1166
Jun 08, 2021	8052	4	620	6016
Jun 09, 2021	8242	5	584	5557
Jun 10, 2021	8449	6	628	4475
Jun 11, 2021	8827	8	530	3871
Jun 12, 2021	9091	12	582	3972
Jun 13, 2021	9414	5	387	2855
Jun 14, 2021	9533	7	357	689
Jun 15, 2021	9651	1	729	3235
Jun 16, 2021	9868	5	826	3058
Jun 17, 2021	10029	1	807	2044
Jun 18, 2021	10214	7	784	3181
Jun 19, 2021	10461	3	728	2624
Jun 20, 2021	10491	7	546	1815
Jun 21, 2021	10521	2	482	487
Jun 22, 2021	10857	6	866	2204
Jun 23, 2021	11081	8	845	2320
Jun 24, 2021	11369	9	904	2007
Jun 25, 2021	11653	5	804	1986
Jun 26, 2021	11814	9	887	2128
Jun 27, 2021	11988	10	605	1578
Jun 28, 2021	12132	5	517	509
Jun 29, 2021	12389	7	985	2314
Jun 30, 2021	12530	9	1047	2457
Jul 01, 2021	12760	7	968	2664
Jul 02, 2021	12832	8	950	2683
Jul 03, 2021	13146	7	996	3006
Jul 04, 2021	13256	7	676	2549
Jul 05, 2021	12711	9	1141	796
Jul 06, 2021	13501	8	478	3585
Jul 07, 2021	13540	8	1175	4081
Jul 08, 2021	13600	5	1175	4442
Jul 09, 2021	13635	10	1115	4580
Jul 10, 2021	13555	13	1088	4696
Jul 11, 2021	13539	5	844	4256
Jul 12, 2021	13637	14	640	1260
Jul 13, 2021	13281	8	1203	6950
Jul 14, 2021	13643	7	1148	8875
Jul 15, 2021	13684	13	1171	3617
Jul 16, 2021	13636	14	1121	10908
Jul 17, 2021	13502	9	1166	10949
Jul 18, 2021	13424	6	793	12532
Jul 19, 2021	13448	7	657	4151
Jul 20, 2021	13133	6	1398	18181
Jul 21, 2021	13065	7	1205	21539
Jul 22, 2021	13064	7	1244	21909
Jul 23, 2021	13089	13	1100	19561
Jul 24, 2021	13117	7	1061	25624
Jul 25, 2021	13195	9	779	15242
Jul 26, 2021	12998	9	683	5307
Jul 27, 2021	12828	13	1267	26871
Jul 28, 2021	12738	10	1049	27934
Jul 29, 2021	12629	7	1124	25190
Jul 30, 2021	12387	10	1147	24309
Jul 31, 2021	12569	15	998	23471
Aug 01, 2021	12505	10	874	19600
Aug 02, 2021	12260	9	573	5184
Aug 03, 2021	11958	9	1225	26829
Aug 04, 2021	11808	9	1178	28784
Aug 05, 2021	11461	15	1150	26460
Aug 06, 2021	11142	10	1204	25077
Aug 07, 2021	10903	9	1052	25755
Aug 08, 2021	11228	12	642	20450
Aug 09, 2021	11194	6	551	5775
Aug 10, 2021	11006	6	1082	28576
Aug 11, 2021	10992	6	985	30920
Aug 12, 2021	10964	8	976	28554
Aug 13, 2021	10729	7	986	26453
Aug 14, 2021	10654	8	919	24427
Aug 15, 2021	10555	4	658	21172
Aug 16, 2021	10397	11	591	5829
Aug 17, 2021	9964	8	1081	28114
Aug 18, 2021	9843	11	948	28405
Aug 19, 2021	9803	9	893	23973
Aug 20, 2021	9539	8	925	22319
Aug 21, 2021	9378	5	847	22636
Aug 22, 2021	9304	6	682	17300
Aug 23, 2021	9105	6	581	5166
Aug 24, 2021	8686	3	896	24853
Aug 25, 2021	8582	5	963	23706
Aug 26, 2021	8245	8	877	19683
Aug 27, 2021	8081	8	805	18249
Aug 28, 2021	8026	4	727	17590
Aug 29, 2021	7965	3	521	13630
Aug 30, 2021	7890	8	438	3795
Aug 31, 2021	7479	7	854	19425
Sep 01, 2021	7354	5	790	17621
Sep 02, 2021	7093	3	739	15911
Sep 03, 2021	6797	4	731	13466
Sep 04, 2021	6537	8	694	13336
Sep 05, 2021	6371	5	486	10410
Sep 06, 2021	6182	9	409	3042
Sep 07, 2021	5934	4	670	14534
Sep 08, 2021	5680	5	579	12828
Sep 09, 2021	5490	8	583	10969
Sep 10, 2021	5270	10	570	9966
Sep 11, 2021	4685	9	996	9601
Sep 12, 2021	4893	6	0	7679
Sep 13, 2021	4865	4	247	2062
Sep 14, 2021	4642	11	535	10327
Sep 15, 2021	4461	7	490	9144
Sep 16, 2021	4327	7	500	8128
Sep 17, 2021	4199	3	449	7373
Sep 18, 2021	4059	1	394	7414
Sep 19, 2021	4307	2	0	5814
Sep 20, 2021	4455	4	0	1515
Sep 21, 2021	3890	2	904	7851
Sep 22, 2021	3887	5	364	6794
Sep 23, 2021	3558	9	644	6229
Sep 24, 2021	3763	5	55	5879
Sep 25, 2021	3673	4	343	6012
Sep 26, 2021	3573	7	278	4706
Sep 27, 2021	3564	8	180	1309
Sep 28, 2021	3420	3	373	6765
Sep 29, 2021	3314	4	364	5835
Sep 30, 2021	3295	5	276	5204
Oct 01, 2021	3214	2	304	4935
Oct 02, 2021	3137	6	298	4948
Oct 03, 2021	3095	2	215	3744
Oct 04, 2021	3032	6	178	1138
Oct 05, 2021	2925	6	354	5558
Oct 06, 2021	2822	5	309	4946
Oct 07, 2021	2781	4	257	4615
Oct 08, 2021	2717	1	258	4470
Oct 09, 2021	2688	4	248	4734
Oct 10, 2021	2605	3	199	3991
Oct 11, 2021	2709	4	0	1120
Oct 12, 2021	2508	4	447	5880
Oct 13, 2021	2443	0	194	5578
Oct 14, 2021	2440	9	221	5187
Oct 15, 2021	2430	4	208	6099
Oct 16, 2021	2368	3	223	4899
Oct 17, 2021	2306	0	164	3778
Oct 18, 2021	2315	3	119	1057
Oct 19, 2021	2256	3	259	5934
Oct 20, 2021	2319	3	191	6036
Oct 21, 2021	2316	3	205	6127
Oct 22, 2021	2324	3	182	6366
Oct 23, 2021	2277	1	196	6291
Oct 24, 2021	2276	0	135	5005
Oct 25, 2021	2299	3	106	1295
Oct 26, 2021	2283	4	227	6603
Oct 27, 2021	2257	0	199	6528
Oct 28, 2021	2202	0	195	6461
Oct 29, 2021	2183	1	219	6433
Oct 30, 2021	2174	0	145	7360
Oct 31, 2021	2304	0	0	6329
Nov 01, 2021	2100	0	276	1866
Nov 02, 2021	2020	0	221	2039
Nov 03, 2021	1913	5	230	10050
Nov 04, 2021	1776	1	220	9502
Nov 05, 2021	1700	1	169	8998
Nov 06, 2021	1651	3	166	9605
Nov 07, 2021	1634	4	126	8547
Nov 08, 2021	1641	6	93	2197
Nov 09, 2021	1627	3	207	12476
Nov 10, 2021	1642	0	170	11883
Nov 11, 2021	1582	0	159	12603
Nov 12, 2021	1665	3	143	3860
Nov 13, 2021	1756	0	131	14646
Nov 14, 2021	1805	2	117	12496
Nov 15, 2021	1848	3	68	3241
Nov 16, 2021	1918	2	121	19778
Nov 17, 2021	2155	1	0	20294
Nov 18, 2021	2357	1	0	20366
Nov 19, 2021	2244	0	321	21220
Nov 20, 2021	2403	2	97	22678
Nov 21, 2021	2428	1	136	19749
Nov 22, 2021	2455	1	104	5266
Nov 23, 2021	2468	2	199	30454
Nov 24, 2021	2541	2	193	32591
Nov 25, 2021	2603	2	138	33464
Nov 26, 2021	2664	0	222	34436
Nov 27, 2021	2660	1	213	37218
Nov 28, 2021	2693	1	174	31648
Nov 29, 2021	2648	0	139	8279
Nov 30, 2021	2551	3	228	47177
Dec 01, 2021	2623	2	174	49610
Dec 02, 2021	2704	3	201	48416
Dec 03, 2021	2756	1	215	49858
Dec 04, 2021	2797	2	245	51624
Dec 05, 2021	2841	1	177	42252
Dec 06, 2021	3018	1	0	11308
Dec 07, 2021	2995	4	351	59019
Dec 08, 2021	3089	2	242	61340
Dec 09, 2021	3018	1	259	56854
Dec 10, 2021	2927	3	215	55339
Dec 11, 2021	3078	1	204	53720
Dec 12, 2021	3110	0	176	43848
Dec 13, 2021	3270	2	113	12036
Dec 14, 2021	3486	3	163	63405
Dec 15, 2021	3610	3	259	65713
Dec 16, 2021	3694	3	319	60866
Dec 17, 2021	3866	1	274	58128
Dec 18, 2021	3987	0	265	58536
Dec 19, 2021	4094	0	216	48473
Dec 20, 2021	4149	2	195	15075
Dec 21, 2021	4322	5	309	72832
Dec 22, 2021	4657	0	333	84272
Dec 23, 2021	5232	1	143	91608
Dec 24, 2021	5858	3	236	94124
Dec 25, 2021	6365	2	318	104611
Dec 26, 2021	6632	5	291	27697
Dec 27, 2021	6946	2	258	30383
Dec 28, 2021	7858	3	439	179807
Dec 29, 2021	8789	4	413	208099
Dec 30, 2021	11064	2	387	206243
Dec 31, 2021	12868	1	408	232200
Jan 01, 2022	14363	2	391	219126
Jan 02, 2022	14825	3	512	58432
Jan 03, 2022	16046	7	135	67461
Jan 04, 2022	18673	5	627	271686
Jan 05, 2022	22352	0	693	332252
Jan 06, 2022	26157	4	814	261481
Jan 07, 2022	30285	4	911	328214
Jan 08, 2022	34178	5	906	303669
Jan 09, 2022	37578	7	659	296097
Jan 10, 2022	39824	4	889	93896
Jan 11, 2022	34013	10	9906	368149
Jan 12, 2022	38932	7	1587	361719
Jan 13, 2022	45743	7	2256	305322
Jan 14, 2022	55069	7	197	329371
Jan 15, 2022	54768	11	9192	324580
Jan 16, 2022	56965	9	5072	278129
Jan 17, 2022	57203	8	5222	102144
Jan 18, 2022	62918	17	5787	464769
Jan 19, 2022	69369	9	4303	436167
Jan 20, 2022	77438	11	4271	425183
Jan 21, 2022	84113	9	5249	400851
Jan 22, 2022	85828	9	8905	389320
Jan 23, 2022	83343	15	9634	301614
Jan 24, 2022	79281	11	9506	108481
Jan 25, 2022	78914	19	9589	501635
Jan 26, 2022	81848	17	7530	428008
Jan 27, 2022	83933	11	6172	392168
Jan 28, 2022	79445	24	11966	353503
Jan 29, 2022	75079	18	11352	332398
Jan 30, 2022	68736	18	10815	249448
Jan 31, 2022	61407	16	10463	82657
Feb 01, 2022	57436	20	9557	416896
Feb 02, 2022	53444	21	9782	315363
Feb 03, 2022	56199	15	2710	274352
Feb 04, 2022	50800	25	9682	241049
Feb 05, 2022	46023	11	8355	214542
Feb 06, 2022	41091	20	7257	155439
Feb 07, 2022	36499	16	6190	46001
Feb 08, 2022	33763	26	5890	235267
Feb 09, 2022	32521	12	4258	179614
Feb 10, 2022	31723	11	3211	153025
Feb 11, 2022	28256	17	5561	131376
Feb 12, 2022	25127	12	4998	118611
Feb 13, 2022	21713	12	4605	86562
Feb 14, 2022	19012	10	3490	26475
Feb 15, 2022	17596	10	3120	142253
Feb 16, 2022	10786	17	8121	98735
Feb 17, 2022	11241	6	760	92345
Feb 18, 2022	12190	7	263	82553
Feb 19, 2022	12288	10	844	76638
Feb 20, 2022	11402	9	1550	59003
Feb 21, 2022	9882	10	1991	17195
Feb 22, 2022	9152	7	1655	97382
Feb 23, 2022	8715	11	1160	66833
Feb 24, 2022	8596	11	895	66732
Feb 25, 2022	7749	5	1510	58138
Feb 26, 2022	7108	10	1174	53623
Feb 27, 2022	6370	6	1089	42600
Feb 28, 2022	5559	4	1043	13483
Mar 01, 2022	4988	10	916	79794
Mar 02, 2022	4603	5	612	57697
Mar 03, 2022	4536	3	518	60225
Mar 04, 2022	4221	5	832	57789
Mar 05, 2022	3912	5	730	53678
Mar 06, 2022	3308	3	682	45328
Mar 07, 2022	3113	4	553	14496
Mar 08, 2022	3030	4	461	93050
Mar 09, 2022	3005	3	323	69190
Mar 10, 2022	3066	3	246	74818
Mar 11, 2022	3065	3	299	72399
Mar 12, 2022	3036	1	265	72443
Mar 13, 2022	2710	5	496	60422
Mar 14, 2022	2420	3	433	18853
Mar 15, 2022	2386	3	354	116618
Mar 16, 2022	2435	3	248	108832
Mar 17, 2022	2557	4	204	101747
Mar 18, 2022	2449	3	374	97579
Mar 19, 2022	2474	3	283	98104
Mar 20, 2022	2407	0	260	81283
Mar 21, 2022	2265	3	274	24179
Mar 22, 2022	2412	0	218	180777
Mar 23, 2022	2595	0	203	145560
Mar 24, 2022	2754	1	181	148635
Mar 25, 2022	2725	2	317	143571
Mar 26, 2022	2677	1	302	139517
Mar 27, 2022	2550	1	329	110174
Mar 28, 2022	2414	3	258	29455
Mar 29, 2022	2436	1	302	217480
Mar 30, 2022	2523	0	223	169024
Mar 31, 2022	2607	2	207	169311
Apr 01, 2022	2523	0	379	148629
Apr 02, 2022	2414	0	332	132114
Apr 03, 2022	2240	0	333	102266
Apr 04, 2022	2108	2	254	27648
Apr 05, 2022	2209	0	239	203021
Apr 06, 2022	2000	0	462	161950
Apr 07, 2022	2110	2	135	158792
Apr 08, 2022	2328	0	109	148768
Apr 09, 2022	2287	2	293	141690
Apr 10, 2022	2019	0	441	107654
Apr 11, 2022	2086	1	68	25492
Apr 12, 2022	2236	1	220	190762
Apr 13, 2022	2467	0	166	146426
Apr 14, 2022	2648	0	183	137342
Apr 15, 2022	2569	0	350	125394
Apr 16, 2022	2469	0	224	111583
Apr 17, 2022	2395	1	273	86650
Apr 18, 2022	2302	0	277	19810
Apr 19, 2022	2519	0	262	25465
Apr 20, 2022	3037	1	0	155711
Apr 21, 2022	3133	0	391	104007
Apr 22, 2022	3328	2	345	88389
Apr 23, 2022	3472	0	337	80571
Apr 24, 2022	3438	0	367	58954
Apr 25, 2022	3438	0	267	13984
Apr 26, 2022	4008	1	173	97498
Apr 27, 2022	4617	0	236	67711
Apr 28, 2022	5242	1	248	59760
Apr 29, 2022	5635	0	546	52919
Apr 30, 2022	6066	0	501	49482
May 01, 2022	6766	0	0	36726
May 02, 2022	6303	1	1000	8737
May 03, 2022	6483	3	469	67017
May 04, 2022	7939	1	381	47925
May 05, 2022	9669	0	387	44225
May 06, 2022	10766	2	820	40224
May 07, 2022	12566	1	871	37958
May 08, 2022	13326	1	854	29324
May 09, 2022	13732	1	952	7354
May 10, 2022	16104	0	935	56449
May 11, 2022	18644	5	779	40299
May 12, 2022	21413	0	745	36047
May 13, 2022	23654	3	1004	32773
May 14, 2022	24653	1	2054	30459
May 15, 2022	24617	2	2200	22844
May 16, 2022	24129	1	2286	5936
May 17, 2022	25630	4	2405	43727
May 18, 2022	27343	1	1792	29995
May 19, 2022	29478	0	1707	27842
May 20, 2022	29289	5	3601	24332
May 21, 2022	29133	5	3354	22507
May 22, 2022	28014	6	3280	16965
May 23, 2022	26614	2	3156	4386
May 24, 2022	27455	3	3032	32029
May 25, 2022	29029	4	2247	22006
May 26, 2022	30857	3	2120	21234
May 27, 2022	30613	5	3917	4811
May 28, 2022	30164	3	3555	23582
May 29, 2022	28740	2	3545	16440
May 30, 2022	27280	5	3297	4673
May 31, 2022	27994	1	3104	35142
Jun 01, 2022	29106	3	2328	26144
Jun 02, 2022	30813	4	2078	25365
Jun 03, 2022	29962	5	4142	25130
Jun 04, 2022	29395	2	3621	25172
Jun 05, 2022	27709	6	3622	20542
Jun 06, 2022	26026	1	3374	6184
Jun 07, 2022	26583	3	2963	11627
Jun 08, 2022	27476	5	2346	53802
Jun 09, 2022	28046	4	2219	40151
Jun 10, 2022	26819	7	3811	17152
Jun 11, 2022	25692	3	3447	0
Jun 12, 2022	23615	1	3465	79397
Jun 13, 2022	21621	8	3092	8474
Jun 14, 2022	21050	5	2955	65425
Jun 15, 2022	21130	2	1998	51954
Jun 16, 2022	21230	2	1856	53081
Jun 17, 2022	19220	2	3459	50605
Jun 18, 2022	18298	1	2974	50266
Jun 19, 2022	16825	4	2612	40125
Jun 20, 2022	15328	2	2321	11566
Jun 21, 2022	15285	4	2119	95217
Jun 22, 2022	15887	3	1352	77967
Jun 23, 2022	16758	3	1256	79852
Jun 24, 2022	16095	5	2484	79262
Jun 25, 2022	15828	6	1845	80926
Jun 26, 2022	15141	1	1811	66301
Jun 27, 2022	14153	1	1853	17601
Jun 28, 2022	14520	4	1618	147248
Jun 29, 2022	15188	7	1153	124724
Jun 30, 2022	15780	5	1027	133346
Jul 01, 2022	15080	4	2322	125066
Jul 02, 2022	14513	2	1903	122639
Jul 03, 2022	13537	3	1899	96191
Jul 04, 2022	14221	2	0	24418
Jul 05, 2022	15954	4	0	206554
Jul 06, 2022	17711	5	0	154615
Jul 07, 2022	19404	0	0	161265
Jul 08, 2022	13426	0	7556	140997
Jul 09, 2022	13137	2	1694	116405
Jul 10, 2022	12561	3	1436	110589
Jul 11, 2022	11783	0	1482	24343
Jul 12, 2022	12138	1	1357	182006
Jul 13, 2022	12509	2	1051	127642
Jul 14, 2022	12533	0	919	119285
Jul 15, 2022	11928	1	1786	23027
Jul 16, 2022	11375	2	1688	124009
Jul 17, 2022	10536	1	1566	73668
Jul 18, 2022	9625	2	1443	17733
Jul 19, 2022	9468	4	1313	134188
Jul 20, 2022	9764	2	886	89982
Jul 21, 2022	9927	3	836	80869
Jul 22, 2022	9154	2	1715	74348
Jul 23, 2022	8732	3	1257	68532
Jul 24, 2022	8616	0	958	50032
Jul 25, 2022	8497	3	958	11195
Jul 26, 2022	8377	4	958	87562
Jul 27, 2022	8261	0	958	58638
Jul 28, 2022	8141	4	958	51594
Jul 29, 2022	8024	1	958	45515
Jul 30, 2022	7906	1	961	41274
Jul 31, 2022	7905	2	846	31535
Aug 01, 2022	7905	1	846	7249
Aug 02, 2022	7905	1	846	54519
Aug 03, 2022	7905	1	846	38788
Aug 04, 2022	7905	1	846	33799
Aug 05, 2022	7905	1	846	30592
Aug 06, 2022	7906	2	846	28518
Aug 07, 2022	7454	0	1086	21528
Aug 08, 2022	7040	1	854	5090
Aug 09, 2022	7433	4	836	38230
Aug 10, 2022	8048	1	551	27081
Aug 11, 2022	8565	1	601	24312
Aug 12, 2022	8450	0	1146	22638
Aug 13, 2022	8551	3	750	21175
Aug 14, 2022	8492	2	917	16347
Aug 15, 2022	8433	2	917	4564
Aug 16, 2022	8374	2	917	6331
Aug 17, 2022	8315	2	917	35745
Aug 18, 2022	8257	1	917	23605
Aug 19, 2022	8198	2	917	20236
Aug 20, 2022	8139	1	919	19870
Aug 21, 2022	8038	2	867	14820
Aug 22, 2022	7937	2	867	4012
Aug 23, 2022	7836	2	867	28988
Aug 24, 2022	7735	2	867	21289
Aug 25, 2022	7634	2	867	19837
Aug 26, 2022	7533	2	867	18116
Aug 27, 2022	7431	2	873	17833
Aug 28, 2022	7949	2	0	14110
Aug 29, 2022	8467	2	0	3806
Aug 30, 2022	8985	2	0	27358
Aug 31, 2022	9504	1	0	19240
Sep 01, 2022	10023	1	0	18646
Sep 02, 2022	10542	1	0	16399
Sep 03, 2022	5234	1	5828	15597
Sep 04, 2022	5577	1	0	12894
Sep 05, 2022	5920	1	0	3443
Sep 06, 2022	6263	1	0	26918
Sep 07, 2022	6606	1	0	20142
Sep 08, 2022	6949	1	0	19866
Sep 09, 2022	7292	1	0	19087
Sep 10, 2022	3449	1	4190	19517
Sep 11, 2022	3674	0	0	16422
Sep 12, 2022	3899	0	0	4579
Sep 13, 2022	4125	0	0	41850
Sep 14, 2022	4350	0	0	33575
Sep 15, 2022	4589	1	0	33263
Sep 16, 2022	4815	1	0	28686
Sep 17, 2022	2260	1	2766	33162
Sep 18, 2022	2395	1	0	23137
Sep 19, 2022	2532	1	0	5219
Sep 20, 2022	2687	1	0	51816
Sep 21, 2022	2813	1	0	38250
Sep 22, 2022	3007	1	0	38464
Sep 23, 2022	3131	1	0	37524
Sep 24, 2022	1496	1	1809	38024
Sep 25, 2022	1496	0	0	31365
Sep 26, 2022	1496	0	0	7489
Sep 27, 2022	1496	0	0	73639
Sep 28, 2022	1496	0	0	53410
Sep 29, 2022	1496	0	0	51366
Sep 30, 2022	1496	0	0	48261
Oct 01, 2022	1496	0	0	46596
Oct 02, 2022	1496	0	0	37453
Oct 03, 2022	1072	5	1166	8690
Oct 04, 2022	1072	0	0	89185
Oct 05, 2022	1072	0	0	66564
Oct 06, 2022	1072	0	0	65537
Oct 07, 2022	1072	0	0	61121
Oct 08, 2022	1072	0	0	57270
Oct 09, 2022	1072	0	0	42626
Oct 10, 2022	872	3	864	9373
Oct 11, 2022	872	0	0	94753
Oct 12, 2022	872	0	0	67948
Oct 13, 2022	872	0	0	64218
Oct 14, 2022	872	0	0	58695
Oct 15, 2022	872	0	0	55394
Oct 16, 2022	872	0	0	41973
Oct 17, 2022	872	0	0	9421
Oct 18, 2022	929	1	667	87666
Oct 19, 2022	929	0	0	63031
Oct 20, 2022	929	0	0	56793
Oct 21, 2022	929	0	0	49087
Oct 22, 2022	929	0	0	43746
Oct 23, 2022	929	0	0	31470
Oct 24, 2022	929	0	0	6907
Oct 25, 2022	819	0	713	59653
Oct 26, 2022	819	0	0	41185
Oct 27, 2022	819	0	0	37089
Oct 28, 2022	819	0	0	25783
Oct 29, 2022	819	0	0	22723
Oct 30, 2022	819	0	0	16456
Oct 31, 2022	1006	3	615	3768
Nov 01, 2022	1006	0	0	29525
Nov 02, 2022	1006	0	0	5691
Nov 03, 2022	1006	0	0	42025
Nov 04, 2022	1006	0	0	29438
Nov 05, 2022	1006	0	0	26840
Nov 06, 2022	1006	0	0	21178
Nov 07, 2022	1140	0	704	3645
Nov 08, 2022	1140	0	0	40591
Nov 09, 2022	1140	0	0	28702
Nov 10, 2022	1140	0	0	27068
Nov 11, 2022	1140	0	0	26353
Nov 12, 2022	1140	0	0	5577
Nov 13, 2022	1140	0	0	27155
Nov 14, 2022	1594	6	912	6017
Nov 15, 2022	1594	0	0	48971
Nov 16, 2022	1594	0	0	34878
Nov 17, 2022	1594	0	0	33331
Nov 18, 2022	1594	0	0	37177
Nov 19, 2022	1594	0	0	47088
Nov 20, 2022	1594	0	0	14204
Nov 21, 2022	3502	4	1191	29335
Nov 22, 2022	3502	0	0	64772
Nov 23, 2022	3502	0	0	49188
Nov 24, 2022	3502	0	0	50530
Nov 25, 2022	3502	0	0	48629
Nov 26, 2022	3502	0	0	48331
Nov 27, 2022	3502	0	0	37675
Nov 28, 2022	3502	0	0	9304
Nov 29, 2022	7754	7	2176	91814
Nov 30, 2022	7754	0	0	68382
Dec 01, 2022	7754	0	0	69253
Dec 02, 2022	7754	0	0	59008
Dec 03, 2022	7754	0	0	52908
Dec 04, 2022	7754	0	0	40006
Dec 05, 2022	9626	7	5212	10591
Dec 06, 2022	9626	0	0	105516
Dec 07, 2022	9626	0	0	75752
Dec 08, 2022	9626	0	0	71597
Dec 09, 2022	9626	0	0	65509
Dec 10, 2022	9626	0	0	61482
Dec 11, 2022	9626	0	0	46422
Dec 12, 2022	9342	10	6992	10878
Dec 13, 2022	9342	0	0	97037
Dec 14, 2022	9342	0	0	70224
Dec 15, 2022	9342	0	0	62541
Dec 16, 2022	9342	0	0	56361
Dec 17, 2022	9342	0	0	52544
Dec 18, 2022	9342	0	0	37264
Dec 19, 2022	6761	11	7561	8213
Dec 20, 2022	6761	0	0	71212
Dec 21, 2022	6761	0	0	54613
Dec 22, 2022	6761	0	0	49517
Dec 23, 2022	6761	0	0	43766
Dec 24, 2022	6761	0	0	40744
Dec 25, 2022	6761	0	0	23681
Dec 26, 2022	6761	0	0	5429
Dec 27, 2022	4076	13	5489	30989
Dec 28, 2022	4076	0	0	26081
Dec 29, 2022	4076	0	0	24436
Dec 30, 2022	4076	0	0	23808
Dec 31, 2022	4076	0	0	21836
Jan 01, 2023	4076	0	0	15005
Jan 02, 2023	4076	0	0	2246
Jan 03, 2023	2999	8	3135	22916
Jan 04, 2023	2999	0	0	14105
Jan 05, 2023	2999	0	0	11537
Jan 06, 2023	2999	0	0	10383
Jan 07, 2023	2999	0	0	8961
Jan 08, 2023	2999	0	0	6557
Jan 09, 2023	2999	0	0	1702
Jan 10, 2023	2086	9	2307	11715
Jan 11, 2023	2086	0	0	7635
Jan 12, 2023	2086	0	0	7159
Jan 13, 2023	2086	0	0	6238
Jan 14, 2023	2086	0	0	5429
Jan 15, 2023	2086	0	0	4166
Jan 16, 2023	1538	5	1568	1235
Jan 17, 2023	1538	0	0	8381
Jan 18, 2023	1538	0	0	5894
Jan 19, 2023	1538	0	0	4992
Jan 20, 2023	1538	0	0	4475
Jan 21, 2023	1538	0	0	4324
Jan 22, 2023	1538	0	0	3477
Jan 23, 2023	1122	5	1200	1027
Jan 24, 2023	1122	0	0	7263
Jan 25, 2023	1122	0	0	5347
Jan 26, 2023	1122	0	0	5287
Jan 27, 2023	1122	0	0	4681
Jan 28, 2023	1122	0	0	4513
Jan 29, 2023	1122	0	0	3802
Jan 30, 2023	1122	0	0	982
Jan 31, 2023	899	2	861	6860
Feb 01, 2023	899	0	0	4506
Feb 02, 2023	899	0	0	4021
Feb 03, 2023	899	0	0	3618
Feb 04, 2023	899	0	0	3312
Feb 05, 2023	899	0	0	2632
Feb 06, 2023	747	3	662	718
Feb 07, 2023	747	0	0	4999
Feb 08, 2023	747	0	0	3991
Feb 09, 2023	747	0	0	3653
Feb 10, 2023	747	0	0	3366
Feb 11, 2023	747	0	0	3187
Feb 12, 2023	747	0	0	2469
Feb 13, 2023	617	1	573	706
Feb 14, 2023	617	0	0	4986
Feb 15, 2023	617	0	0	3972
Feb 16, 2023	617	0	0	4021
Feb 17, 2023	617	0	0	3589
Feb 18, 2023	617	0	0	4236
Feb 19, 2023	617	0	0	2999
Feb 20, 2023	617	0	0	898
Feb 21, 2023	617	0	0	5774
Feb 22, 2023	617	0	0	4584
Feb 23, 2023	525	3	445	4489
Feb 24, 2023	525	0	0	3917
Feb 25, 2023	525	0	0	3843
Feb 26, 2023	525	0	0	2942
Feb 27, 2023	370	1	413	841
Feb 28, 2023	370	0	0	5651
Mar 01, 2023	370	0	0	4525
Mar 02, 2023	370	0	0	4196
Mar 03, 2023	370	0	0	3194
Mar 04, 2023	370	0	0	4013
Mar 05, 2023	370	0	0	0
Mar 06, 2023	598	5	225	953
Mar 07, 2023	598	0	0	0
Mar 08, 2023	598	0	0	0
Mar 09, 2023	598	0	0	0
Mar 10, 2023	598	0	0	6188
Mar 11, 2023	598	0	0	6072
Mar 12, 2023	598	0	0	4558
Mar 13, 2023	598	0	0	1235
Mar 14, 2023	697	2	405	9937
Mar 15, 2023	697	0	0	8348
Mar 16, 2023	697	0	0	7932
Mar 17, 2023	697	0	0	7228
Mar 18, 2023	697	0	0	7210
Mar 19, 2023	697	0	0	5459
Mar 20, 2023	888	1	510	1470
Mar 21, 2023	888	0	0	11519
Mar 22, 2023	888	0	0	9762
Mar 23, 2023	888	0	0	9249
Mar 24, 2023	888	0	0	8839
Mar 25, 2023	888	0	0	8435
Mar 26, 2023	888	0	0	6211
Mar 27, 2023	888	0	0	7
Mar 28, 2023	888	0	0	12933
Mar 29, 2023	888	0	0	10885
Mar 30, 2023	1093	0	637	0
Mar 31, 2023	1093	0	0	9211
Apr 01, 2023	1093	0	0	8455
Apr 02, 2023	1093	0	0	6027
Apr 03, 2023	1093	0	0	1453
Apr 04, 2023	1093	0	0	0
Apr 05, 2023	951	0	1091	9922
Apr 06, 2023	951	0	0	9374
Apr 07, 2023	951	0	0	8786
Apr 08, 2023	951	0	0	7739
Apr 09, 2023	951	0	0	6474
Apr 10, 2023	951	0	0	1342
Apr 11, 2023	951	0	0	1884
Apr 12, 2023	951	0	0	14207
Apr 13, 2023	548	5	1025	10678
Apr 14, 2023	548	0	0	9467
Apr 15, 2023	548	0	0	8595
Apr 16, 2023	548	0	0	5805
Apr 17, 2023	548	0	0	1411
Apr 18, 2023	548	0	0	10616
Apr 19, 2023	548	0	0	8807
Apr 20, 2023	614	1	676	8201
Apr 21, 2023	614	0	0	7400
Apr 22, 2023	614	0	0	6796
Apr 23, 2023	614	0	0	5008
Apr 24, 2023	614	0	0	1185
Apr 25, 2023	614	0	0	8895
Apr 26, 2023	614	0	0	7490
Apr 27, 2023	558	3	686	6609
Apr 28, 2023	558	0	0	6144
Apr 29, 2023	558	0	0	5642
Apr 30, 2023	558	0	0	4030
May 01, 2023	558	0	0	1098
May 02, 2023	558	0	0	1065
May 03, 2023	521	0	628	8715
May 04, 2023	521	0	0	6161
May 05, 2023	521	0	0	5505
May 06, 2023	521	0	0	5103
May 07, 2023	521	0	0	3301
May 08, 2023	521	0	0	759
May 09, 2023	521	0	0	1044
May 10, 2023	583	1	591	6708
May 11, 2023	583	0	0	0
May 12, 2023	583	0	0	9003
May 13, 2023	583	0	0	3706
May 14, 2023	583	0	0	2563
May 15, 2023	583	0	0	623
May 16, 2023	583	0	0	5118
May 17, 2023	585	1	661	4149
May 18, 2023	585	0	0	0
May 19, 2023	585	0	0	0
May 20, 2023	585	0	0	0
May 21, 2023	585	0	0	0
May 22, 2023	585	0	0	677
May 23, 2023	585	0	0	5901
May 24, 2023	585	0	0	4905
May 25, 2023	585	0	0	4220
May 26, 2023	585	0	0	3724
May 27, 2023	585	0	0	3317
May 28, 2023	585	0	0	2284
May 29, 2023	585	0	0	592
May 30, 2023	585	0	0	902
May 31, 2023	751	1	1421	5210
Jun 01, 2023	751	0	0	3735
Jun 02, 2023	751	0	0	3204
Jun 03, 2023	751	0	0	2797
Jun 04, 2023	751	0	0	2082
Jun 05, 2023	751	0	0	443
Jun 06, 2023	751	0	0	3590
Jun 07, 2023	1123	6	1047	2762
Jun 08, 2023	1123	0	0	2603
Jun 09, 2023	1123	0	0	2357
Jun 10, 2023	1123	0	0	2135
Jun 11, 2023	1123	0	0	1282
Jun 12, 2023	1123	0	0	332
Jun 13, 2023	1123	0	0	2631
Jun 14, 2023	1152	4	943	2069
Jun 15, 2023	1152	0	0	545
Jun 16, 2023	1152	0	0	2895
Jun 17, 2023	1152	0	0	1482
Jun 18, 2023	1152	0	0	1080
Jun 19, 2023	1152	0	0	270
Jun 20, 2023	1152	0	0	2071
Jun 21, 2023	1152	0	0	1702
Jun 22, 2023	1152	0	0	1420
Jun 23, 2023	1152	0	0	1232
Jun 24, 2023	1152	0	0	1217
Jun 25, 2023	1152	0	0	776
Jun 26, 2023	1152	0	0	213
Jun 27, 2023	1152	0	0	1680
Jun 28, 2023	1152	0	0	1148
Jun 29, 2023	1152	0	0	1106
Jun 30, 2023	1152	0	0	1106
Jul 01, 2023	1152	0	0	0
Jul 02, 2023	1152	0	0	0
Jul 03, 2023	779	9	3585	0
Jul 04, 2023	779	0	0	0
Jul 05, 2023	779	0	0	0
Jul 06, 2023	779	0	0	0
Jul 07, 2023	779	0	0	0
Jul 08, 2023	779	0	0	0
Jul 09, 2023	779	0	0	0
Jul 10, 2023	779	0	0	0
Jul 11, 2023	779	0	0	0
Jul 12, 2023	544	3	895	0
Jul 13, 2023	544	0	0	0
Jul 14, 2023	544	0	0	0
Jul 15, 2023	544	0	0	0
Jul 16, 2023	544	0	0	0
Jul 17, 2023	544	0	0	0
Jul 18, 2023	544	0	0	0
Jul 19, 2023	422	4	603	0
Jul 20, 2023	422	0	0	0
Jul 21, 2023	422	0	0	0
Jul 22, 2023	422	0	0	0
Jul 23, 2023	422	0	0	0
Jul 24, 2023	422	0	0	0
Jul 25, 2023	422	0	0	0
Jul 26, 2023	244	2	497	0
Jul 27, 2023	244	0	0	0
Jul 28, 2023	244	0	0	0
Jul 29, 2023	244	0	0	0
Jul 30, 2023	244	0	0	0
Jul 31, 2023	244	0	0	0
Aug 01, 2023	244	0	0	0
Aug 02, 2023	169	2	271	0
Aug 03, 2023	169	0	0	0
Aug 04, 2023	169	0	0	0
Aug 05, 2023	169	0	0	0
Aug 06, 2023	169	0	0	0
Aug 07, 2023	169	0	0	0
Aug 08, 2023	169	0	0	0
Aug 09, 2023	152	3	185	0
Aug 10, 2023	152	0	0	0
Aug 11, 2023	152	0	0	0
Aug 12, 2023	152	0	0	0
Aug 13, 2023	152	0	0	0
Aug 14, 2023	152	0	0	0
Aug 15, 2023	152	0	0	0
Aug 16, 2023	152	0	0	0
Aug 17, 2023	116	0	177	0
Aug 18, 2023	116	0	0	0
Aug 19, 2023	116	0	0	0
Aug 20, 2023	116	0	0	0
Aug 21, 2023	116	0	0	0
Aug 22, 2023	116	0	0	0
Aug 23, 2023	116	0	0	0
Aug 24, 2023	91	1	133	0
Aug 25, 2023	91	0	0	0
Aug 26, 2023	91	0	0	0
Aug 27, 2023	91	0	0	0
Aug 28, 2023	91	0	0	0
Aug 29, 2023	91	0	0	0
Aug 30, 2023	196	0	0	0
Aug 31, 2023	196	0	0	0
Sep 01, 2023	196	0	0	0
Sep 02, 2023	196	0	0	0
Sep 03, 2023	196	0	0	0
Sep 04, 2023	196	0	0	0
Sep 05, 2023	196	0	0	0
Sep 06, 2023	196	0	0	0
Sep 07, 2023	196	0	0	0
Sep 08, 2023	196	0	0	0
Sep 09, 2023	196	0	0	0
Sep 10, 2023	196	0	0	0
Sep 11, 2023	196	0	0	0
Sep 12, 2023	196	0	0	0
Sep 13, 2023	84	2	307	0
Sep 14, 2023	84	0	0	0
Sep 15, 2023	84	0	0	0
Sep 16, 2023	84	0	0	0
Sep 17, 2023	84	0	0	0
Sep 18, 2023	84	0	0	0
Sep 19, 2023	84	0	0	0
Sep 20, 2023	76	1	106	0
Sep 21, 2023	76	0	0	0
Sep 22, 2023	76	0	0	0
Sep 23, 2023	76	0	0	0
Sep 24, 2023	76	0	0	0
Sep 25, 2023	76	0	0	0
Sep 26, 2023	76	0	0	0
Sep 27, 2023	75	0	89	0
Sep 28, 2023	75	0	0	0
Sep 29, 2023	75	0	0	0
Sep 30, 2023	75	0	0	0
Oct 01, 2023	75	0	0	0
Oct 02, 2023	75	0	0	0
Oct 03, 2023	75	0	0	0
Oct 04, 2023	75	0	0	0
Oct 05, 2023	75	0	0	0
Oct 06, 2023	75	0	0	0
Oct 07, 2023	75	0	0	0
Oct 08, 2023	75	0	0	0
Oct 09, 2023	75	0	0	0
Oct 10, 2023	75	0	0	0
Oct 11, 2023	75	0	0	0
Oct 12, 2023	75	0	0	0
Oct 13, 2023	75	0	0	0
Oct 14, 2023	75	0	0	0
Oct 15, 2023	75	0	0	0
Oct 16, 2023	75	0	0	0
Oct 17, 2023	75	0	0	0
Oct 18, 2023	75	0	0	0
Oct 19, 2023	75	0	0	0
Oct 20, 2023	75	0	0	0
Oct 21, 2023	75	0	0	0
Oct 22, 2023	155	5	575	0
Oct 23, 2023	155	0	0	0
Oct 24, 2023	155	0	0	0
Oct 25, 2023	155	0	0	0
Oct 26, 2023	155	0	0	0
Oct 27, 2023	155	0	0	0
Oct 28, 2023	155	0	0	0
Oct 29, 2023	155	0	0	0
Oct 30, 2023	155	0	0	0
Oct 31, 2023	155	0	0	0
Nov 01, 2023	155	0	0	0
Nov 02, 2023	155	0	0	0
Nov 03, 2023	155	0	0	0
Nov 04, 2023	155	0	0	0
Nov 05, 2023	155	0	0	0
Nov 06, 2023	155	0	0	0
Nov 07, 2023	155	0	0	0
Nov 08, 2023	155	0	0	0
Nov 09, 2023	155	0	0	0
Nov 10, 2023	155	0	0	0
Nov 11, 2023	155	0	0	0
Nov 12, 2023	155	0	0	0
Nov 13, 2023	155	0	0	0
Nov 14, 2023	155	0	0	0
Nov 15, 2023	155	0	0	0
Nov 16, 2023	155	0	0	0
Nov 17, 2023	155	0	0	0
Nov 18, 2023	155	0	0	0
Nov 19, 2023	82	3	641	0
Nov 20, 2023	82	0	0	0
Nov 21, 2023	82	0	0	0
Nov 22, 2023	82	0	0	0
Nov 23, 2023	82	0	0	0
Nov 24, 2023	82	0	0	0
Nov 25, 2023	82	0	0	0
Nov 26, 2023	82	0	0	0
Nov 27, 2023	82	0	0	0
Nov 28, 2023	82	0	0	0
Nov 29, 2023	82	0	0	0
Nov 30, 2023	82	0	0	0
Dec 01, 2023	82	0	0	0
Dec 02, 2023	82	0	0	0
Dec 03, 2023	82	0	0	0
Dec 04, 2023	82	0	0	0
Dec 05, 2023	82	0	0	0
Dec 06, 2023	82	0	0	0
Dec 07, 2023	82	0	0	0
Dec 08, 2023	82	0	0	0
Dec 09, 2023	82	0	0	0
Dec 10, 2023	82	0	0	0
Dec 11, 2023	82	0	0	0
Dec 12, 2023	82	0	0	0
Dec 13, 2023	82	0	0	0
Dec 14, 2023	82	0	0	0
Dec 15, 2023	82	0	0	0
Dec 16, 2023	82	0	0	0
Dec 17, 2023	82	0	0	0
Dec 18, 2023	82	0	0	0
Dec 19, 2023	82	0	0	0
Dec 20, 2023	82	0	0	0
Dec 21, 2023	82	0	0	0
Dec 22, 2023	82	0	0	0
Dec 23, 2023	82	0	0	0
Dec 24, 2023	2082	10	1648	0
Dec 25, 2023	2082	0	0	0
Dec 26, 2023	2082	0	0	0
Dec 27, 2023	2082	0	0	0
Dec 28, 2023	2082	0	0	0
Dec 29, 2023	2082	0	0	0
Dec 30, 2023	2082	0	0	0
Dec 31, 2023	2388	9	2365	0
Jan 01, 2024	2388	0	0	0
Jan 02, 2024	2388	0	0	0
Jan 03, 2024	2388	0	0	0
Jan 04, 2024	2388	0	0	0
Jan 05, 2024	2388	0	0	0
Jan 06, 2024	2388	0	0	0
Jan 07, 2024	4291	0	0	0
Jan 08, 2024	4291	0	0	0
Jan 09, 2024	4291	0	0	0
Jan 10, 2024	4291	0	0	0
Jan 11, 2024	4291	0	0	0
Jan 12, 2024	4291	0	0	0
Jan 13, 2024	4291	0	0	0
Jan 14, 2024	5323	0	0	0
Jan 15, 2024	5323	0	0	0
Jan 16, 2024	5323	0	0	0
Jan 17, 2024	5323	0	0	0
Jan 18, 2024	5323	0	0	0
Jan 19, 2024	5323	0	0	0
Jan 20, 2024	5323	0	0	0
Jan 21, 2024	5323	0	0	0
Jan 22, 2024	5323	0	0	0
Jan 23, 2024	5323	0	0	0
Jan 24, 2024	5323	0	0	0
Jan 25, 2024	5323	0	0	0
Jan 26, 2024	5323	0	0	0
Jan 27, 2024	5323	0	0	0
Jan 28, 2024	5323	0	0	0
Jan 29, 2024	5323	0	0	0
Jan 30, 2024	5323	0	0	0
Jan 31, 2024	5323	0	0	0
Feb 01, 2024	5323	0	0	0
Feb 02, 2024	5323	0	0	0
Feb 03, 2024	5323	0	0	0
Feb 04, 2024	108	38	5986	0
Feb 05, 2024	108	0	0	0
Feb 06, 2024	108	0	0	0
Feb 07, 2024	108	0	0	0
Feb 08, 2024	108	0	0	0
Feb 09, 2024	108	0	0	0
Feb 10, 2024	108	0	0	0
Feb 11, 2024	108	0	0	0
Feb 12, 2024	108	0	0	0
Feb 13, 2024	108	0	0	0
Feb 14, 2024	108	0	0	0
Feb 15, 2024	108	0	0	0
Feb 16, 2024	108	0	0	0
Feb 17, 2024	108	0	0	0
Feb 18, 2024	108	0	0	0
Feb 19, 2024	108	0	0	0
Feb 20, 2024	108	0	0	0
Feb 21, 2024	108	0	0	0
Feb 22, 2024	108	0	0	0
Feb 23, 2024	64	0	105	0
Feb 24, 2024	64	0	0	0
Feb 25, 2024	64	0	0	0
Feb 26, 2024	64	0	0	0
Feb 27, 2024	64	0	0	0
Feb 28, 2024	64	1	89	0
Feb 29, 2024	64	0	0	0
Mar 01, 2024	64	0	0	0
Mar 02, 2024	64	0	0	0
Mar 03, 2024	64	0	0	0
Mar 04, 2024	64	0	0	0
Mar 05, 2024	64	0	0	0
Mar 06, 2024	64	0	0	0
Mar 07, 2024	64	0	0	0
Mar 08, 2024	64	0	0	0
Mar 09, 2024	64	0	0	0
Mar 10, 2024	64	0	0	0
Mar 11, 2024	64	0	0	0
Mar 12, 2024	64	0	0	0
Mar 13, 2024	64	0	0	0
Mar 14, 2024	64	0	0	0
Mar 15, 2024	64	0	0	0
Mar 16, 2024	64	0	0	0
Mar 17, 2024	64	0	0	0
Mar 18, 2024	64	0	0	0
Mar 19, 2024	64	0	0	0
Mar 20, 2024	64	0	0	0
Mar 21, 2024	64	0	0	0
Mar 22, 2024	64	0	0	0
Mar 23, 2024	64	0	0	0
