Feb 15, 2020	0	null	0	0
Feb 16, 2020	0	0	0	0
Feb 17, 2020	0	0	0	0
Feb 18, 2020	0	0	0	0
Feb 19, 2020	0	0	0	0
Feb 20, 2020	0	0	0	0
Feb 21, 2020	0	0	0	0
Feb 22, 2020	0	0	0	0
Feb 23, 2020	0	0	0	0
Feb 24, 2020	0	0	0	0
Feb 25, 2020	0	0	0	0
Feb 26, 2020	0	0	0	0
Feb 27, 2020	0	0	0	0
Feb 28, 2020	0	0	0	0
Feb 29, 2020	0	0	0	0
Mar 01, 2020	0	0	0	0
Mar 02, 2020	0	0	0	0
Mar 03, 2020	0	0	0	0
Mar 04, 2020	0	0	0	0
Mar 05, 2020	0	0	0	0
Mar 06, 2020	2	0	0	0
Mar 07, 2020	3	0	0	0
Mar 08, 2020	7	0	0	0
Mar 09, 2020	21	0	0	0
Mar 10, 2020	29	0	0	0
Mar 11, 2020	44	1	0	0
Mar 12, 2020	44	3	0	0
Mar 13, 2020	56	0	0	0
Mar 14, 2020	99	3	0	0
Mar 15, 2020	124	4	0	0
Mar 16, 2020	126	0	0	0
Mar 17, 2020	168	2	0	0
Mar 18, 2020	178	3	0	0
Mar 19, 2020	192	0	0	0
Mar 20, 2020	203	1	0	0
Mar 21, 2020	275	1	0	0
Mar 22, 2020	340	6	0	0
Mar 23, 2020	411	8	0	0
Mar 24, 2020	497	2	0	0
Mar 25, 2020	572	3	0	0
Mar 26, 2020	634	7	0	0
Mar 27, 2020	718	9	0	0
Mar 28, 2020	972	14	0	0
Mar 29, 2020	1305	3	0	0
Mar 30, 2020	1424	7	0	0
Mar 31, 2020	1943	10	0	0
Apr 01, 2020	2158	8	0	0
Apr 02, 2020	2464	11	0	0
Apr 03, 2020	2814	29	0	0
Apr 04, 2020	2881	8	0	0
Apr 05, 2020	3023	8	0	0
Apr 06, 2020	3419	11	0	0
Apr 07, 2020	3503	14	0	0
Apr 08, 2020	3592	5	0	0
Apr 09, 2020	3749	21	0	0
Apr 10, 2020	3834	18	0	0
Apr 11, 2020	4024	26	0	0
Apr 12, 2020	4154	50	0	0
Apr 13, 2020	4375	18	0	0
Apr 14, 2020	4593	20	0	0
Apr 15, 2020	4751	14	0	0
Apr 16, 2020	4863	13	0	0
Apr 17, 2020	5004	25	0	0
Apr 18, 2020	5174	10	0	0
Apr 19, 2020	5278	12	0	0
Apr 20, 2020	5418	19	0	0
Apr 21, 2020	5508	9	0	0
Apr 22, 2020	5571	9	0	0
Apr 23, 2020	5797	16	0	0
Apr 24, 2020	5953	15	0	0
Apr 25, 2020	6008	17	0	0
Apr 26, 2020	6216	7	0	0
Apr 27, 2020	6334	10	0	0
Apr 28, 2020	6453	19	0	0
Apr 29, 2020	6631	28	0	0
Apr 30, 2020	6877	10	0	0
May 01, 2020	7109	11	0	0
May 02, 2020	7201	24	0	0
May 03, 2020	7402	4	0	0
May 04, 2020	7547	16	0	0
May 05, 2020	7639	14	0	0
May 06, 2020	7840	21	0	0
May 07, 2020	8040	27	0	0
May 08, 2020	8033	11	0	0
May 09, 2020	8064	8	0	0
May 10, 2020	8151	15	0	0
May 11, 2020	8361	7	0	0
May 12, 2020	8493	25	0	0
May 13, 2020	8595	21	0	0
May 14, 2020	8749	18	0	0
May 15, 2020	8825	16	0	0
May 16, 2020	8927	11	0	0
May 17, 2020	9054	7	0	0
May 18, 2020	9158	7	0	0
May 19, 2020	9262	6	0	0
May 20, 2020	9447	5	0	0
May 21, 2020	9588	4	0	0
May 22, 2020	9648	11	0	0
May 23, 2020	9737	6	0	0
May 24, 2020	9918	5	0	0
May 25, 2020	10123	5	0	0
May 26, 2020	10371	13	0	0
May 27, 2020	10639	18	0	0
May 28, 2020	11069	17	0	0
May 29, 2020	11972	21	0	0
May 30, 2020	12466	8	0	0
May 31, 2020	13220	7	0	0
Jun 01, 2020	13699	3	0	0
Jun 02, 2020	13968	6	0	0
Jun 03, 2020	14621	8	0	0
Jun 04, 2020	15150	10	0	0
Jun 05, 2020	15309	3	0	0
Jun 06, 2020	15905	7	0	0
Jun 07, 2020	16362	9	0	0
Jun 08, 2020	16826	8	0	0
Jun 09, 2020	17239	6	0	0
Jun 10, 2020	17810	10	0	0
Jun 11, 2020	17974	9	0	0
Jun 12, 2020	18281	16	0	0
Jun 13, 2020	18612	22	0	0
Jun 14, 2020	18888	14	0	0
Jun 15, 2020	19070	10	0	0
Jun 16, 2020	19126	5	0	0
Jun 17, 2020	19310	5	0	0
Jun 18, 2020	19593	8	0	0
Jun 19, 2020	19951	14	0	0
Jun 20, 2020	20600	20	0	0
Jun 21, 2020	20990	19	0	0
Jun 22, 2020	21362	8	0	0
Jun 23, 2020	22197	9	0	0
Jun 24, 2020	22435	18	0	0
Jun 25, 2020	22947	8	0	0
Jun 26, 2020	23667	12	0	0
Jun 27, 2020	24137	12	0	0
Jun 28, 2020	24525	8	0	0
Jun 29, 2020	25227	11	0	0
Jun 30, 2020	26015	11	0	0
Jul 01, 2020	26803	4	0	0
Jul 02, 2020	26858	4	0	0
Jul 03, 2020	27983	6	0	0
Jul 04, 2020	29087	10	0	0
Jul 05, 2020	31015	7	0	0
Jul 06, 2020	32845	6	0	0
Jul 07, 2020	34178	6	0	0
Jul 08, 2020	36457	5	0	0
Jul 09, 2020	37627	0	0	0
Jul 10, 2020	38324	46	0	0
Jul 11, 2020	38813	12	0	0
Jul 12, 2020	38679	162	0	0
Jul 13, 2020	34943	63	0	0
Jul 14, 2020	35396	6	0	0
Jul 15, 2020	36178	11	0	0
Jul 16, 2020	38080	29	0	0
Jul 17, 2020	39541	17	0	0
Jul 18, 2020	41375	113	0	0
Jul 19, 2020	43081	58	0	0
Jul 20, 2020	43906	4	0	0
Jul 21, 2020	45557	2	0	0
Jul 22, 2020	46724	6	0	0
Jul 23, 2020	48119	21	0	0
Jul 24, 2020	50063	15	0	0
Jul 25, 2020	50763	18	0	0
Jul 26, 2020	52367	32	0	0
Jul 27, 2020	53608	14	0	0
Jul 28, 2020	55058	3	0	0
Jul 29, 2020	56470	14	0	0
Jul 30, 2020	22286	23	0	0
Jul 31, 2020	26075	39	0	0
Aug 01, 2020	30857	17	0	0
Aug 02, 2020	35498	20	0	0
Aug 03, 2020	38328	45	0	0
Aug 04, 2020	44356	10	0	0
Aug 05, 2020	47509	8	0	0
Aug 06, 2020	50452	22	0	0
Aug 07, 2020	53734	24	0	0
Aug 08, 2020	57559	41	0	0
Aug 09, 2020	59880	61	0	0
Aug 10, 2020	66106	23	0	0
Aug 11, 2020	68633	18	0	0
Aug 12, 2020	72137	92	0	0
Aug 13, 2020	74651	23	0	0
Aug 14, 2020	79802	15	0	0
Aug 15, 2020	83044	159	0	0
Aug 16, 2020	45975	63	0	0
Aug 17, 2020	49017	18	0	0
Aug 18, 2020	53675	3	0	0
Aug 19, 2020	57501	111	0	0
Aug 20, 2020	60795	86	0	0
Aug 21, 2020	64906	59	0	0
Aug 22, 2020	69362	26	0	0
Aug 23, 2020	55256	31	0	0
Aug 24, 2020	59167	7	0	0
Aug 25, 2020	61717	34	0	0
Aug 26, 2020	65771	99	0	0
Aug 27, 2020	68347	97	0	0
Aug 28, 2020	71723	91	0	0
Aug 29, 2020	74610	93	0	0
Aug 30, 2020	56456	102	0	0
Aug 31, 2020	59675	38	0	0
Sep 01, 2020	62625	38	0	0
Sep 02, 2020	64198	27	0	0
Sep 03, 2020	65209	65	0	0
Sep 04, 2020	67772	49	0	0
Sep 05, 2020	69123	53	0	0
Sep 06, 2020	48793	85	0	0
Sep 07, 2020	49931	15	0	0
Sep 08, 2020	52884	26	0	0
Sep 09, 2020	55645	70	0	0
Sep 10, 2020	58818	80	0	0
Sep 11, 2020	62365	40	0	0
Sep 12, 2020	66456	186	0	0
Sep 13, 2020	49935	79	0	0
Sep 14, 2020	53955	258	0	0
Sep 15, 2020	57337	34	0	0
Sep 16, 2020	60403	69	0	0
Sep 17, 2020	63429	51	0	0
Sep 18, 2020	65911	47	0	0
Sep 19, 2020	68659	99	0	0
Sep 20, 2020	51898	55	0	0
Sep 21, 2020	54962	15	0	0
Sep 22, 2020	56103	48	0	0
Sep 23, 2020	58136	44	0	0
Sep 24, 2020	59699	36	0	0
Sep 25, 2020	61194	69	0	0
Sep 26, 2020	63067	88	0	0
Sep 27, 2020	46369	60	0	0
Sep 28, 2020	49258	36	0	0
Sep 29, 2020	50919	66	0	0
Sep 30, 2020	52709	57	0	0
Oct 01, 2020	54306	57	0	0
Oct 02, 2020	56453	56	0	0
Oct 03, 2020	58617	60	0	0
Oct 04, 2020	43659	100	0	0
Oct 05, 2020	45796	64	0	0
Oct 06, 2020	47661	25	0	0
Oct 07, 2020	49960	60	0	0
Oct 08, 2020	51443	144	0	0
Oct 09, 2020	53274	82	0	0
Oct 10, 2020	54583	87	0	0
Oct 11, 2020	39929	83	0	0
Oct 12, 2020	43334	11	0	0
Oct 13, 2020	44974	39	0	0
Oct 14, 2020	46214	76	0	0
Oct 15, 2020	48035	50	0	0
Oct 16, 2020	50362	33	0	0
Oct 17, 2020	52420	72	0	0
Oct 18, 2020	39805	47	0	0
Oct 19, 2020	42189	24	0	0
Oct 20, 2020	43452	14	0	0
Oct 21, 2020	43989	58	0	0
Oct 22, 2020	44826	38	0	0
Oct 23, 2020	46177	132	0	0
Oct 24, 2020	47779	19	0	0
Oct 25, 2020	35033	43	0	0
Oct 26, 2020	36332	62	0	0
Oct 27, 2020	37503	14	0	0
Oct 28, 2020	38952	61	0	0
Oct 29, 2020	39959	33	0	0
Oct 30, 2020	41301	38	0	0
Oct 31, 2020	42463	36	0	0
Nov 01, 2020	27122	16	0	0
Nov 02, 2020	29306	32	0	0
Nov 03, 2020	30881	49	0	0
Nov 04, 2020	31689	49	0	0
Nov 05, 2020	32796	42	0	0
Nov 06, 2020	34379	52	0	0
Nov 07, 2020	36260	24	0	0
Nov 08, 2020	27250	54	0	0
Nov 09, 2020	29023	108	0	0
Nov 10, 2020	30177	14	0	0
Nov 11, 2020	31497	49	0	0
Nov 12, 2020	32693	11	0	0
Nov 13, 2020	34061	31	0	0
Nov 14, 2020	35478	39	0	0
Nov 15, 2020	25683	41	0	0
Nov 16, 2020	27374	7	0	0
Nov 17, 2020	28329	23	0	0
Nov 18, 2020	29483	95	0	0
Nov 19, 2020	30498	41	0	0
Nov 20, 2020	31816	27	0	0
Nov 21, 2020	33241	55	0	0
Nov 22, 2020	24223	43	0	0
Nov 23, 2020	25835	50	0	0
Nov 24, 2020	26757	11	0	0
Nov 25, 2020	27758	25	0	0
Nov 26, 2020	28832	0	0	0
Nov 27, 2020	30062	45	0	0
Nov 28, 2020	31410	79	0	0
Nov 29, 2020	22870	40	0	0
Nov 30, 2020	24589	18	0	0
Dec 01, 2020	25728	27	0	0
Dec 02, 2020	26919	18	0	0
Dec 03, 2020	27768	10	0	0
Dec 04, 2020	28491	63	0	0
Dec 05, 2020	29969	16	0	0
Dec 06, 2020	22649	29	0	0
Dec 07, 2020	24162	18	0	0
Dec 08, 2020	25321	98	0	0
Dec 09, 2020	26555	7	0	0
Dec 10, 2020	27784	18	0	0
Dec 11, 2020	29013	0	0	0
Dec 12, 2020	30194	35	0	0
Dec 13, 2020	21988	3	0	0
Dec 14, 2020	23245	23	0	0
Dec 15, 2020	24163	56	0	0
Dec 16, 2020	24875	21	0	0
Dec 17, 2020	25702	17	0	0
Dec 18, 2020	27028	25	0	0
Dec 19, 2020	28070	36	0	0
Dec 20, 2020	21712	36	0	0
Dec 21, 2020	23374	8	0	0
Dec 22, 2020	24379	66	0	0
Dec 23, 2020	24943	27	0	0
Dec 24, 2020	26177	7	0	0
Dec 25, 2020	27748	7	0	0
Dec 26, 2020	28893	5	0	0
Dec 27, 2020	22099	42	0	0
Dec 28, 2020	22753	15	0	0
Dec 29, 2020	23365	38	0	0
Dec 30, 2020	23793	68	0	0
Dec 31, 2020	25022	14	0	0
Jan 01, 2021	26676	4	0	0
Jan 02, 2021	27721	5	0	0
Jan 03, 2021	20299	4	0	0
Jan 04, 2021	21225	6	0	0
Jan 05, 2021	22008	58	0	0
Jan 06, 2021	22691	26	0	0
Jan 07, 2021	23675	9	0	0
Jan 08, 2021	25157	8	0	0
Jan 09, 2021	26781	33	0	0
Jan 10, 2021	20210	8	0	0
Jan 11, 2021	22191	10	0	0
Jan 12, 2021	23509	138	0	0
Jan 13, 2021	24488	146	0	0
Jan 14, 2021	25673	40	0	0
Jan 15, 2021	27030	137	0	0
Jan 16, 2021	28672	8	0	0
Jan 17, 2021	24787	11	0	0
Jan 18, 2021	26859	14	0	0
Jan 19, 2021	27871	69	0	0
Jan 20, 2021	28917	64	0	0
Jan 21, 2021	30123	74	0	0
Jan 22, 2021	32026	20	0	0
Jan 23, 2021	33598	53	0	0
Jan 24, 2021	27796	53	0	0
Jan 25, 2021	29274	50	0	0
Jan 26, 2021	30331	94	0	0
Jan 27, 2021	32389	95	0	0
Jan 28, 2021	33424	71	0	0
Jan 29, 2021	35051	46	0	0
Jan 30, 2021	36948	71	0	0
Jan 31, 2021	27325	80	0	0
Feb 01, 2021	28891	58	0	0
Feb 02, 2021	30381	67	0	0
Feb 03, 2021	31489	68	0	0
Feb 04, 2021	32819	55	0	0
Feb 05, 2021	34291	61	0	0
Feb 06, 2021	36001	51	0	0
Feb 07, 2021	26477	70	0	0
Feb 08, 2021	28066	52	0	0
Feb 09, 2021	29187	56	0	0
Feb 10, 2021	30235	114	0	0
Feb 11, 2021	31488	68	0	0
Feb 12, 2021	33152	26	0	0
Feb 13, 2021	34965	12	0	0
Feb 14, 2021	25957	8	0	0
Feb 15, 2021	27587	2	0	0
Feb 16, 2021	28927	7	0	0
Feb 17, 2021	30034	53	0	0
Feb 18, 2021	31233	95	0	0
Feb 19, 2021	32603	157	0	0
Feb 20, 2021	24410	239	0	0
Feb 21, 2021	26239	20	0	0
Feb 22, 2021	28453	3	0	0
Feb 23, 2021	29827	16	0	0
Feb 24, 2021	30978	22	0	0
Feb 25, 2021	32454	72	0	0
Feb 26, 2021	34507	46	0	0
Feb 27, 2021	37097	42	0	0
Feb 28, 2021	29761	29	0	0
Mar 01, 2021	31734	4	0	0
Mar 02, 2021	33623	47	0	0
Mar 03, 2021	35055	20	0	0
Mar 04, 2021	37226	15	0	0
Mar 05, 2021	40086	19	0	0
Mar 06, 2021	43334	42	0	0
Mar 07, 2021	36040	51	0	0
Mar 08, 2021	39332	5	0	0
Mar 09, 2021	41822	7	0	0
Mar 10, 2021	44489	17	0	0
Mar 11, 2021	47793	62	0	0
Mar 12, 2021	52032	87	0	0
Mar 13, 2021	56692	72	0	0
Mar 14, 2021	48175	63	0	0
Mar 15, 2021	53455	8	0	0
Mar 16, 2021	57738	11	0	0
Mar 17, 2021	61737	18	0	0
Mar 18, 2021	66564	21	0	0
Mar 19, 2021	73270	13	0	0
Mar 20, 2021	80642	29	0	0
Mar 21, 2021	73090	39	0	0
Mar 22, 2021	80941	4	0	0
Mar 23, 2021	86207	20	0	0
Mar 24, 2021	91748	47	0	0
Mar 25, 2021	99897	56	0	0
Mar 26, 2021	109018	54	0	0
Mar 27, 2021	118104	10	0	0
Mar 28, 2021	105757	11	0	0
Mar 29, 2021	115492	16	0	0
Mar 30, 2021	124530	5	0	0
Mar 31, 2021	130239	106	0	0
Apr 01, 2021	138950	6	0	0
Apr 02, 2021	153841	17	0	0
Apr 03, 2021	165705	103	0	0
Apr 04, 2021	135682	2	0	0
Apr 05, 2021	143858	10	0	0
Apr 06, 2021	152665	382	0	0
Apr 07, 2021	158618	242	0	0
Apr 08, 2021	167473	60	0	0
Apr 09, 2021	178389	400	0	0
Apr 10, 2021	190243	225	0	0
Apr 11, 2021	146544	201	0	0
Apr 12, 2021	157500	204	0	0
Apr 13, 2021	165588	136	0	0
Apr 14, 2021	173102	161	0	0
Apr 15, 2021	183545	147	0	0
Apr 16, 2021	193480	145	0	0
Apr 17, 2021	203748	72	0	0
Apr 18, 2021	141101	150	0	0
Apr 19, 2021	141384	88	0	0
Apr 20, 2021	127030	93	0	0
Apr 21, 2021	116464	124	0	0
Apr 22, 2021	108051	105	0	0
Apr 23, 2021	102846	159	0	0
Apr 24, 2021	89531	145	0	0
Apr 25, 2021	77097	109	0	0
Apr 26, 2021	74643	70	0	0
Apr 27, 2021	71728	63	0	0
Apr 28, 2021	67828	115	0	0
Apr 29, 2021	69392	114	0	0
Apr 30, 2021	73951	89	0	0
May 01, 2021	72275	120	0	0
May 02, 2021	71519	77	0	0
May 03, 2021	69502	94	0	0
May 04, 2021	66167	97	0	0
May 05, 2021	62815	178	0	0
May 06, 2021	63228	191	0	0
May 07, 2021	66746	108	0	0
May 08, 2021	63521	169	0	0
May 09, 2021	61334	204	0	0
May 10, 2021	59914	89	0	0
May 11, 2021	56778	59	0	0
May 12, 2021	53271	94	0	0
May 13, 2021	55311	107	0	0
May 14, 2021	59015	137	0	0
May 15, 2021	56795	93	0	0
May 16, 2021	54930	139	0	0
May 17, 2021	54297	72	0	0
May 18, 2021	52373	109	0	0
May 19, 2021	50018	135	0	0
May 20, 2021	52000	116	0	0
May 21, 2021	55659	141	0	0
May 22, 2021	54346	150	0	0
May 23, 2021	50649	31	0	0
May 24, 2021	48924	39	0	0
May 25, 2021	48285	36	0	0
May 26, 2021	46171	150	0	0
May 27, 2021	48226	210	0	0
May 28, 2021	53860	187	0	0
May 29, 2021	53690	155	0	0
May 30, 2021	53811	138	0	0
May 31, 2021	54302	107	0	0
Jun 01, 2021	53287	46	0	0
Jun 02, 2021	52255	146	0	0
Jun 03, 2021	55907	198	0	0
Jun 04, 2021	60892	181	0	0
Jun 05, 2021	59647	195	0	0
Jun 06, 2021	59355	166	0	0
Jun 07, 2021	58892	71	0	0
Jun 08, 2021	56518	95	0	0
Jun 09, 2021	54062	126	0	0
Jun 10, 2021	58045	121	0	0
Jun 11, 2021	61399	196	0	0
Jun 12, 2021	60401	144	0	0
Jun 13, 2021	59872	137	0	0
Jun 14, 2021	59459	57	0	0
Jun 15, 2021	58551	118	0	0
Jun 16, 2021	56510	158	0	0
Jun 17, 2021	58494	154	0	0
Jun 18, 2021	62040	110	0	0
Jun 19, 2021	59612	152	0	0
Jun 20, 2021	57779	84	0	0
Jun 21, 2021	55900	128	0	0
Jun 22, 2021	52767	60	0	0
Jun 23, 2021	49961	119	0	0
Jun 24, 2021	51464	108	0	0
Jun 25, 2021	55388	116	0	0
Jun 26, 2021	53514	92	0	0
Jun 27, 2021	52663	128	0	0
Jun 28, 2021	52130	84	0	0
Jun 29, 2021	50084	101	0	0
Jun 30, 2021	48766	105	0	0
Jul 01, 2021	51679	134	0	0
Jul 02, 2021	55545	177	0	0
Jul 03, 2021	53815	90	0	0
Jul 04, 2021	52722	86	0	0
Jul 05, 2021	51689	43	0	0
Jul 06, 2021	49793	103	0	0
Jul 07, 2021	47668	164	0	0
Jul 08, 2021	49094	191	0	0
Jul 09, 2021	51941	70	0	0
Jul 10, 2021	50017	96	0	0
Jul 11, 2021	49835	99	0	0
Jul 12, 2021	49247	100	0	0
Jul 13, 2021	47038	77	0	0
Jul 14, 2021	44503	140	0	0
Jul 15, 2021	45636	82	0	0
Jul 16, 2021	48552	162	0	0
Jul 17, 2021	47335	121	0	0
Jul 18, 2021	47314	117	0	0
Jul 19, 2021	47588	72	0	0
Jul 20, 2021	46832	56	0	0
Jul 21, 2021	48008	32	0	0
Jul 22, 2021	50554	17	0	0
Jul 23, 2021	55204	-1	0	0
Jul 24, 2021	54449	241	0	0
Jul 25, 2021	54265	93	0	0
Jul 26, 2021	55035	22	0	0
Jul 27, 2021	56307	71	0	0
Jul 28, 2021	54783	84	0	0
Jul 29, 2021	56357	176	0	0
Jul 30, 2021	62024	145	0	0
Jul 31, 2021	60968	167	0	0
Aug 01, 2021	63620	127	0	0
Aug 02, 2021	62643	77	0	0
Aug 03, 2021	63204	48	0	0
Aug 04, 2021	63307	90	0	0
Aug 05, 2021	67048	195	0	0
Aug 06, 2021	74398	247	0	0
Aug 07, 2021	76211	162	0	0
Aug 08, 2021	77523	287	0	0
Aug 09, 2021	78512	6	0	0
Aug 10, 2021	79123	92	0	0
Aug 11, 2021	81479	154	0	0
Aug 12, 2021	87839	165	0	0
Aug 13, 2021	96635	298	0	0
Aug 14, 2021	98989	233	0	0
Aug 15, 2021	102763	269	0	0
Aug 16, 2021	106706	27	0	0
Aug 17, 2021	105855	96	0	0
Aug 18, 2021	105331	161	0	0
Aug 19, 2021	111932	258	0	0
Aug 20, 2021	123444	317	0	0
Aug 21, 2021	124023	397	0	0
Aug 22, 2021	125963	215	0	0
Aug 23, 2021	130504	151	0	0
Aug 24, 2021	127853	303	0	0
Aug 25, 2021	125503	228	0	0
Aug 26, 2021	131968	236	0	0
Aug 27, 2021	142596	113	0	0
Aug 28, 2021	142716	167	0	0
Aug 29, 2021	143314	100	0	0
Aug 30, 2021	148612	222	0	0
Aug 31, 2021	145573	117	0	0
Sep 01, 2021	141002	85	0	0
Sep 02, 2021	146587	148	0	0
Sep 03, 2021	159056	193	0	0
Sep 04, 2021	157681	188	0	0
Sep 05, 2021	157430	173	0	0
Sep 06, 2021	159731	103	0	0
Sep 07, 2021	158709	161	0	0
Sep 08, 2021	156250	174	0	0
Sep 09, 2021	166741	59	0	0
Sep 10, 2021	175495	168	0	0
Sep 11, 2021	185727	78	0	0
Sep 12, 2021	182001	167	0	0
Sep 13, 2021	180378	163	0	0
Sep 14, 2021	177794	221	0	0
Sep 15, 2021	170606	213	0	0
Sep 16, 2021	178110	277	0	0
Sep 17, 2021	188233	310	0	0
Sep 18, 2021	184167	255	0	0
Sep 19, 2021	178230	205	0	0
Sep 20, 2021	176895	146	0	0
Sep 21, 2021	171201	140	0	0
Sep 22, 2021	162646	154	0	0
Sep 23, 2021	165753	177	0	0
Sep 24, 2021	175324	0	0	0
Sep 25, 2021	165083	0	0	0
Sep 26, 2021	161447	0	0	0
Sep 27, 2021	158364	190	0	0
Sep 28, 2021	131960	379	0	0
Sep 29, 2021	132406	190	0	0
Sep 30, 2021	138384	130	0	0
Oct 01, 2021	130333	198	0	0
Oct 02, 2021	144096	164	0	0
Oct 03, 2021	111996	111	0	0
Oct 04, 2021	106156	61	0	0
Oct 05, 2021	103185	0	0	0
Oct 06, 2021	112730	0	0	0
Oct 07, 2021	115415	213	0	0
Oct 08, 2021	118350	191	0	0
Oct 09, 2021	106614	273	0	0
Oct 10, 2021	90940	119	0	0
Oct 11, 2021	98995	36	0	0
Oct 12, 2021	82292	236	0	0
Oct 13, 2021	82486	171	0	0
Oct 14, 2021	84940	154	0	0
Oct 15, 2021	79066	203	0	0
Oct 16, 2021	85060	156	0	0
Oct 17, 2021	81662	95	0	0
Oct 18, 2021	68961	86	0	0
Oct 19, 2021	63693	211	0	0
Oct 20, 2021	67168	5	0	0
Oct 21, 2021	66046	260	0	0
Oct 22, 2021	66887	283	0	0
Oct 23, 2021	63198	65	0	0
Oct 24, 2021	61068	208	0	0
Oct 25, 2021	57854	149	0	0
Oct 26, 2021	53865	135	0	0
Oct 27, 2021	50292	271	0	0
Oct 28, 2021	49885	229	0	0
Oct 29, 2021	50992	44	0	0
Oct 30, 2021	47776	423	0	0
Oct 31, 2021	45296	128	0	0
Nov 01, 2021	43288	104	0	0
Nov 02, 2021	40903	124	0	0
Nov 03, 2021	38223	186	0	0
Nov 04, 2021	37370	239	0	0
Nov 05, 2021	37494	260	0	0
Nov 06, 2021	35013	154	0	0
Nov 07, 2021	33591	191	0	0
Nov 08, 2021	32122	91	0	0
Nov 09, 2021	30620	45	0	0
Nov 10, 2021	29216	158	0	0
Nov 11, 2021	28802	141	0	0
Nov 12, 2021	29319	169	0	0
Nov 13, 2021	29382	238	0	0
Nov 14, 2021	28207	309	0	0
Nov 15, 2021	27107	128	0	0
Nov 16, 2021	25724	99	0	0
Nov 17, 2021	24122	309	0	0
Nov 18, 2021	23385	304	0	0
Nov 19, 2021	23366	277	0	0
Nov 20, 2021	22201	201	0	0
Nov 21, 2021	21261	171	0	0
Nov 22, 2021	19945	217	0	0
Nov 23, 2021	18884	195	0	0
Nov 24, 2021	18043	200	0	0
Nov 25, 2021	17923	193	0	0
Nov 26, 2021	18008	142	0	0
Nov 27, 2021	17165	188	0	0
Nov 28, 2021	16758	155	0	0
Nov 29, 2021	16328	141	0	0
Nov 30, 2021	15945	44	0	0
Dec 01, 2021	15358	167	0	0
Dec 02, 2021	15402	40	0	0
Dec 03, 2021	15203	235	0	0
Dec 04, 2021	14453	243	0	0
Dec 05, 2021	13948	156	0	0
Dec 06, 2021	13633	113	0	0
Dec 07, 2021	13170	91	0	0
Dec 08, 2021	12665	170	0	0
Dec 09, 2021	12182	176	0	0
Dec 10, 2021	12030	25	0	0
Dec 11, 2021	11546	135	0	0
Dec 12, 2021	11303	184	0	0
Dec 13, 2021	11081	61	0	0
Dec 14, 2021	10621	8	0	0
Dec 15, 2021	10233	100	0	0
Dec 16, 2021	10153	47	0	0
Dec 17, 2021	10262	73	0	0
Dec 18, 2021	9985	106	0	0
Dec 19, 2021	9764	64	0	0
Dec 20, 2021	9570	45	0	0
Dec 21, 2021	9494	10	0	0
Dec 22, 2021	9298	122	0	0
Dec 23, 2021	9307	65	0	0
Dec 24, 2021	9449	69	0	0
Dec 25, 2021	9385	137	0	0
Dec 26, 2021	9553	13	0	0
Dec 27, 2021	9733	11	0	0
Dec 28, 2021	9934	2	0	0
Dec 29, 2021	10625	27	0	0
Dec 30, 2021	11848	132	0	0
Dec 31, 2021	14268	130	0	0
Jan 01, 2022	17378	43	0	0
Jan 02, 2022	21421	25	0	0
Jan 03, 2022	25004	16	0	0
Jan 04, 2022	29862	18	0	0
Jan 05, 2022	40038	58	0	0
Jan 06, 2022	56652	80	0	0
Jan 07, 2022	77480	128	0	0
Jan 08, 2022	102001	265	0	0
Jan 09, 2022	128227	13	0	0
Jan 10, 2022	157699	144	0	0
Jan 11, 2022	181125	218	0	0
Jan 12, 2022	208142	144	0	0
Jan 13, 2022	237410	80	0	0
Jan 14, 2022	265465	81	0	0
Jan 15, 2022	280789	42	0	0
Jan 16, 2022	287831	49	0	0
Jan 17, 2022	290913	22	0	0
Jan 18, 2022	284463	34	0	0
Jan 19, 2022	270599	81	0	0
Jan 20, 2022	275415	110	0	0
Jan 21, 2022	291635	156	0	0
Jan 22, 2022	280582	96	0	0
Jan 23, 2022	273567	67	0	0
Jan 24, 2022	262997	47	0	0
Jan 25, 2022	247399	79	0	0
Jan 26, 2022	230418	64	0	0
Jan 27, 2022	226194	71	0	0
Jan 28, 2022	231657	68	0	0
Jan 29, 2022	213569	70	0	0
Jan 30, 2022	202884	20	0	0
Jan 31, 2022	190821	112	0	0
Feb 01, 2022	176071	51	0	0
Feb 02, 2022	159994	43	0	0
Feb 03, 2022	153345	71	0	0
Feb 04, 2022	151287	45	0	0
Feb 05, 2022	136609	1	0	0
Feb 06, 2022	126227	312	0	0
Feb 07, 2022	116703	12	0	0
Feb 08, 2022	105578	83	0	0
Feb 09, 2022	96237	161	0	0
Feb 10, 2022	93083	0	0	0
Feb 11, 2022	91175	72	0	0
Feb 12, 2022	84155	76	0	0
Feb 13, 2022	81499	0	0	0
Feb 14, 2022	76588	216	0	0
Feb 15, 2022	72365	0	0	0
Feb 16, 2022	68908	77	0	0
Feb 17, 2022	66653	107	0	0
Feb 18, 2022	65966	79	0	0
Feb 19, 2022	62583	198	0	0
Feb 20, 2022	60578	77	0	0
Feb 21, 2022	58650	79	0	0
Feb 22, 2022	56845	13	0	0
Feb 23, 2022	55567	201	0	0
Feb 24, 2022	55114	188	0	0
Feb 25, 2022	55239	58	0	0
Feb 26, 2022	53973	127	0	0
Feb 27, 2022	52995	51	0	0
Feb 28, 2022	52177	50	0	0
Mar 01, 2022	51636	0	0	0
Mar 02, 2022	50852	53	0	0
Mar 03, 2022	50671	34	0	0
Mar 04, 2022	50326	232	0	0
Mar 05, 2022	49500	109	0	0
Mar 06, 2022	48786	144	0	0
Mar 07, 2022	48437	43	0	0
Mar 08, 2022	47860	6	0	0
Mar 09, 2022	47113	110	0	0
Mar 10, 2022	47115	135	0	0
Mar 11, 2022	47115	0	0	0
Mar 12, 2022	46750	124	0	0
Mar 13, 2022	46537	169	0	0
Mar 14, 2022	46256	15	0	0
Mar 15, 2022	46256	0	0	0
Mar 16, 2022	45441	110	0	0
Mar 17, 2022	45389	145	0	0
Mar 18, 2022	45482	119	0	0
Mar 19, 2022	45339	24	0	0
Mar 20, 2022	45194	240	0	0
Mar 21, 2022	45021	13	0	0
Mar 22, 2022	44758	5	0	0
Mar 23, 2022	44592	282	0	0
Mar 24, 2022	44571	208	0	0
Mar 25, 2022	44147	60	0	0
Mar 26, 2022	43482	53	0	0
Mar 27, 2022	42833	131	0	0
Mar 28, 2022	41840	15	0	0
Mar 29, 2022	41145	8	0	0
Mar 30, 2022	40406	87	0	0
Mar 31, 2022	39312	124	0	0
Apr 01, 2022	38317	49	0	0
Apr 02, 2022	37086	26	0	0
Apr 03, 2022	35823	19	0	0
Apr 04, 2022	34796	22	0	0
Apr 05, 2022	33625	5	0	0
Apr 06, 2022	32455	52	0	0
Apr 07, 2022	31470	169	0	0
Apr 08, 2022	30524	69	0	0
Apr 09, 2022	29436	70	0	0
Apr 10, 2022	28379	39	0	0
Apr 11, 2022	27353	8	0	0
Apr 12, 2022	26255	1	0	0
Apr 13, 2022	25131	113	0	0
Apr 14, 2022	24174	41	0	0
Apr 15, 2022	23199	24	0	0
Apr 16, 2022	22150	8	0	0
Apr 17, 2022	21037	5	0	0
Apr 18, 2022	19921	7	0	0
Apr 19, 2022	18815	6	0	0
Apr 20, 2022	17862	8	0	0
Apr 21, 2022	16770	66	0	0
Apr 22, 2022	15778	62	0	0
Apr 23, 2022	14691	61	0	0
Apr 24, 2022	13659	3	0	0
Apr 25, 2022	12639	12	0	0
Apr 26, 2022	11579	1	0	0
Apr 27, 2022	10576	20	0	0
Apr 28, 2022	9582	52	0	0
Apr 29, 2022	8389	38	0	0
Apr 30, 2022	7164	36	0	0
May 01, 2022	5966	56	0	0
May 02, 2022	5303	13	0	0
May 03, 2022	5145	2	0	0
May 04, 2022	4692	27	0	0
May 05, 2022	4694	0	0	0
May 06, 2022	4517	0	0	0
May 07, 2022	4303	0	0	0
May 08, 2022	4103	0	0	0
May 09, 2022	3902	0	0	0
May 10, 2022	3637	0	0	0
May 11, 2022	3328	0	0	0
May 12, 2022	3177	13	0	0
May 13, 2022	3125	0	0	0
May 14, 2022	2950	0	0	0
May 15, 2022	2640	0	0	0
May 16, 2022	2377	0	0	0
May 17, 2022	2482	0	0	0
May 18, 2022	2241	0	0	0
May 19, 2022	2138	0	0	0
May 20, 2022	2116	3	0	0
May 21, 2022	2257	0	0	0
May 22, 2022	2252	0	0	0
May 23, 2022	2271	0	0	0
May 24, 2022	2235	0	0	0
May 25, 2022	2257	0	0	0
May 26, 2022	2323	0	0	0
May 27, 2022	2413	0	0	0
May 28, 2022	2433	0	0	0
May 29, 2022	2434	0	0	0
May 30, 2022	2445	0	0	0
May 31, 2022	2415	0	0	0
Jun 01, 2022	2320	0	0	0
Jun 02, 2022	2334	0	0	0
Jun 03, 2022	2441	1	0	0
Jun 04, 2022	2436	0	0	0
Jun 05, 2022	2478	0	0	0
Jun 06, 2022	2459	0	0	0
Jun 07, 2022	2437	0	0	0
Jun 08, 2022	2440	0	0	0
Jun 09, 2022	2523	0	0	0
Jun 10, 2022	2697	5	0	0
Jun 11, 2022	2805	0	0	0
Jun 12, 2022	2918	0	0	0
Jun 13, 2022	3097	0	0	0
Jun 14, 2022	3130	0	0	0
Jun 15, 2022	3194	0	0	0
Jun 16, 2022	3462	0	0	0
Jun 17, 2022	3828	6	0	0
Jun 18, 2022	4176	0	0	0
Jun 19, 2022	4529	0	0	0
Jun 20, 2022	4738	0	0	0
Jun 21, 2022	4860	9	0	0
Jun 22, 2022	5113	8	0	0
Jun 23, 2022	5495	11	0	0
Jun 24, 2022	6068	12	0	0
Jun 25, 2022	6425	0	0	0
Jun 26, 2022	6761	11	0	0
Jun 27, 2022	7087	0	0	0
Jun 28, 2022	7192	13	0	0
Jun 29, 2022	7200	11	0	0
Jun 30, 2022	7870	13	0	0
Jul 01, 2022	8706	10	0	0
Jul 02, 2022	9102	13	0	0
Jul 03, 2022	9630	14	0	0
Jul 04, 2022	10021	10	0	0
Jul 05, 2022	9957	8	0	0
Jul 06, 2022	10250	12	0	0
Jul 07, 2022	11297	3	0	0
Jul 08, 2022	12455	14	0	0
Jul 09, 2022	12948	0	0	0
Jul 10, 2022	13745	1	0	0
Jul 11, 2022	14214	0	0	0
Jul 12, 2022	14461	0	0	0
Jul 13, 2022	14859	0	0	0
Jul 14, 2022	16244	1	0	0
Jul 15, 2022	18087	0	0	0
Jul 16, 2022	18986	0	0	0
Jul 17, 2022	19870	0	0	0
Jul 18, 2022	20522	0	0	0
Jul 19, 2022	20375	0	0	0
Jul 20, 2022	20677	0	0	0
Jul 21, 2022	22206	0	0	0
Jul 22, 2022	24478	15	0	0
Jul 23, 2022	25641	14	0	0
Jul 24, 2022	27207	13	0	0
Jul 25, 2022	27624	11	0	0
Jul 26, 2022	27642	0	0	0
Jul 27, 2022	27754	0	0	0
Jul 28, 2022	29898	10	0	0
Jul 29, 2022	32635	14	0	0
Jul 30, 2022	33509	1	0	0
Jul 31, 2022	33620	8	0	0
Aug 01, 2022	34266	10	0	0
Aug 02, 2022	32099	12	0	0
Aug 03, 2022	31991	13	0	0
Aug 04, 2022	34211	11	0	0
Aug 05, 2022	37186	1	0	0
Aug 06, 2022	37344	15	0	0
Aug 07, 2022	37803	18	0	0
Aug 08, 2022	37940	30	0	0
Aug 09, 2022	36665	27	0	0
Aug 10, 2022	36030	25	0	0
Aug 11, 2022	37905	27	0	0
Aug 12, 2022	40310	28	0	0
Aug 13, 2022	40325	48	0	0
Aug 14, 2022	40013	44	0	0
Aug 15, 2022	38989	42	0	0
Aug 16, 2022	36179	49	0	0
Aug 17, 2022	35108	46	0	0
Aug 18, 2022	36108	48	0	0
Aug 19, 2022	37231	40	0	0
Aug 20, 2022	36137	47	0	0
Aug 21, 2022	35228	49	0	0
Aug 22, 2022	33738	29	0	0
Aug 23, 2022	31459	40	0	0
Aug 24, 2022	30151	50	0	0
Aug 25, 2022	30956	43	0	0
Aug 26, 2022	31479	40	0	0
Aug 27, 2022	29725	54	0	0
Aug 28, 2022	28421	54	0	0
Aug 29, 2022	27449	53	0	0
Aug 30, 2022	26105	53	0	0
Aug 31, 2022	24142	41	0	0
Sep 01, 2022	22245	50	0	0
Sep 02, 2022	23656	46	0	0
Sep 03, 2022	23508	52	0	0
Sep 04, 2022	24020	49	0	0
Sep 05, 2022	24434	51	0	0
Sep 06, 2022	23223	56	0	0
Sep 07, 2022	22836	49	0	0
Sep 08, 2022	23870	39	0	0
Sep 09, 2022	24235	43	0	0
Sep 10, 2022	25980	39	0	0
Sep 11, 2022	25672	16	0	0
Sep 12, 2022	25165	38	0	0
Sep 13, 2022	24508	40	0	0
Sep 14, 2022	24047	34	0	0
Sep 15, 2022	24850	31	0	0
Sep 16, 2022	26255	32	0	0
Sep 17, 2022	26268	35	0	0
Sep 18, 2022	26316	35	0	0
Sep 19, 2022	27685	38	0	0
Sep 20, 2022	27165	33	0	0
Sep 21, 2022	27281	37	0	0
Sep 22, 2022	27988	38	0	0
Sep 23, 2022	30056	35	0	0
Sep 24, 2022	32228	29	0	0
Sep 25, 2022	35396	31	0	0
Sep 26, 2022	36982	29	0	0
Sep 27, 2022	38312	30	0	0
Sep 28, 2022	27430	33	0	0
Sep 29, 2022	28157	34	0	0
Sep 30, 2022	29022	31	0	0
Oct 01, 2022	29528	34	0	0
Oct 02, 2022	28777	32	0	0
Oct 03, 2022	28118	29	0	0
Oct 04, 2022	26702	36	0	0
Oct 05, 2022	25734	33	0	0
Oct 06, 2022	26288	38	0	0
Oct 07, 2022	27131	42	0	0
Oct 08, 2022	26964	39	0	0
Oct 09, 2022	26377	34	0	0
Oct 10, 2022	25928	33	0	0
Oct 11, 2022	25017	32	0	0
Oct 12, 2022	24193	34	0	0
Oct 13, 2022	25304	40	0	0
Oct 14, 2022	26307	36	0	0
Oct 15, 2022	26419	38	0	0
Oct 16, 2022	25915	33	0	0
Oct 17, 2022	25865	37	0	0
Oct 18, 2022	24948	34	0	0
Oct 19, 2022	23360	44	0	0
Oct 20, 2022	23622	44	0	0
Oct 21, 2022	24197	37	0	0
Oct 22, 2022	23614	36	0	0
Oct 23, 2022	23368	37	0	0
Oct 24, 2022	22758	35	0	0
Oct 25, 2022	21926	32	0	0
Oct 26, 2022	21231	37	0	0
Oct 27, 2022	21221	38	0	0
Oct 28, 2022	21591	38	0	0
Oct 29, 2022	21185	36	0	0
Oct 30, 2022	20731	38	0	0
Oct 31, 2022	20243	41	0	0
Nov 01, 2022	19248	35	0	0
Nov 02, 2022	18702	36	0	0
Nov 03, 2022	18392	34	0	0
Nov 04, 2022	18085	32	0	0
Nov 05, 2022	17123	29	0	0
Nov 06, 2022	16615	34	0	0
Nov 07, 2022	16754	17	0	0
Nov 08, 2022	16034	7	0	0
Nov 09, 2022	15989	24	0	0
Nov 10, 2022	16526	7	0	0
Nov 11, 2022	17188	26	0	0
Nov 12, 2022	17675	27	0	0
Nov 13, 2022	19176	5	0	0
Nov 14, 2022	19821	18	0	0
Nov 15, 2022	19940	15	0	0
Nov 16, 2022	18833	12	0	0
Nov 17, 2022	18364	9	0	0
Nov 18, 2022	19303	17	0	0
Nov 19, 2022	18762	10	0	0
Nov 20, 2022	18687	8	0	0
Nov 21, 2022	18058	9	0	0
Nov 22, 2022	17565	15	0	0
Nov 23, 2022	16922	4	0	0
Nov 24, 2022	17411	20	0	0
Nov 25, 2022	17825	24	0	0
Nov 26, 2022	18378	23	0	0
Nov 27, 2022	18374	24	0	0
Nov 28, 2022	18535	13	0	0
Nov 29, 2022	18122	12	0	0
Nov 30, 2022	18075	21	0	0
Dec 01, 2022	18298	17	0	0
Dec 02, 2022	18927	24	0	0
Dec 03, 2022	18302	19	0	0
Dec 04, 2022	18274	24	0	0
Dec 05, 2022	17778	25	0	0
Dec 06, 2022	17508	20	0	0
Dec 07, 2022	17301	24	0	0
Dec 08, 2022	18025	26	0	0
Dec 09, 2022	18503	25	0	0
Dec 10, 2022	18417	11	0	0
Dec 11, 2022	18140	24	0	0
Dec 12, 2022	18385	22	0	0
Dec 13, 2022	17895	19	0	0
Dec 14, 2022	18064	23	0	0
Dec 15, 2022	18251	24	0	0
Dec 16, 2022	18951	27	0	0
Dec 17, 2022	18132	39	0	0
Dec 18, 2022	17927	30	0	0
Dec 19, 2022	17467	30	0	0
Dec 20, 2022	17276	33	0	0
Dec 21, 2022	16769	15	0	0
Dec 22, 2022	16917	30	0	0
Dec 23, 2022	16884	21	0	0
Dec 24, 2022	16526	22	0	0
Dec 25, 2022	15829	21	0	0
Dec 26, 2022	15503	26	0	0
Dec 27, 2022	14586	21	0	0
Dec 28, 2022	14033	26	0	0
Dec 29, 2022	13720	23	0	0
Dec 30, 2022	13858	27	0	0
Dec 31, 2022	13369	26	0	0
Jan 01, 2023	13086	12	0	0
Jan 02, 2023	12530	18	0	0
Jan 03, 2023	12095	20	0	0
Jan 04, 2023	11668	10	0	0
Jan 05, 2023	11816	6	0	0
Jan 06, 2023	12162	3	0	0
Jan 07, 2023	12559	10	0	0
Jan 08, 2023	12279	12	0	0
Jan 09, 2023	12306	10	0	0
Jan 10, 2023	11752	12	0	0
Jan 11, 2023	12013	11	0	0
Jan 12, 2023	11897	17	0	0
Jan 13, 2023	12525	27	0	0
Jan 14, 2023	12363	4	0	0
Jan 15, 2023	12170	33	0	0
Jan 16, 2023	11732	24	0	0
Jan 17, 2023	11393	4	0	0
Jan 18, 2023	10918	19	0	0
Jan 19, 2023	10901	17	0	0
Jan 20, 2023	10711	20	0	0
Jan 21, 2023	10579	6	0	0
Jan 22, 2023	10481	14	0	0
Jan 23, 2023	10456	22	0	0
Jan 24, 2023	10134	10	0	0
Jan 25, 2023	10155	4	0	0
Jan 26, 2023	9978	5	0	0
Jan 27, 2023	10147	18	0	0
Jan 28, 2023	9939	4	0	0
Jan 29, 2023	10028	10	0	0
Jan 30, 2023	9850	8	0	0
Jan 31, 2023	9684	4	0	0
Feb 01, 2023	9509	23	0	0
Feb 02, 2023	9663	8	0	0
Feb 03, 2023	9531	14	0	0
Feb 04, 2023	9502	15	0	0
Feb 05, 2023	9273	12	0	0
Feb 06, 2023	9374	14	0	0
Feb 07, 2023	9175	10	0	0
Feb 08, 2023	9324	11	0	0
Feb 09, 2023	9201	18	0	0
Feb 10, 2023	9362	20	0	0
Feb 11, 2023	9187	14	0	0
Feb 12, 2023	9226	11	0	0
Feb 13, 2023	9039	9	0	0
Feb 14, 2023	9140	10	0	0
Feb 15, 2023	8907	17	0	0
Feb 16, 2023	9140	14	0	0
Feb 17, 2023	9077	7	0	0
Feb 18, 2023	9246	2	0	0
Feb 19, 2023	9090	13	0	0
Feb 20, 2023	9177	9	0	0
Feb 21, 2023	9262	9	0	0
Feb 22, 2023	9135	12	0	0
Feb 23, 2023	9324	12	0	0
Feb 24, 2023	9245	13	0	0
Feb 25, 2023	9399	7	0	0
Feb 26, 2023	9232	14	0	0
Feb 27, 2023	9285	11	0	0
Feb 28, 2023	9215	3	0	0
Mar 01, 2023	9216	7	0	0
Mar 02, 2023	9300	8	0	0
Mar 03, 2023	9347	7	0	0
Mar 04, 2023	9050	10	0	0
Mar 05, 2023	8933	10	0	0
Mar 06, 2023	8927	7	0	0
Mar 07, 2023	8887	7	0	0
Mar 08, 2023	8931	9	0	0
Mar 09, 2023	9006	12	0	0
Mar 10, 2023	9107	5	0	0
Mar 11, 2023	9061	9	0	0
Mar 12, 2023	9108	8	0	0
Mar 13, 2023	9114	7	0	0
Mar 14, 2023	9071	9	0	0
Mar 15, 2023	9056	11	0	0
Mar 16, 2023	9218	8	0	0
Mar 17, 2023	9278	11	0	0
Mar 18, 2023	9259	9	0	0
Mar 19, 2023	9279	7	0	0
Mar 20, 2023	9214	6	0	0
Mar 21, 2023	9232	10	0	0
Mar 22, 2023	8396	7	0	0
Mar 23, 2023	8398	9	0	0
Mar 24, 2023	8610	12	0	0
Mar 25, 2023	8576	6	0	0
Mar 26, 2023	8604	0	0	0
Mar 27, 2023	8613	20	0	0
Mar 28, 2023	8601	9	0	0
Mar 29, 2023	8614	8	0	0
Mar 30, 2023	8735	5	0	0
Mar 31, 2023	8900	7	0	0
Apr 01, 2023	9009	13	0	0
Apr 02, 2023	9089	6	0	0
Apr 03, 2023	9463	0	0	0
Apr 04, 2023	9657	0	0	0
Apr 05, 2023	9108	6	0	0
Apr 06, 2023	9319	7	0	0
Apr 07, 2023	9548	6	0	0
Apr 08, 2023	9575	7	0	0
Apr 09, 2023	9478	4	0	0
Apr 10, 2023	9381	5	0	0
Apr 11, 2023	9309	4	0	0
Apr 12, 2023	9340	2	0	0
Apr 13, 2023	9520	2	0	0
Apr 14, 2023	9399	1	0	0
Apr 15, 2023	9467	3	0	0
Apr 16, 2023	9555	2	0	0
Apr 17, 2023	9710	2	0	0
Apr 18, 2023	9966	2	0	0
Apr 19, 2023	8227	0	0	0
Apr 20, 2023	7265	1	0	0
Apr 21, 2023	4657	0	0	0
Apr 22, 2023	4657	0	0	0
Apr 23, 2023	5642	0	0	0
Apr 24, 2023	4336	0	0	0
Apr 25, 2023	4255	0	0	0
Apr 26, 2023	4446	0	0	0
Apr 27, 2023	4960	0	0	0
Apr 28, 2023	5293	0	0	0
Apr 29, 2023	5070	0	0	0
Apr 30, 2023	5070	0	0	0
May 01, 2023	7498	0	0	0
May 02, 2023	7037	0	0	0
May 03, 2023	7565	0	0	0
May 04, 2023	8371	0	0	0
May 05, 2023	9159	0	0	0
May 06, 2023	10195	9	0	0
May 07, 2023	11408	0	0	0
May 08, 2023	12161	0	0	0
May 09, 2023	12125	0	0	0
May 10, 2023	12706	0	0	0
May 11, 2023	13964	0	0	0
May 12, 2023	15114	0	0	0
May 13, 2023	15527	0	0	0
May 14, 2023	15891	0	0	0
May 15, 2023	15895	0	0	0
May 16, 2023	15229	0	0	0
May 17, 2023	15514	0	0	0
May 18, 2023	16504	0	0	0
May 19, 2023	16577	0	0	0
May 20, 2023	16503	13	0	0
May 21, 2023	16422	0	0	0
May 22, 2023	16053	0	0	0
May 23, 2023	15323	0	0	0
May 24, 2023	15593	0	0	0
May 25, 2023	16482	0	0	0
May 26, 2023	16314	0	0	0
May 27, 2023	16196	0	0	0
May 28, 2023	16002	0	0	0
May 29, 2023	15621	0	0	0
May 30, 2023	14742	0	0	0
May 31, 2023	14838	0	0	0
Jun 01, 2023	15417	0	0	0
Jun 02, 2023	14888	10	0	0
Jun 03, 2023	14398	0	0	0
Jun 04, 2023	13808	0	0	0
Jun 05, 2023	13243	0	0	0
Jun 06, 2023	12431	5	0	0
Jun 07, 2023	12385	0	0	0
Jun 08, 2023	12716	0	0	0
Jun 09, 2023	12094	0	0	0
Jun 10, 2023	11644	0	0	0
Jun 11, 2023	11202	0	0	0
Jun 12, 2023	10761	0	0	0
Jun 13, 2023	10108	0	0	0
Jun 14, 2023	9843	0	0	0
Jun 15, 2023	9783	0	0	0
Jun 16, 2023	9335	0	0	0
Jun 17, 2023	9005	1	0	0
Jun 18, 2023	8869	0	0	0
Jun 19, 2023	9358	0	0	0
Jun 20, 2023	8270	0	0	0
Jun 21, 2023	8275	0	0	0
Jun 22, 2023	8508	0	0	0
Jun 23, 2023	8580	0	0	0
Jun 24, 2023	8353	0	0	0
Jun 25, 2023	8244	0	0	0
Jun 26, 2023	8033	0	0	0
Jun 27, 2023	7760	1	0	0
Jun 28, 2023	7777	1	0	0
Jun 29, 2023	7896	0	0	0
Jun 30, 2023	7736	0	0	0
Jul 01, 2023	6945	0	0	0
Jul 02, 2023	6925	0	0	0
Jul 03, 2023	6846	0	0	0
Jul 04, 2023	6635	0	0	0
Jul 05, 2023	6631	0	0	0
Jul 06, 2023	6771	0	0	0
Jul 07, 2023	6637	0	0	0
Jul 08, 2023	6553	0	0	0
Jul 09, 2023	6606	0	0	0
Jul 10, 2023	6437	0	0	0
Jul 11, 2023	6152	10	0	0
Jul 12, 2023	6132	5	0	0
Jul 13, 2023	6472	0	0	0
Jul 14, 2023	6029	9	0	0
Jul 15, 2023	5879	2	0	0
Jul 16, 2023	5789	0	0	0
Jul 17, 2023	5681	0	0	0
Jul 18, 2023	5470	5	0	0
Jul 19, 2023	5395	10	0	0
Jul 20, 2023	5431	10	0	0
Jul 21, 2023	5278	7	0	0
Jul 22, 2023	5199	0	0	0
Jul 23, 2023	5124	0	0	0
Jul 24, 2023	5323	0	0	0
Jul 25, 2023	4842	0	0	0
Jul 26, 2023	4768	13	0	0
Jul 27, 2023	4819	9	0	0
Jul 28, 2023	4708	7	0	0
Jul 29, 2023	4540	11	0	0
Jul 30, 2023	4428	10	0	0
Jul 31, 2023	4232	10	0	0
Aug 01, 2023	4036	10	0	0
Aug 02, 2023	3973	0	0	0
Aug 03, 2023	3964	10	0	0
Aug 04, 2023	3833	4	0	0
Aug 05, 2023	3833	0	0	0
Aug 06, 2023	4074	0	0	0
Aug 07, 2023	3422	0	0	0
Aug 08, 2023	3499	14	0	0
Aug 09, 2023	3626	3	0	0
Aug 10, 2023	3626	0	0	0
Aug 11, 2023	3626	0	0	0
Aug 12, 2023	3626	0	0	0
Aug 13, 2023	3626	0	0	0
Aug 14, 2023	3630	3	0	0
Aug 15, 2023	3630	0	0	0
Aug 16, 2023	3630	0	0	0
Aug 17, 2023	3630	0	0	0
Aug 18, 2023	3630	0	0	0
Aug 19, 2023	3630	0	0	0
Aug 20, 2023	3630	0	0	0
Aug 21, 2023	3640	0	0	0
Aug 22, 2023	3630	10	0	0
Aug 23, 2023	3630	0	0	0
Aug 24, 2023	3630	0	0	0
Aug 25, 2023	3630	0	0	0
Aug 26, 2023	3630	0	0	0
Aug 27, 2023	3630	0	0	0
Aug 28, 2023	3635	0	0	0
Aug 29, 2023	3630	5	0	0
Aug 30, 2023	3630	0	0	0
Aug 31, 2023	3630	0	0	0
Sep 01, 2023	3630	0	0	0
Sep 02, 2023	3630	0	0	0
Sep 03, 2023	3630	0	0	0
Sep 04, 2023	3636	0	0	0
Sep 05, 2023	3630	6	0	0
Sep 06, 2023	3630	0	0	0
Sep 07, 2023	3630	0	0	0
Sep 08, 2023	3630	0	0	0
Sep 09, 2023	3630	0	0	0
Sep 10, 2023	3630	0	0	0
Sep 11, 2023	3644	0	0	0
Sep 12, 2023	3630	14	0	0
Sep 13, 2023	3630	0	0	0
Sep 14, 2023	3630	0	0	0
Sep 15, 2023	3630	0	0	0
Sep 16, 2023	3630	0	0	0
Sep 17, 2023	3630	0	0	0
Sep 18, 2023	3634	0	0	0
Sep 19, 2023	3630	4	0	0
Sep 20, 2023	3630	0	0	0
Sep 21, 2023	3630	0	0	0
Sep 22, 2023	3630	0	0	0
Sep 23, 2023	3630	0	0	0
Sep 24, 2023	3630	0	0	0
Sep 25, 2023	3641	0	0	0
Sep 26, 2023	3630	11	0	0
Sep 27, 2023	3630	0	0	0
Sep 28, 2023	3630	0	0	0
Sep 29, 2023	3630	0	0	0
Sep 30, 2023	3630	0	0	0
Oct 01, 2023	3630	0	0	0
Oct 02, 2023	3630	0	0	0
Oct 03, 2023	3630	0	0	0
Oct 04, 2023	3630	0	0	0
Oct 05, 2023	3630	0	0	0
Oct 06, 2023	3630	0	0	0
Oct 07, 2023	3630	0	0	0
Oct 08, 2023	3630	0	0	0
Oct 09, 2023	3636	0	0	0
Oct 10, 2023	3630	6	0	0
Oct 11, 2023	3630	0	0	0
Oct 12, 2023	3630	0	0	0
Oct 13, 2023	3630	0	0	0
Oct 14, 2023	3630	0	0	0
Oct 15, 2023	3630	0	0	0
Oct 16, 2023	3630	0	0	0
Oct 17, 2023	3630	0	0	0
Oct 18, 2023	3630	0	0	0
Oct 19, 2023	3630	0	0	0
Oct 20, 2023	3630	0	0	0
Oct 21, 2023	2805	21	0	0
Oct 22, 2023	2805	0	0	0
Oct 23, 2023	2970	0	0	0
Oct 24, 2023	2889	11	0	0
Oct 25, 2023	2912	0	0	0
Oct 26, 2023	2762	2	0	0
Oct 27, 2023	2929	0	0	0
Oct 28, 2023	2929	0	0	0
Oct 29, 2023	2929	0	0	0
Oct 30, 2023	3383	0	0	0
Oct 31, 2023	2816	0	0	0
Nov 01, 2023	2816	0	0	0
Nov 02, 2023	3079	0	0	0
Nov 03, 2023	2792	0	0	0
Nov 04, 2023	2792	0	0	0
Nov 05, 2023	3084	0	0	0
Nov 06, 2023	2785	0	0	0
Nov 07, 2023	2747	10	0	0
Nov 08, 2023	2792	0	0	0
Nov 09, 2023	2792	0	0	0
Nov 10, 2023	2895	0	0	0
Nov 11, 2023	2895	0	0	0
Nov 12, 2023	2895	0	0	0
Nov 13, 2023	3423	0	0	0
Nov 14, 2023	3040	0	0	0
Nov 15, 2023	3334	0	0	0
Nov 16, 2023	3102	0	0	0
Nov 17, 2023	3093	0	0	0
Nov 18, 2023	3093	0	0	0
Nov 19, 2023	3454	0	0	0
Nov 20, 2023	3106	9	0	0
Nov 21, 2023	3048	0	0	0
Nov 22, 2023	3110	0	0	0
Nov 23, 2023	3203	0	0	0
Nov 24, 2023	3226	0	0	0
Nov 25, 2023	3226	0	0	0
Nov 26, 2023	3226	0	0	0
Nov 27, 2023	3226	0	0	0
Nov 28, 2023	3226	0	0	0
Nov 29, 2023	3863	0	0	0
Nov 30, 2023	3298	11	0	0
Dec 01, 2023	3186	0	0	0
Dec 02, 2023	3186	0	0	0
Dec 03, 2023	3664	0	0	0
Dec 04, 2023	3311	0	0	0
Dec 05, 2023	3332	0	0	0
Dec 06, 2023	3332	0	0	0
Dec 07, 2023	3423	0	0	0
Dec 08, 2023	3860	13	0	0
Dec 09, 2023	4150	0	0	0
Dec 10, 2023	3622	0	0	0
Dec 11, 2023	3876	0	0	0
Dec 12, 2023	3813	0	0	0
Dec 13, 2023	3813	0	0	0
Dec 14, 2023	3943	0	0	0
Dec 15, 2023	4351	0	0	0
Dec 16, 2023	4334	16	0	0
Dec 17, 2023	4784	0	0	0
Dec 18, 2023	5234	0	0	0
Dec 19, 2023	5684	0	0	0
Dec 20, 2023	4898	0	0	0
Dec 21, 2023	5091	0	0	0
Dec 22, 2023	5623	0	0	0
Dec 23, 2023	5569	0	0	0
Dec 24, 2023	5569	0	0	0
Dec 25, 2023	5569	0	0	0
Dec 26, 2023	5569	0	0	0
Dec 27, 2023	5365	18	0	0
Dec 28, 2023	5760	0	0	0
Dec 29, 2023	5757	0	0	0
Dec 30, 2023	6297	0	0	0
Dec 31, 2023	6837	0	0	0
Jan 01, 2024	7377	0	0	0
Jan 02, 2024	5509	10	0	0
Jan 03, 2024	5310	13	0	0
Jan 04, 2024	5769	0	0	0
Jan 05, 2024	5822	20	0	0
Jan 06, 2024	6087	0	0	0
Jan 07, 2024	6350	0	0	0
Jan 08, 2024	6613	0	0	0
Jan 09, 2024	6876	0	0	0
Jan 10, 2024	5636	8	0	0
Jan 11, 2024	6138	0	0	0
Jan 12, 2024	6138	0	0	0
Jan 13, 2024	6138	0	0	0
Jan 14, 2024	6138	0	0	0
Jan 15, 2024	6138	0	0	0
Jan 16, 2024	6138	0	0	0
Jan 17, 2024	6138	0	0	0
Jan 18, 2024	6138	0	0	0
Jan 19, 2024	6138	0	0	0
Jan 20, 2024	6138	0	0	0
Jan 21, 2024	6138	0	0	0
Jan 22, 2024	6138	0	0	0
Jan 23, 2024	6138	0	0	0
Jan 24, 2024	6138	0	0	0
Jan 25, 2024	6138	0	0	0
Jan 26, 2024	6138	0	0	0
Jan 27, 2024	6138	0	0	0
Jan 28, 2024	6138	0	0	0
Jan 29, 2024	6138	0	0	0
Jan 30, 2024	6138	0	0	0
Jan 31, 2024	6138	0	0	0
Feb 01, 2024	6138	0	0	0
Feb 02, 2024	6138	0	0	0
Feb 03, 2024	6138	0	0	0
Feb 04, 2024	6138	0	0	0
Feb 05, 2024	6138	0	0	0
Feb 06, 2024	6138	0	0	0
Feb 07, 2024	6138	0	0	0
Feb 08, 2024	6138	0	0	0
Feb 09, 2024	6138	0	0	0
Feb 10, 2024	6138	0	0	0
Feb 11, 2024	6138	0	0	0
Feb 12, 2024	6138	0	0	0
Feb 13, 2024	6138	0	0	0
Feb 14, 2024	6138	0	0	0
Feb 15, 2024	6138	0	0	0
Feb 16, 2024	6138	0	0	0
Feb 17, 2024	6138	0	0	0
Feb 18, 2024	6138	0	0	0
Feb 19, 2024	6138	0	0	0
Feb 20, 2024	6138	0	0	0
Feb 21, 2024	6138	0	0	0
Feb 22, 2024	6138	0	0	0
Feb 23, 2024	6138	0	0	0
Feb 24, 2024	6138	0	0	0
Feb 25, 2024	6138	0	0	0
Feb 26, 2024	6138	0	0	0
Feb 27, 2024	6138	0	0	0
Feb 28, 2024	6138	0	0	0
Feb 29, 2024	6138	0	0	0
Mar 01, 2024	6138	0	0	0
Mar 02, 2024	6138	0	0	0
Mar 03, 2024	6138	0	0	0
Mar 04, 2024	6138	0	0	0
Mar 05, 2024	6138	0	0	0
Mar 06, 2024	6138	0	0	0
Mar 07, 2024	6138	0	0	0
Mar 08, 2024	6138	0	0	0
Mar 09, 2024	6138	0	0	0
Mar 10, 2024	6138	0	0	0
Mar 11, 2024	6138	0	0	0
Mar 12, 2024	6138	0	0	0
Mar 13, 2024	6138	0	0	0
Mar 14, 2024	6138	0	0	0
Mar 15, 2024	6138	0	0	0
Mar 16, 2024	6138	0	0	0
Mar 17, 2024	6138	0	0	0
Mar 18, 2024	6138	0	0	0
Mar 19, 2024	6138	0	0	0
Mar 20, 2024	6138	0	0	0
Mar 21, 2024	6138	0	0	0
Mar 22, 2024	6138	0	0	0
Mar 23, 2024	6138	0	0	0
