Feb 15, 2020	0	null	null	null
Feb 16, 2020	0	null	0	null
Feb 17, 2020	0	null	0	null
Feb 18, 2020	0	null	0	null
Feb 19, 2020	0	null	0	null
Feb 20, 2020	0	null	0	null
Feb 21, 2020	0	null	0	null
Feb 22, 2020	0	null	0	null
Feb 23, 2020	0	null	0	null
Feb 24, 2020	0	null	0	null
Feb 25, 2020	0	null	0	null
Feb 26, 2020	0	null	0	null
Feb 27, 2020	0	null	0	null
Feb 28, 2020	0	null	0	null
Feb 29, 2020	0	null	0	null
Mar 01, 2020	0	null	0	null
Mar 02, 2020	0	null	0	null
Mar 03, 2020	0	null	0	null
Mar 04, 2020	0	null	0	null
Mar 05, 2020	0	null	0	0
Mar 06, 2020	0	null	0	4
Mar 07, 2020	0	null	0	1
Mar 08, 2020	0	null	0	5
Mar 09, 2020	0	null	0	6
Mar 10, 2020	0	null	0	5
Mar 11, 2020	0	null	0	9
Mar 12, 2020	0	null	0	20
Mar 13, 2020	0	1	0	17
Mar 14, 2020	0	1	1	36
Mar 15, 2020	0	0	0	21
Mar 16, 2020	0	1	0	52
Mar 17, 2020	0	1	0	61
Mar 18, 2020	0	0	0	49
Mar 19, 2020	0	0	0	68
Mar 20, 2020	0	0	0	70
Mar 21, 2020	0	0	0	111
Mar 22, 2020	0	2	0	98
Mar 23, 2020	0	1	0	115
Mar 24, 2020	0	2	0	152
Mar 25, 2020	0	4	6	150
Mar 26, 2020	0	2	0	170
Mar 27, 2020	0	0	0	168
Mar 28, 2020	0	2	0	249
Mar 29, 2020	0	4	0	224
Mar 30, 2020	0	9	0	193
Mar 31, 2020	0	2	0	256
Apr 01, 2020	0	10	49	243
Apr 02, 2020	0	14	0	392
Apr 03, 2020	0	14	0	437
Apr 04, 2020	0	8	60	244
Apr 05, 2020	0	15	18	475
Apr 06, 2020	0	13	28	311
Apr 07, 2020	0	22	29	435
Apr 08, 2020	0	30	31	357
Apr 09, 2020	0	15	62	370
Apr 10, 2020	0	7	34	380
Apr 11, 2020	0	27	57	401
Apr 12, 2020	0	24	64	318
Apr 13, 2020	0	13	48	260
Apr 14, 2020	0	18	131	268
Apr 15, 2020	0	23	50	380
Apr 16, 2020	0	28	106	336
Apr 17, 2020	0	18	92	461
Apr 18, 2020	0	15	115	363
Apr 19, 2020	0	13	59	545
Apr 20, 2020	0	20	93	306
Apr 21, 2020	0	21	164	263
Apr 22, 2020	0	25	216	313
Apr 23, 2020	0	28	227	342
Apr 24, 2020	0	40	204	381
Apr 25, 2020	0	30	182	381
Apr 26, 2020	0	11	139	344
Apr 27, 2020	0	27	201	285
Apr 28, 2020	0	34	189	316
Apr 29, 2020	0	28	370	422
Apr 30, 2020	0	20	211	237
May 01, 2020	0	7	255	228
May 02, 2020	0	13	271	270
May 03, 2020	0	14	183	318
May 04, 2020	0	20	150	313
May 05, 2020	0	18	185	425
May 06, 2020	0	17	375	309
May 07, 2020	0	22	207	307
May 08, 2020	0	21	322	319
May 09, 2020	0	9	253	285
May 10, 2020	0	15	261	345
May 11, 2020	0	11	118	330
May 12, 2020	0	28	315	595
May 13, 2020	0	22	279	283
May 14, 2020	0	22	286	411
May 15, 2020	0	24	222	401
May 16, 2020	0	8	257	241
May 17, 2020	0	10	276	272
May 18, 2020	0	11	177	356
May 19, 2020	0	12	275	383
May 20, 2020	0	14	280	471
May 21, 2020	0	10	269	404
May 22, 2020	0	10	279	476
May 23, 2020	0	11	246	312
May 24, 2020	0	3	217	395
May 25, 2020	0	11	82	305
May 26, 2020	0	17	744	443
May 27, 2020	0	4	310	399
May 28, 2020	0	10	230	352
May 29, 2020	0	13	132	330
May 30, 2020	0	10	324	416
May 31, 2020	0	3	255	215
Jun 01, 2020	0	10	178	379
Jun 02, 2020	0	18	277	230
Jun 03, 2020	0	23	288	292
Jun 04, 2020	0	2	213	361
Jun 05, 2020	0	20	183	362
Jun 06, 2020	0	16	231	576
Jun 07, 2020	0	4	214	575
Jun 08, 2020	0	9	143	599
Jun 09, 2020	0	17	198	400
Jun 10, 2020	0	23	215	282
Jun 11, 2020	0	9	285	359
Jun 12, 2020	0	7	109	376
Jun 13, 2020	0	15	299	440
Jun 14, 2020	0	10	122	375
Jun 15, 2020	0	9	157	396
Jun 16, 2020	0	16	271	407
Jun 17, 2020	0	14	267	506
Jun 18, 2020	0	30	396	314
Jun 19, 2020	0	18	381	301
Jun 20, 2020	0	12	483	304
Jun 21, 2020	0	10	502	311
Jun 22, 2020	0	3	393	296
Jun 23, 2020	0	16	497	300
Jun 24, 2020	0	21	561	294
Jun 25, 2020	0	16	520	298
Jun 26, 2020	0	17	564	276
Jun 27, 2020	0	6	754	319
Jun 28, 2020	0	3	576	193
Jun 29, 2020	0	6	349	247
Jun 30, 2020	0	19	384	239
Jul 01, 2020	0	14	510	382
Jul 02, 2020	0	15	418	371
Jul 03, 2020	0	15	442	259
Jul 04, 2020	0	5	476	314
Jul 05, 2020	0	5	619	231
Jul 06, 2020	0	4	220	205
Jul 07, 2020	0	7	272	257
Jul 08, 2020	0	14	640	277
Jul 09, 2020	0	9	599	262
Jul 10, 2020	0	11	571	265
Jul 11, 2020	0	6	587	305
Jul 12, 2020	0	3	513	370
Jul 13, 2020	0	5	367	299
Jul 14, 2020	0	12	241	267
Jul 15, 2020	0	6	736	264
Jul 16, 2020	0	11	436	333
Jul 17, 2020	0	7	577	353
Jul 18, 2020	0	6	419	339
Jul 19, 2020	0	6	368	358
Jul 20, 2020	0	3	247	279
Jul 21, 2020	0	9	232	399
Jul 22, 2020	0	6	368	380
Jul 23, 2020	0	9	402	418
Jul 24, 2020	0	4	456	458
Jul 25, 2020	0	9	422	584
Jul 26, 2020	0	7	334	443
Jul 27, 2020	0	5	103	337
Jul 28, 2020	0	6	187	502
Jul 29, 2020	0	12	147	512
Jul 30, 2020	0	15	453	615
Jul 31, 2020	0	7	344	657
Aug 01, 2020	0	5	387	658
Aug 02, 2020	0	10	335	548
Aug 03, 2020	0	1	172	575
Aug 04, 2020	0	6	175	680
Aug 05, 2020	0	18	265	640
Aug 06, 2020	0	18	321	726
Aug 07, 2020	0	13	399	809
Aug 08, 2020	0	13	362	843
Aug 09, 2020	0	7	288	624
Aug 10, 2020	0	2	186	619
Aug 11, 2020	0	12	273	551
Aug 12, 2020	0	9	461	715
Aug 13, 2020	0	14	350	811
Aug 14, 2020	0	14	401	832
Aug 15, 2020	0	11	491	771
Aug 16, 2020	0	8	277	594
Aug 17, 2020	0	8	229	595
Aug 18, 2020	0	11	284	597
Aug 19, 2020	0	17	456	735
Aug 20, 2020	0	12	382	767
Aug 21, 2020	0	13	548	903
Aug 22, 2020	0	13	632	900
Aug 23, 2020	0	4	522	581
Aug 24, 2020	0	5	265	548
Aug 25, 2020	0	17	336	763
Aug 26, 2020	0	17	615	729
Aug 27, 2020	0	16	698	887
Aug 28, 2020	0	8	688	791
Aug 29, 2020	0	14	751	759
Aug 30, 2020	0	1	656	631
Aug 31, 2020	0	6	446	502
Sep 01, 2020	0	19	392	550
Sep 02, 2020	0	20	835	595
Sep 03, 2020	0	14	728	612
Sep 04, 2020	0	8	1227	691
Sep 05, 2020	0	13	2526	567
Sep 06, 2020	0	7	1910	437
Sep 07, 2020	0	4	857	302
Sep 08, 2020	0	12	797	400
Sep 09, 2020	0	11	1225	421
Sep 10, 2020	0	12	934	506
Sep 11, 2020	0	10	779	594
Sep 12, 2020	0	13	877	603
Sep 13, 2020	0	6	934	502
Sep 14, 2020	0	15	438	377
Sep 15, 2020	0	24	451	605
Sep 16, 2020	0	10	562	600
Sep 17, 2020	0	16	615	837
Sep 18, 2020	0	17	587	757
Sep 19, 2020	0	12	549	1002
Sep 20, 2020	0	11	441	910
Sep 21, 2020	0	5	302	748
Sep 22, 2020	0	18	368	711
Sep 23, 2020	0	28	589	974
Sep 24, 2020	0	25	597	1136
Sep 25, 2020	0	23	582	1587
Sep 26, 2020	0	32	586	1584
Sep 27, 2020	0	8	578	1350
Sep 28, 2020	0	15	516	1306
Sep 29, 2020	0	36	535	1326
Sep 30, 2020	0	30	740	1552
Oct 01, 2020	0	30	706	1967
Oct 02, 2020	0	27	952	2292
Oct 03, 2020	0	34	856	2367
Oct 04, 2020	0	26	794	1934
Oct 05, 2020	0	29	549	2006
Oct 06, 2020	0	58	606	2236
Oct 07, 2020	0	74	1188	3003
Oct 08, 2020	0	76	1144	4280
Oct 09, 2020	0	52	1385	4739
Oct 10, 2020	0	53	1107	5300
Oct 11, 2020	0	32	1320	4178
Oct 12, 2020	0	34	899	4394
Oct 13, 2020	0	63	803	5068
Oct 14, 2020	0	116	1843	6526
Oct 15, 2020	0	91	1741	8099
Oct 16, 2020	0	132	2185	7705
Oct 17, 2020	0	84	2389	9622
Oct 18, 2020	0	49	2489	8536
Oct 19, 2020	0	41	1363	7482
Oct 20, 2020	0	107	1942	9291
Oct 21, 2020	0	130	2928	10040
Oct 22, 2020	0	168	3320	12107
Oct 23, 2020	0	153	2888	13632
Oct 24, 2020	0	178	4252	13628
Oct 25, 2020	0	87	3275	11742
Oct 26, 2020	0	45	2683	10241
Oct 27, 2020	0	130	3935	16300
Oct 28, 2020	0	236	4267	18820
Oct 29, 2020	0	301	5763	20156
Oct 30, 2020	0	202	5457	21629
Oct 31, 2020	0	280	5556	21897
Nov 01, 2020	0	152	6315	17171
Nov 02, 2020	0	92	7818	15578
Nov 03, 2020	0	227	5573	19364
Nov 04, 2020	0	372	8974	24692
Nov 05, 2020	0	367	8721	27143
Nov 06, 2020	0	445	10994	27086
Nov 07, 2020	0	349	11835	27875
Nov 08, 2020	0	236	8853	24785
Nov 09, 2020	0	173	10008	21713
Nov 10, 2020	0	330	11290	25454
Nov 11, 2020	0	429	12214	25221
Nov 12, 2020	0	275	11474	22683
Nov 13, 2020	0	419	13231	24051
Nov 14, 2020	0	548	14635	25571
Nov 15, 2020	0	303	12568	21854
Nov 16, 2020	0	143	11239	20816
Nov 17, 2020	0	357	18260	19152
Nov 18, 2020	0	603	18601	19883
Nov 19, 2020	0	637	19003	23975
Nov 20, 2020	0	626	19914	22464
Nov 21, 2020	0	574	25275	23602
Nov 22, 2020	0	330	16896	18467
Nov 23, 2020	0	156	14897	37596
Nov 24, 2020	0	540	15849	10133
Nov 25, 2020	0	674	14810	15365
Nov 26, 2020	0	580	25342	16931
Nov 27, 2020	0	579	21767	17059
Nov 28, 2020	0	599	21637	15177
Nov 29, 2020	0	283	21156	11486
Nov 30, 2020	0	121	18085	5741
Dec 01, 2020	0	449	20075	9073
Dec 02, 2020	0	609	25391	13880
Dec 03, 2020	0	620	23580	14835
Dec 04, 2020	0	531	19853	13236
Dec 05, 2020	0	502	21497	12430
Dec 06, 2020	0	228	18810	9174
Dec 07, 2020	0	92	15726	4421
Dec 08, 2020	0	411	16399	8310
Dec 09, 2020	0	568	29396	12169
Dec 10, 2020	0	470	23878	13744
Dec 11, 2020	0	544	23237	13112
Dec 12, 2020	0	502	25185	11496
Dec 13, 2020	0	188	18354	8977
Dec 14, 2020	0	96	10260	4863
Dec 15, 2020	0	349	10593	6908
Dec 16, 2020	0	605	12902	12454
Dec 17, 2020	0	431	10699	11950
Dec 18, 2020	0	426	12227	10992
Dec 19, 2020	0	483	12147	11263
Dec 20, 2020	0	143	10546	8594
Dec 21, 2020	0	77	7748	4633
Dec 22, 2020	0	309	8255	7189
Dec 23, 2020	0	472	10906	12361
Dec 24, 2020	0	497	10698	13119
Dec 25, 2020	0	240	8807	8907
Dec 26, 2020	0	69	7698	5212
Dec 27, 2020	0	57	7229	3678
Dec 28, 2020	0	29	5766	2921
Dec 29, 2020	0	307	8629	7739
Dec 30, 2020	0	568	11884	13022
Dec 31, 2020	0	534	10249	13285
Jan 01, 2021	0	400	10143	11069
Jan 02, 2021	0	102	9155	6988
Jan 03, 2021	0	61	7657	5692
Jan 04, 2021	0	42	6461	4404
Jan 05, 2021	0	341	9338	7693
Jan 06, 2021	0	553	8852	14216
Jan 07, 2021	0	187	7872	12027
Jan 08, 2021	0	331	8983	8986
Jan 09, 2021	0	439	9139	10271
Jan 10, 2021	0	177	9580	9651
Jan 11, 2021	0	78	7142	4447
Jan 12, 2021	0	326	7666	5642
Jan 13, 2021	0	482	8997	9074
Jan 14, 2021	0	383	8700	9599
Jan 15, 2021	0	386	8827	7675
Jan 16, 2021	0	369	8437	7327
Jan 17, 2021	0	142	8239	6116
Jan 18, 2021	0	52	6393	3326
Jan 19, 2021	0	291	9315	4859
Jan 20, 2021	0	444	10325	6775
Jan 21, 2021	0	420	8373	7205
Jan 22, 2021	0	345	0	6749
Jan 23, 2021	0	346	7050	6205
Jan 24, 2021	0	110	7664	4938
Jan 25, 2021	0	38	7290	2418
Jan 26, 2021	0	264	5839	4605
Jan 27, 2021	0	389	2692	6786
Jan 28, 2021	0	390	4625	7157
Jan 29, 2021	0	335	6460	6144
Jan 30, 2021	0	303	7222	5869
Jan 31, 2021	0	98	5893	4703
Feb 01, 2021	0	43	6169	2507
Feb 02, 2021	0	253	4760	4325
Feb 03, 2021	0	424	2302	6801
Feb 04, 2021	0	444	4465	6496
Feb 05, 2021	0	367	6524	6054
Feb 06, 2021	0	283	6884	5962
Feb 07, 2021	0	93	5590	4728
Feb 08, 2021	0	46	5695	2401
Feb 09, 2021	0	228	4618	4059
Feb 10, 2021	0	360	2161	6935
Feb 11, 2021	0	456	4466	7007
Feb 12, 2021	0	248	6026	6378
Feb 13, 2021	0	284	6340	6586
Feb 14, 2021	0	98	5564	5333
Feb 15, 2021	0	25	5639	2541
Feb 16, 2021	0	197	4773	5183
Feb 17, 2021	0	280	2155	8695
Feb 18, 2021	0	273	4068	9068
Feb 19, 2021	0	241	6550	8776
Feb 20, 2021	0	254	7110	8512
Feb 21, 2021	0	94	6088	7039
Feb 22, 2021	0	18	5959	3884
Feb 23, 2021	0	247	5143	6311
Feb 24, 2021	0	372	2465	12147
Feb 25, 2021	0	286	5361	12139
Feb 26, 2021	0	259	8210	11536
Feb 27, 2021	0	302	8909	12102
Feb 28, 2021	0	114	8368	10099
Mar 01, 2021	0	23	8032	4785
Mar 02, 2021	0	259	7171	7937
Mar 03, 2021	0	309	3447	15701
Mar 04, 2021	0	289	7140	15252
Mar 05, 2021	0	265	10945	15827
Mar 06, 2021	0	245	12044	14852
Mar 07, 2021	0	126	10960	13573
Mar 08, 2021	0	32	11515	6169
Mar 09, 2021	0	282	9270	9971
Mar 10, 2021	0	399	4552	17326
Mar 11, 2021	0	375	8635	21143
Mar 12, 2021	0	352	13944	18789
Mar 13, 2021	0	343	15667	21062
Mar 14, 2021	0	110	14076	17258
Mar 15, 2021	0	28	14228	10894
Mar 16, 2021	0	373	12709	14397
Mar 17, 2021	0	453	6001	25048
Mar 18, 2021	0	356	10667	27276
Mar 19, 2021	0	422	16440	26049
Mar 20, 2021	0	350	19778	26406
Mar 21, 2021	0	140	16777	21850
Mar 22, 2021	0	65	19181	14577
Mar 23, 2021	0	400	17867	17565
Mar 24, 2021	0	575	13971	29977
Mar 25, 2021	0	522	15010	34153
Mar 26, 2021	0	443	24367	35145
Mar 27, 2021	0	448	27845	31770
Mar 28, 2021	0	131	23854	29261
Mar 29, 2021	0	47	25509	16957
Mar 30, 2021	0	461	23768	20887
Mar 31, 2021	0	652	13726	32876
Apr 01, 2021	0	624	20254	35246
Apr 02, 2021	0	498	29070	30546
Apr 03, 2021	0	571	34745	28084
Apr 04, 2021	0	204	32439	22966
Apr 05, 2021	0	64	30875	9903
Apr 06, 2021	0	60	27269	8243
Apr 07, 2021	0	640	18120	14913
Apr 08, 2021	0	954	21807	27899
Apr 09, 2021	0	768	31272	28523
Apr 10, 2021	0	749	35289	24886
Apr 11, 2021	0	244	28236	21706
Apr 12, 2021	0	62	26481	11989
Apr 13, 2021	0	645	21873	13210
Apr 14, 2021	0	803	10146	21279
Apr 15, 2021	0	683	8837	21129
Apr 16, 2021	0	596	16594	17870
Apr 17, 2021	0	616	29989	15761
Apr 18, 2021	0	207	25924	12172
Apr 19, 2021	0	101	23833	7281
Apr 20, 2021	0	600	19674	9242
Apr 21, 2021	0	741	11578	13927
Apr 22, 2021	0	694	14557	12770
Apr 23, 2021	0	541	20670	10863
Apr 24, 2021	0	513	21202	9510
Apr 25, 2021	0	193	16753	7235
Apr 26, 2021	0	22	15593	3453
Apr 27, 2021	0	460	12031	5707
Apr 28, 2021	0	635	6938	8894
Apr 29, 2021	0	541	9806	8420
Apr 30, 2021	0	428	13030	6802
May 01, 2021	0	423	14048	6473
May 02, 2021	0	144	10110	4610
May 03, 2021	0	37	8876	2525
May 04, 2021	0	28	7087	2299
May 05, 2021	0	350	3753	3892
May 06, 2021	0	509	6067	6431
May 07, 2021	0	453	8308	6053
May 08, 2021	0	420	8020	4769
May 09, 2021	0	147	6422	3851
May 10, 2021	0	5	6533	2031
May 11, 2021	0	319	4211	3002
May 12, 2021	0	343	2274	3948
May 13, 2021	0	343	2232	3694
May 14, 2021	0	289	4526	3289
May 15, 2021	0	298	6358	2897
May 16, 2021	0	55	5339	2169
May 17, 2021	0	11	4729	1109
May 18, 2021	0	246	3513	1727
May 19, 2021	0	329	1716	2348
May 20, 2021	0	250	3088	2087
May 21, 2021	0	191	4011	1678
May 22, 2021	0	191	3655	1517
May 23, 2021	0	46	3038	1075
May 24, 2021	0	17	2955	565
May 25, 2021	0	151	1947	996
May 26, 2021	0	209	955	1239
May 27, 2021	0	135	1902	1227
May 28, 2021	0	117	2228	947
May 29, 2021	0	125	1964	775
May 30, 2021	0	56	1547	579
May 31, 2021	0	7	1467	330
Jun 01, 2021	0	111	983	583
Jun 02, 2021	0	128	467	657
Jun 03, 2021	0	91	988	572
Jun 04, 2021	0	26	1186	317
Jun 05, 2021	0	38	960	415
Jun 06, 2021	0	13	877	310
Jun 07, 2021	0	8	727	195
Jun 08, 2021	0	95	463	532
Jun 09, 2021	0	108	307	424
Jun 10, 2021	0	84	448	381
Jun 11, 2021	0	68	593	338
Jun 12, 2021	0	47	519	238
Jun 13, 2021	0	11	297	226
Jun 14, 2021	0	1	355	136
Jun 15, 2021	0	52	221	216
Jun 16, 2021	0	62	104	238
Jun 17, 2021	0	46	351	218
Jun 18, 2021	0	48	344	190
Jun 19, 2021	0	41	315	168
Jun 20, 2021	0	5	282	133
Jun 21, 2021	0	1	172	75
Jun 22, 2021	0	29	125	185
Jun 23, 2021	0	35	66	162
Jun 24, 2021	0	24	206	148
Jun 25, 2021	0	36	164	132
Jun 26, 2021	0	21	151	98
Jun 27, 2021	0	5	162	70
Jun 28, 2021	0	0	159	51
Jun 29, 2021	0	26	78	120
Jun 30, 2021	0	16	28	104
Jul 01, 2021	0	23	119	99
Jul 02, 2021	0	21	98	97
Jul 03, 2021	0	18	68	108
Jul 04, 2021	0	1	93	54
Jul 05, 2021	0	1	63	37
Jul 06, 2021	0	8	37	93
Jul 07, 2021	0	23	28	103
Jul 08, 2021	0	19	79	91
Jul 09, 2021	0	17	37	75
Jul 10, 2021	0	7	49	86
Jul 11, 2021	0	1	47	66
Jul 12, 2021	0	0	72	42
Jul 13, 2021	0	13	27	97
Jul 14, 2021	0	6	0	86
Jul 15, 2021	0	12	51	102
Jul 16, 2021	0	14	88	93
Jul 17, 2021	0	7	208	114
Jul 18, 2021	0	3	33	69
Jul 19, 2021	0	0	50	66
Jul 20, 2021	0	4	0	104
Jul 21, 2021	0	3	0	120
Jul 22, 2021	0	9	54	126
Jul 23, 2021	0	4	84	104
Jul 24, 2021	0	6	49	120
Jul 25, 2021	0	1	58	82
Jul 26, 2021	0	0	80	75
Jul 27, 2021	0	7	48	106
Jul 28, 2021	0	3	39	136
Jul 29, 2021	0	5	83	170
Jul 30, 2021	0	2	79	153
Jul 31, 2021	0	2	92	152
Aug 01, 2021	0	0	107	91
Aug 02, 2021	0	0	93	91
Aug 03, 2021	0	4	34	164
Aug 04, 2021	0	4	47	164
Aug 05, 2021	0	6	116	176
Aug 06, 2021	0	6	127	171
Aug 07, 2021	0	4	135	181
Aug 08, 2021	0	0	124	122
Aug 09, 2021	0	0	141	63
Aug 10, 2021	0	0	53	198
Aug 11, 2021	0	4	74	198
Aug 12, 2021	0	2	123	221
Aug 13, 2021	0	6	140	196
Aug 14, 2021	0	2	169	211
Aug 15, 2021	0	0	130	148
Aug 16, 2021	0	0	128	122
Aug 17, 2021	0	7	102	220
Aug 18, 2021	0	1	45	207
Aug 19, 2021	0	4	193	197
Aug 20, 2021	0	4	110	212
Aug 21, 2021	0	1	127	222
Aug 22, 2021	0	0	125	185
Aug 23, 2021	0	0	174	106
Aug 24, 2021	0	8	38	232
Aug 25, 2021	0	5	0	198
Aug 26, 2021	0	3	152	247
Aug 27, 2021	0	3	128	257
Aug 28, 2021	0	5	73	289
Aug 29, 2021	0	0	147	207
Aug 30, 2021	0	0	199	151
Aug 31, 2021	0	5	30	285
Sep 01, 2021	0	15	0	352
Sep 02, 2021	0	7	93	402
Sep 03, 2021	0	5	97	348
Sep 04, 2021	0	7	56	389
Sep 05, 2021	0	0	197	322
Sep 06, 2021	0	0	218	182
Sep 07, 2021	0	13	0	404
Sep 08, 2021	0	11	0	533
Sep 09, 2021	0	6	31	512
Sep 10, 2021	0	8	205	529
Sep 11, 2021	0	8	120	530
Sep 12, 2021	0	0	273	477
Sep 13, 2021	0	0	239	268
Sep 14, 2021	0	8	0	538
Sep 15, 2021	0	21	-101	769
Sep 16, 2021	0	11	124	722
Sep 17, 2021	0	8	176	651
Sep 18, 2021	0	14	208	797
Sep 19, 2021	0	1	463	541
Sep 20, 2021	0	0	429	361
Sep 21, 2021	0	15	-72	709
Sep 22, 2021	0	20	0	882
Sep 23, 2021	0	14	196	973
Sep 24, 2021	0	14	402	813
Sep 25, 2021	0	20	338	917
Sep 26, 2021	0	1	573	643
Sep 27, 2021	0	0	659	422
Sep 28, 2021	0	29	107	976
Sep 29, 2021	0	22	17	1231
Sep 30, 2021	0	27	352	1207
Oct 01, 2021	0	16	603	1362
Oct 02, 2021	0	23	620	1344
Oct 03, 2021	0	6	649	1089
Oct 04, 2021	0	0	747	686
Oct 05, 2021	0	46	136	1326
Oct 06, 2021	0	33	12	2085
Oct 07, 2021	0	29	578	2006
Oct 08, 2021	0	32	760	1894
Oct 09, 2021	0	29	842	2012
Oct 10, 2021	0	5	1090	1527
Oct 11, 2021	0	0	1167	906
Oct 12, 2021	0	49	492	2118
Oct 13, 2021	0	40	214	2639
Oct 14, 2021	0	60	805	2999
Oct 15, 2021	0	49	1457	2770
Oct 16, 2021	0	44	1437	3234
Oct 17, 2021	0	1	1728	2522
Oct 18, 2021	0	3	1716	1536
Oct 19, 2021	0	64	759	3932
Oct 20, 2021	0	75	127	5558
Oct 21, 2021	0	46	1401	5602
Oct 22, 2021	0	59	1767	5709
Oct 23, 2021	0	75	2054	6273
Oct 24, 2021	0	13	2484	4731
Oct 25, 2021	0	0	2770	2948
Oct 26, 2021	0	92	1219	6270
Oct 27, 2021	0	133	464	8365
Oct 28, 2021	0	101	2791	8394
Oct 29, 2021	0	102	4171	9395
Oct 30, 2021	0	115	4496	9800
Oct 31, 2021	0	9	4928	7155
Nov 01, 2021	0	13	6034	4897
Nov 02, 2021	0	9	4050	4519
Nov 03, 2021	0	124	1400	10425
Nov 04, 2021	0	250	4532	15516
Nov 05, 2021	0	152	6503	15909
Nov 06, 2021	0	186	6805	15204
Nov 07, 2021	0	24	8023	12491
Nov 08, 2021	0	3	9010	7317
Nov 09, 2021	0	221	5133	13640
Nov 10, 2021	0	269	2736	18555
Nov 11, 2021	0	274	3157	19074
Nov 12, 2021	0	31	9828	12971
Nov 13, 2021	0	266	13824	14292
Nov 14, 2021	0	46	14613	14444
Nov 15, 2021	0	12	14590	9533
Nov 16, 2021	0	282	9821	16592
Nov 17, 2021	0	463	4876	24269
Nov 18, 2021	0	372	11367	24899
Nov 19, 2021	0	403	15702	23246
Nov 20, 2021	0	382	17070	23455
Nov 21, 2021	0	41	11805	18924
Nov 22, 2021	0	8	13953	12333
Nov 23, 2021	0	398	11520	19987
Nov 24, 2021	0	461	6258	28395
Nov 25, 2021	0	497	14449	28187
Nov 26, 2021	0	422	21451	26741
Nov 27, 2021	0	378	22630	26180
Nov 28, 2021	0	51	22204	20594
Nov 29, 2021	0	20	22459	13141
Nov 30, 2021	0	526	15680	19086
Dec 01, 2021	0	571	10077	29062
Dec 02, 2021	0	502	17690	27352
Dec 03, 2021	0	472	25041	26964
Dec 04, 2021	0	502	25616	25581
Dec 05, 2021	0	45	25390	22389
Dec 06, 2021	0	26	25489	13253
Dec 07, 2021	0	503	16922	19373
Dec 08, 2021	0	591	10055	28543
Dec 09, 2021	0	562	16827	27455
Dec 10, 2021	0	571	25459	24989
Dec 11, 2021	0	486	26546	23762
Dec 12, 2021	0	65	25554	19450
Dec 13, 2021	0	29	25126	11379
Dec 14, 2021	0	537	19070	17458
Dec 15, 2021	0	669	10909	24265
Dec 16, 2021	0	592	17306	22097
Dec 17, 2021	0	566	24693	20022
Dec 18, 2021	0	543	26092	19397
Dec 19, 2021	0	70	23670	15977
Dec 20, 2021	0	29	22887	9610
Dec 21, 2021	0	540	16527	13798
Dec 22, 2021	0	775	8955	18015
Dec 23, 2021	0	616	16218	17140
Dec 24, 2021	0	597	22246	15393
Dec 25, 2021	0	269	21012	10789
Dec 26, 2021	0	16	19606	6250
Dec 27, 2021	0	38	18862	5036
Dec 28, 2021	0	548	13618	9839
Dec 29, 2021	0	793	6788	15572
Dec 30, 2021	0	710	11588	14319
Dec 31, 2021	0	638	15829	13614
Jan 01, 2022	0	505	15573	12033
Jan 02, 2022	0	33	14752	7180
Jan 03, 2022	0	9	9622	6419
Jan 04, 2022	0	433	3168	11671
Jan 05, 2022	0	631	2125	17197
Jan 06, 2022	0	646	8212	16575
Jan 07, 2022	0	117	13952	11899
Jan 08, 2022	0	292	12542	10901
Jan 09, 2022	0	22	12510	11108
Jan 10, 2022	0	19	11763	7781
Jan 11, 2022	0	493	3459	11406
Jan 12, 2022	0	684	3786	16169
Jan 13, 2022	0	480	9876	16880
Jan 14, 2022	0	423	14154	16044
Jan 15, 2022	0	429	14400	16890
Jan 16, 2022	0	35	10364	14668
Jan 17, 2022	0	4	9674	10441
Jan 18, 2022	0	378	6088	19654
Jan 19, 2022	0	376	1950	30586
Jan 20, 2022	0	315	5629	32834
Jan 21, 2022	0	248	9691	36667
Jan 22, 2022	0	193	11404	40911
Jan 23, 2022	0	25	12992	34085
Jan 24, 2022	0	1	14103	29150
Jan 25, 2022	0	252	5006	36991
Jan 26, 2022	0	277	1741	53420
Jan 27, 2022	0	262	12269	57662
Jan 28, 2022	0	271	24852	57257
Jan 29, 2022	0	231	30243	51731
Jan 30, 2022	0	23	36950	48248
Jan 31, 2022	0	34	40461	33482
Feb 01, 2022	0	240	29602	39114
Feb 02, 2022	0	318	22127	56051
Feb 03, 2022	0	307	33854	54477
Feb 04, 2022	0	246	53712	47533
Feb 05, 2022	0	272	59421	45746
Feb 06, 2022	0	19	61293	34703
Feb 07, 2022	0	11	56889	24404
Feb 08, 2022	0	286	43571	35960
Feb 09, 2022	0	310	32881	46872
Feb 10, 2022	0	263	44623	41389
Feb 11, 2022	0	289	56326	36483
Feb 12, 2022	0	333	55030	31331
Feb 13, 2022	0	31	49001	22070
Feb 14, 2022	0	17	48114	13473
Feb 15, 2022	0	378	33237	21870
Feb 16, 2022	0	374	22163	28754
Feb 17, 2022	0	316	30587	28906
Feb 18, 2022	0	304	40977	23968
Feb 19, 2022	0	283	37372	20894
Feb 20, 2022	0	25	32419	13703
Feb 21, 2022	0	15	34181	9568
Feb 22, 2022	0	325	44530	18799
Feb 23, 2022	0	360	34541	20440
Feb 24, 2022	0	341	33455	18258
Feb 25, 2022	0	198	17336	16724
Feb 26, 2022	0	220	10865	13945
Feb 27, 2022	0	40	7572	8899
Feb 28, 2022	0	1	18060	6560
Mar 01, 2022	0	270	16138	12980
Mar 02, 2022	0	277	13819	14729
Mar 03, 2022	0	266	12389	14074
Mar 04, 2022	0	206	10502	12471
Mar 05, 2022	0	199	5901	12738
Mar 06, 2022	0	10	4715	7695
Mar 07, 2022	0	6	12049	5609
Mar 08, 2022	0	217	9990	13177
Mar 09, 2022	0	234	9826	14402
Mar 10, 2022	0	184	8460	13434
Mar 11, 2022	0	121	8599	11634
Mar 12, 2022	0	126	4920	11114
Mar 13, 2022	0	10	3755	7577
Mar 14, 2022	0	1	11864	5293
Mar 15, 2022	0	178	9060	12690
Mar 16, 2022	0	151	8787	14473
Mar 17, 2022	0	207	7955	12272
Mar 18, 2022	0	107	7442	11655
Mar 19, 2022	0	119	4569	10377
Mar 20, 2022	0	12	3979	5695
Mar 21, 2022	0	4	11567	4175
Mar 22, 2022	0	134	9903	10137
Mar 23, 2022	0	124	8572	10431
Mar 24, 2022	0	146	8067	8984
Mar 25, 2022	0	110	7325	8236
Mar 26, 2022	0	85	3662	6631
Mar 27, 2022	0	7	2987	3493
Mar 28, 2022	0	1	9527	2366
Mar 29, 2022	0	110	10772	6606
Mar 30, 2022	0	101	11174	5736
Mar 31, 2022	0	133	7623	4983
Apr 01, 2022	0	74	6172	4051
Apr 02, 2022	0	96	2938	2096
Apr 03, 2022	0	2	1357	557
Apr 04, 2022	0	0	0	486
Apr 05, 2022	0	50	32	1879
Apr 06, 2022	0	77	0	1567
Apr 07, 2022	0	64	64	1481
Apr 08, 2022	0	58	63	1325
Apr 09, 2022	0	41	44	1416
Apr 10, 2022	0	0	0	440
Apr 11, 2022	0	0	0	382
Apr 12, 2022	0	61	79	1620
Apr 13, 2022	0	40	55	1261
Apr 14, 2022	0	39	36	1185
Apr 15, 2022	0	34	86	1199
Apr 16, 2022	0	29	64	1077
Apr 17, 2022	0	0	34	312
Apr 18, 2022	0	0	8	263
Apr 19, 2022	0	0	0	300
Apr 20, 2022	0	31	64	1526
Apr 21, 2022	0	30	56	1177
Apr 22, 2022	0	27	54	1096
Apr 23, 2022	0	22	67	1240
Apr 24, 2022	0	0	34	344
Apr 25, 2022	0	0	6	267
Apr 26, 2022	0	29	59	1356
Apr 27, 2022	0	21	62	1040
Apr 28, 2022	0	24	57	957
Apr 29, 2022	0	20	61	855
Apr 30, 2022	0	17	61	842
May 01, 2022	0	0	31	233
May 02, 2022	0	-4	25	188
May 03, 2022	0	14	28	890
May 04, 2022	0	1	0	172
May 05, 2022	0	29	49	909
May 06, 2022	0	25	36	607
May 07, 2022	0	14	52	704
May 08, 2022	0	0	25	199
May 09, 2022	0	0	7	184
May 10, 2022	0	11	39	727
May 11, 2022	0	15	29	567
May 12, 2022	0	11	45	500
May 13, 2022	0	11	24	469
May 14, 2022	0	21	30	434
May 15, 2022	0	0	12	139
May 16, 2022	0	0	13	93
May 17, 2022	0	10	18	510
May 18, 2022	0	13	20	388
May 19, 2022	0	12	27	359
May 20, 2022	0	13	14	314
May 21, 2022	0	13	34	336
May 22, 2022	0	0	12	95
May 23, 2022	0	0	2	64
May 24, 2022	0	16	23	419
May 25, 2022	0	6	45	284
May 26, 2022	0	9	30	249
May 27, 2022	0	6	27	260
May 28, 2022	0	6	24	266
May 29, 2022	0	0	4	82
May 30, 2022	0	0	3	83
May 31, 2022	0	8	12	346
Jun 01, 2022	0	7	12	255
Jun 02, 2022	0	8	20	220
Jun 03, 2022	0	4	12	237
Jun 04, 2022	0	11	31	254
Jun 05, 2022	0	0	4	62
Jun 06, 2022	0	0	7	52
Jun 07, 2022	0	6	5	337
Jun 08, 2022	0	7	14	204
Jun 09, 2022	0	6	12	274
Jun 10, 2022	0	1	9	247
Jun 11, 2022	0	2	5	263
Jun 12, 2022	0	0	6	56
Jun 13, 2022	0	0	3	45
Jun 14, 2022	0	9	2	319
Jun 15, 2022	0	7	8	234
Jun 16, 2022	0	3	16	228
Jun 17, 2022	0	0	2	48
Jun 18, 2022	0	3	7	255
Jun 19, 2022	0	0	8	65
Jun 20, 2022	0	0	2	47
Jun 21, 2022	0	7	8	374
Jun 22, 2022	0	4	5	323
Jun 23, 2022	0	1	7	304
Jun 24, 2022	0	7	10	348
Jun 25, 2022	0	5	6	344
Jun 26, 2022	0	0	3	97
Jun 27, 2022	0	0	6	87
Jun 28, 2022	0	3	5	696
Jun 29, 2022	0	4	4	544
Jun 30, 2022	0	0	3	588
Jul 01, 2022	0	5	8	642
Jul 02, 2022	0	6	10	616
Jul 03, 2022	0	0	5	158
Jul 04, 2022	0	0	2	119
Jul 05, 2022	0	2	5	1075
Jul 06, 2022	0	3	3	964
Jul 07, 2022	0	9	5	1068
Jul 08, 2022	0	0	6	1046
Jul 09, 2022	0	4	6	1264
Jul 10, 2022	0	0	3	284
Jul 11, 2022	0	0	2	226
Jul 12, 2022	0	5	7	2034
Jul 13, 2022	0	6	8	1647
Jul 14, 2022	0	4	9	1839
Jul 15, 2022	0	2	18	1974
Jul 16, 2022	0	0	4	2131
Jul 17, 2022	0	0	3	397
Jul 18, 2022	0	0	0	316
Jul 19, 2022	0	5	9	3249
Jul 20, 2022	0	11	12	2852
Jul 21, 2022	0	6	6	2993
Jul 22, 2022	0	6	15	3033
Jul 23, 2022	0	12	10	3492
Jul 24, 2022	0	0	3	641
Jul 25, 2022	0	0	2	584
Jul 26, 2022	0	14	1	5106
Jul 27, 2022	0	11	1	3691
Jul 28, 2022	0	12	0	3509
Jul 29, 2022	0	9	1	3388
Jul 30, 2022	0	14	7	3685
Jul 31, 2022	0	0	6	650
Aug 01, 2022	0	0	4	614
Aug 02, 2022	0	22	4	5641
Aug 03, 2022	0	16	3	4476
Aug 04, 2022	0	20	5	4476
Aug 05, 2022	0	17	3	4290
Aug 06, 2022	0	15	4	4410
Aug 07, 2022	0	0	7	698
Aug 08, 2022	0	0	2	594
Aug 09, 2022	0	26	0	5961
Aug 10, 2022	0	31	0	4476
Aug 11, 2022	0	20	4	4317
Aug 12, 2022	0	14	1	4223
Aug 13, 2022	0	22	8	4642
Aug 14, 2022	0	0	9	774
Aug 15, 2022	0	0	9	771
Aug 16, 2022	0	0	3	804
Aug 17, 2022	0	25	10	7172
Aug 18, 2022	0	28	18	5271
Aug 19, 2022	0	34	7	4816
Aug 20, 2022	0	21	0	4826
Aug 21, 2022	0	0	0	766
Aug 22, 2022	0	0	0	718
Aug 23, 2022	0	28	0	6172
Aug 24, 2022	0	27	0	4393
Aug 25, 2022	0	31	0	3850
Aug 26, 2022	0	40	0	3847
Aug 27, 2022	0	23	0	3933
Aug 28, 2022	0	0	0	608
Aug 29, 2022	0	0	0	550
Aug 30, 2022	0	29	0	5292
Aug 31, 2022	0	34	0	3837
Sep 01, 2022	0	26	0	3340
Sep 02, 2022	0	11	0	3451
Sep 03, 2022	0	23	0	3275
Sep 04, 2022	0	0	0	500
Sep 05, 2022	0	0	0	472
Sep 06, 2022	0	21	0	5843
Sep 07, 2022	0	20	0	4446
Sep 08, 2022	0	25	0	4220
Sep 09, 2022	0	14	0	4553
Sep 10, 2022	0	19	0	4973
Sep 11, 2022	0	0	0	648
Sep 12, 2022	0	0	0	653
Sep 13, 2022	0	28	0	7869
Sep 14, 2022	0	19	0	6131
Sep 15, 2022	0	17	0	5857
Sep 16, 2022	0	25	0	5427
Sep 17, 2022	0	10	0	5435
Sep 18, 2022	0	0	0	675
Sep 19, 2022	0	0	0	717
Sep 20, 2022	0	15	0	7674
Sep 21, 2022	0	25	0	5630
Sep 22, 2022	0	21	0	4940
Sep 23, 2022	0	19	0	4438
Sep 24, 2022	0	25	0	4527
Sep 25, 2022	0	0	0	741
Sep 26, 2022	0	0	0	729
Sep 27, 2022	0	25	0	6478
Sep 28, 2022	0	28	0	4873
Sep 29, 2022	0	30	0	4271
Sep 30, 2022	0	30	0	3887
Oct 01, 2022	0	29	0	3568
Oct 02, 2022	0	0	0	307
Oct 03, 2022	0	0	0	226
Oct 04, 2022	0	33	0	4619
Oct 05, 2022	0	29	0	3183
Oct 06, 2022	0	42	0	2886
Oct 07, 2022	0	41	0	2618
Oct 08, 2022	0	13	0	3741
Oct 09, 2022	0	0	0	463
Oct 10, 2022	0	0	0	379
Oct 11, 2022	0	45	0	3293
Oct 12, 2022	0	22	0	2360
Oct 13, 2022	0	24	0	1907
Oct 14, 2022	0	22	0	1747
Oct 15, 2022	0	31	0	1593
Oct 16, 2022	0	0	0	303
Oct 17, 2022	0	0	0	284
Oct 18, 2022	0	31	0	2259
Oct 19, 2022	0	42	0	1612
Oct 20, 2022	0	18	0	1518
Oct 21, 2022	0	24	0	1167
Oct 22, 2022	0	14	0	1118
Oct 23, 2022	0	0	0	181
Oct 24, 2022	0	0	0	171
Oct 25, 2022	0	21	0	1475
Oct 26, 2022	0	23	0	1022
Oct 27, 2022	0	22	0	975
Oct 28, 2022	0	12	0	791
Oct 29, 2022	0	17	0	806
Oct 30, 2022	0	0	0	158
Oct 31, 2022	0	0	0	149
Nov 01, 2022	0	7	0	862
Nov 02, 2022	0	0	0	153
Nov 03, 2022	0	12	0	955
Nov 04, 2022	0	14	0	693
Nov 05, 2022	0	13	0	578
Nov 06, 2022	0	0	0	100
Nov 07, 2022	0	0	0	130
Nov 08, 2022	0	8	0	745
Nov 09, 2022	0	17	0	537
Nov 10, 2022	0	10	0	492
Nov 11, 2022	0	5	0	476
Nov 12, 2022	0	0	0	73
Nov 13, 2022	0	0	0	84
Nov 14, 2022	0	0	0	85
Nov 15, 2022	0	17	0	687
Nov 16, 2022	0	15	0	506
Nov 17, 2022	0	10	0	431
Nov 18, 2022	0	15	0	358
Nov 19, 2022	0	7	0	392
Nov 20, 2022	0	0	0	71
Nov 21, 2022	0	0	0	86
Nov 22, 2022	0	8	0	596
Nov 23, 2022	0	10	0	449
Nov 24, 2022	0	4	0	454
Nov 25, 2022	0	2	0	389
Nov 26, 2022	0	8	0	421
Nov 27, 2022	0	0	0	77
Nov 28, 2022	0	0	0	93
Nov 29, 2022	0	7	0	764
Nov 30, 2022	0	6	0	584
Dec 01, 2022	0	9	0	553
Dec 02, 2022	0	4	0	542
Dec 03, 2022	0	8	0	447
Dec 04, 2022	0	0	0	105
Dec 05, 2022	0	0	0	109
Dec 06, 2022	0	6	0	913
Dec 07, 2022	0	4	0	657
Dec 08, 2022	0	15	0	648
Dec 09, 2022	0	6	0	249
Dec 10, 2022	0	11	0	388
Dec 11, 2022	0	0	0	123
Dec 12, 2022	0	0	0	208
Dec 13, 2022	0	7	0	1088
Dec 14, 2022	0	6	0	770
Dec 15, 2022	0	17	0	684
Dec 16, 2022	0	7	0	604
Dec 17, 2022	0	10	0	621
Dec 18, 2022	0	0	0	124
Dec 19, 2022	0	0	0	130
Dec 20, 2022	0	7	0	886
Dec 21, 2022	0	12	0	725
Dec 22, 2022	0	4	0	718
Dec 23, 2022	0	15	0	660
Dec 24, 2022	0	8	0	650
Dec 25, 2022	0	0	0	119
Dec 26, 2022	0	0	0	162
Dec 27, 2022	0	0	0	181
Dec 28, 2022	0	6	0	801
Dec 29, 2022	0	22	0	601
Dec 30, 2022	0	9	0	635
Dec 31, 2022	0	21	0	622
Jan 01, 2023	0	0	0	153
Jan 02, 2023	0	0	0	118
Jan 03, 2023	0	13	0	689
Jan 04, 2023	0	9	0	569
Jan 05, 2023	0	12	0	526
Jan 06, 2023	0	19	0	463
Jan 07, 2023	0	0	0	120
Jan 08, 2023	0	0	0	143
Jan 09, 2023	0	0	0	103
Jan 10, 2023	0	15	0	504
Jan 11, 2023	0	14	0	369
Jan 12, 2023	0	18	0	342
Jan 13, 2023	0	7	0	321
Jan 14, 2023	0	11	0	340
Jan 15, 2023	0	0	0	77
Jan 16, 2023	0	0	0	51
Jan 17, 2023	0	9	0	513
Jan 18, 2023	0	6	0	378
Jan 19, 2023	0	9	0	388
Jan 20, 2023	0	3	0	330
Jan 21, 2023	0	3	0	415
Jan 22, 2023	0	0	0	73
Jan 23, 2023	0	0	0	64
Jan 24, 2023	0	15	0	687
Jan 25, 2023	0	6	0	494
Jan 26, 2023	0	3	0	532
Jan 27, 2023	0	8	0	539
Jan 28, 2023	0	2	0	520
Jan 29, 2023	0	0	0	50
Jan 30, 2023	0	0	0	53
Jan 31, 2023	0	12	0	987
Feb 01, 2023	0	9	0	836
Feb 02, 2023	0	4	0	806
Feb 03, 2023	0	3	0	1124
Feb 04, 2023	0	5	0	820
Feb 05, 2023	0	0	0	121
Feb 06, 2023	0	0	0	127
Feb 07, 2023	0	6	0	1446
Feb 08, 2023	0	8	0	1209
Feb 09, 2023	0	5	0	1169
Feb 10, 2023	0	8	0	1175
Feb 11, 2023	0	4	0	1350
Feb 12, 2023	0	0	0	169
Feb 13, 2023	0	0	0	199
Feb 14, 2023	0	6	0	2315
Feb 15, 2023	0	15	0	1874
Feb 16, 2023	0	9	0	1975
Feb 17, 2023	0	8	0	1918
Feb 18, 2023	0	9	0	2029
Feb 19, 2023	0	0	0	280
Feb 20, 2023	0	0	0	274
Feb 21, 2023	0	7	0	3424
Feb 22, 2023	0	7	0	2767
Feb 23, 2023	0	10	0	2808
Feb 24, 2023	0	10	0	2654
Feb 25, 2023	0	8	0	2595
Feb 26, 2023	0	0	0	426
Feb 27, 2023	0	0	0	429
Feb 28, 2023	0	16	0	3767
Mar 01, 2023	0	14	0	2989
Mar 02, 2023	0	26	0	3028
Mar 03, 2023	0	17	0	3284
Mar 04, 2023	0	11	0	3112
Mar 05, 2023	0	0	0	427
Mar 06, 2023	0	0	0	450
Mar 07, 2023	0	18	0	4829
Mar 08, 2023	0	19	0	3904
Mar 09, 2023	0	21	0	3458
Mar 10, 2023	0	6	0	3619
Mar 11, 2023	0	14	0	3632
Mar 12, 2023	0	0	0	479
Mar 13, 2023	0	0	0	532
Mar 14, 2023	0	16	0	5080
Mar 15, 2023	0	26	0	4066
Mar 16, 2023	0	29	0	3653
Mar 17, 2023	0	8	0	3359
Mar 18, 2023	0	27	0	3202
Mar 19, 2023	0	0	0	429
Mar 20, 2023	0	2	0	390
Mar 21, 2023	0	32	0	4202
Mar 22, 2023	0	29	0	3048
Mar 23, 2023	0	17	0	2721
Mar 24, 2023	0	15	0	2345
Mar 25, 2023	0	13	0	2359
Mar 26, 2023	0	1	0	302
Mar 27, 2023	0	0	0	327
Mar 28, 2023	0	20	0	2714
Mar 29, 2023	0	31	0	1760
Mar 30, 2023	0	34	0	1540
Mar 31, 2023	0	16	0	1459
Apr 01, 2023	0	15	0	1343
Apr 02, 2023	0	0	0	205
Apr 03, 2023	0	0	0	232
Apr 04, 2023	0	17	0	1777
Apr 05, 2023	0	13	0	1237
Apr 06, 2023	0	15	0	1169
Apr 07, 2023	0	13	0	943
Apr 08, 2023	0	4	0	837
Apr 09, 2023	0	0	0	161
Apr 10, 2023	0	0	0	116
Apr 11, 2023	0	0	0	143
Apr 12, 2023	0	9	0	1387
Apr 13, 2023	0	21	0	1089
Apr 14, 2023	0	14	0	911
Apr 15, 2023	0	13	0	912
Apr 16, 2023	0	2	0	104
Apr 17, 2023	0	0	0	105
Apr 18, 2023	0	12	0	991
Apr 19, 2023	0	2	0	631
Apr 20, 2023	0	8	0	510
Apr 21, 2023	0	9	0	455
Apr 22, 2023	0	7	0	445
Apr 23, 2023	0	0	0	73
Apr 24, 2023	0	0	0	74
Apr 25, 2023	0	11	0	547
Apr 26, 2023	0	9	0	351
Apr 27, 2023	0	6	0	342
Apr 28, 2023	0	5	0	286
Apr 29, 2023	0	4	0	254
Apr 30, 2023	0	0	0	45
May 01, 2023	0	0	0	53
May 02, 2023	0	0	0	43
May 03, 2023	0	2	0	247
May 04, 2023	0	0	0	59
May 05, 2023	0	2	0	251
May 06, 2023	0	4	0	234
May 07, 2023	0	0	0	44
May 08, 2023	0	0	0	33
May 09, 2023	0	5	0	182
May 10, 2023	0	6	0	159
May 11, 2023	0	1	0	146
May 12, 2023	0	6	0	113
May 13, 2023	0	4	0	144
May 14, 2023	0	0	0	26
May 15, 2023	0	0	0	15
May 16, 2023	0	5	0	178
May 17, 2023	0	4	0	113
May 18, 2023	0	1	0	141
May 19, 2023	0	0	0	97
May 20, 2023	0	0	0	88
May 21, 2023	0	1	0	19
May 22, 2023	0	0	0	25
May 23, 2023	0	4	0	165
May 24, 2023	0	3	0	92
May 25, 2023	0	3	0	72
May 26, 2023	0	2	0	81
May 27, 2023	0	1	0	66
May 28, 2023	0	0	0	9
May 29, 2023	0	0	0	24
May 30, 2023	0	1	0	85
May 31, 2023	0	0	0	62
Jun 01, 2023	0	5	0	87
Jun 02, 2023	0	0	0	64
Jun 03, 2023	0	2	0	50
Jun 04, 2023	0	0	0	13
Jun 05, 2023	0	0	0	16
Jun 06, 2023	0	0	0	54
Jun 07, 2023	0	2	0	57
Jun 08, 2023	0	2	0	65
Jun 09, 2023	0	0	0	9
Jun 10, 2023	0	1	0	49
Jun 11, 2023	0	0	0	10
Jun 12, 2023	0	0	0	6
Jun 13, 2023	0	0	0	53
Jun 14, 2023	0	0	0	46
Jun 15, 2023	0	0	0	35
Jun 16, 2023	0	0	0	28
Jun 17, 2023	0	1	0	30
Jun 18, 2023	0	0	0	3
Jun 19, 2023	0	0	0	9
Jun 20, 2023	0	1	0	43
Jun 21, 2023	0	0	0	31
Jun 22, 2023	0	0	0	29
Jun 23, 2023	0	0	0	30
Jun 24, 2023	0	0	0	32
Jun 25, 2023	0	0	0	5
Jun 26, 2023	0	0	0	1
Jun 27, 2023	0	0	0	24
Jun 28, 2023	0	0	0	28
Jun 29, 2023	0	2	0	14
Jun 30, 2023	0	0	0	16
Jul 01, 2023	0	1	0	14
Jul 02, 2023	0	0	0	4
Jul 03, 2023	0	0	0	2
Jul 04, 2023	0	0	0	20
Jul 05, 2023	0	2	0	11
Jul 06, 2023	0	1	0	11
Jul 07, 2023	0	0	0	6
Jul 08, 2023	0	0	0	16
Jul 09, 2023	0	0	0	1
Jul 10, 2023	0	0	0	1
Jul 11, 2023	0	0	0	20
Jul 12, 2023	0	2	0	11
Jul 13, 2023	0	0	0	20
Jul 14, 2023	0	0	0	13
Jul 15, 2023	0	0	0	14
Jul 16, 2023	0	0	0	2
Jul 17, 2023	0	0	0	3
Jul 18, 2023	0	0	0	15
Jul 19, 2023	0	0	0	10
Jul 20, 2023	0	0	0	12
Jul 21, 2023	0	0	0	12
Jul 22, 2023	0	0	0	15
Jul 23, 2023	0	0	0	4
Jul 24, 2023	0	0	0	4
Jul 25, 2023	0	1	0	12
Jul 26, 2023	0	0	0	11
Jul 27, 2023	0	2	0	6
Jul 28, 2023	0	0	0	7
Jul 29, 2023	0	0	0	6
Jul 30, 2023	0	0	0	1
Jul 31, 2023	0	0	0	2
Aug 01, 2023	0	0	0	28
Aug 02, 2023	0	0	0	17
Aug 03, 2023	0	0	0	7
Aug 04, 2023	0	0	0	19
Aug 05, 2023	0	0	0	18
Aug 06, 2023	0	0	0	3
Aug 07, 2023	0	0	0	0
Aug 08, 2023	0	0	0	21
Aug 09, 2023	0	0	0	22
Aug 10, 2023	0	0	0	23
Aug 11, 2023	0	0	0	28
Aug 12, 2023	0	0	0	0
Aug 13, 2023	0	0	0	31
Aug 14, 2023	0	0	0	4
Aug 15, 2023	0	1	0	41
Aug 16, 2023	0	0	0	3
Aug 17, 2023	0	0	0	49
Aug 18, 2023	0	0	0	44
Aug 19, 2023	0	1	0	45
Aug 20, 2023	0	0	0	2
Aug 21, 2023	0	0	0	3
Aug 22, 2023	0	0	0	49
Aug 23, 2023	0	1	0	68
Aug 24, 2023	0	0	0	46
Aug 25, 2023	0	0	0	38
Aug 26, 2023	0	0	0	40
Aug 27, 2023	0	0	0	8
Aug 28, 2023	0	0	0	5
Aug 29, 2023	0	0	0	84
Aug 30, 2023	0	1	0	75
Aug 31, 2023	0	1	0	87
Sep 01, 2023	0	0	0	49
Sep 02, 2023	0	0	0	61
Sep 03, 2023	0	0	0	8
Sep 04, 2023	0	0	0	5
Sep 05, 2023	0	0	0	100
Sep 06, 2023	0	1	0	98
Sep 07, 2023	0	0	0	105
Sep 08, 2023	0	1	0	95
Sep 09, 2023	0	0	0	125
Sep 10, 2023	0	0	0	11
Sep 11, 2023	0	0	0	11
Sep 12, 2023	0	0	0	194
Sep 13, 2023	0	1	0	165
Sep 14, 2023	0	0	0	196
Sep 15, 2023	0	0	0	174
Sep 16, 2023	0	1	0	182
Sep 17, 2023	0	0	0	11
Sep 18, 2023	0	0	0	15
Sep 19, 2023	0	0	0	276
Sep 20, 2023	0	0	0	260
Sep 21, 2023	0	0	0	230
Sep 22, 2023	0	1	0	213
Sep 23, 2023	0	1	0	218
Sep 24, 2023	0	0	0	9
Sep 25, 2023	0	0	0	13
Sep 26, 2023	0	4	0	357
Sep 27, 2023	0	0	0	278
Sep 28, 2023	0	0	0	253
Sep 29, 2023	0	1	0	276
Sep 30, 2023	0	2	0	244
Oct 01, 2023	0	0	0	14
Oct 02, 2023	0	0	0	8
Oct 03, 2023	0	0	0	349
Oct 04, 2023	0	0	0	291
Oct 05, 2023	0	1	0	259
Oct 06, 2023	0	0	0	265
Oct 07, 2023	0	0	0	249
Oct 08, 2023	0	0	0	9
Oct 09, 2023	0	0	0	13
Oct 10, 2023	0	0	0	434
Oct 11, 2023	0	1	0	304
Oct 12, 2023	0	0	0	281
Oct 13, 2023	0	0	0	327
Oct 14, 2023	0	1	0	346
Oct 15, 2023	0	0	0	34
Oct 16, 2023	0	0	0	16
Oct 17, 2023	0	1	0	600
Oct 18, 2023	0	4	0	476
Oct 19, 2023	0	0	0	463
Oct 20, 2023	0	0	0	447
Oct 21, 2023	0	3	0	458
Oct 22, 2023	0	0	0	33
Oct 23, 2023	0	0	0	46
Oct 24, 2023	0	0	0	896
Oct 25, 2023	0	2	0	789
Oct 26, 2023	0	2	0	753
Oct 27, 2023	0	8	0	671
Oct 28, 2023	0	9	0	735
Oct 29, 2023	0	0	0	47
Oct 30, 2023	0	0	0	43
Oct 31, 2023	0	1	0	1103
Nov 01, 2023	0	2	0	874
Nov 02, 2023	0	0	0	52
Nov 03, 2023	0	2	0	1089
Nov 04, 2023	0	4	0	1030
Nov 05, 2023	0	0	0	59
Nov 06, 2023	0	0	0	50
Nov 07, 2023	0	4	0	1641
Nov 08, 2023	0	3	0	1191
Nov 09, 2023	0	7	0	1169
Nov 10, 2023	0	8	0	1040
Nov 11, 2023	0	4	0	997
Nov 12, 2023	0	0	0	113
Nov 13, 2023	0	0	0	76
Nov 14, 2023	0	4	0	1813
Nov 15, 2023	0	5	0	1442
Nov 16, 2023	0	4	0	1297
Nov 17, 2023	0	3	0	1330
Nov 18, 2023	0	8	0	1410
Nov 19, 2023	0	0	0	93
Nov 20, 2023	0	0	0	77
Nov 21, 2023	0	8	0	2359
Nov 22, 2023	0	1	0	1933
Nov 23, 2023	0	39	0	1589
Nov 24, 2023	0	8	0	1968
Nov 25, 2023	0	8	0	1662
Nov 26, 2023	0	0	0	102
Nov 27, 2023	0	0	0	96
Nov 28, 2023	0	6	0	3159
Nov 29, 2023	0	5	0	2505
Nov 30, 2023	0	5	0	2378
Dec 01, 2023	0	9	0	2412
Dec 02, 2023	0	5	0	2354
Dec 03, 2023	0	0	0	117
Dec 04, 2023	0	0	0	184
Dec 05, 2023	0	5	0	4174
Dec 06, 2023	0	10	0	3410
Dec 07, 2023	0	18	0	3134
Dec 08, 2023	0	8	0	2954
Dec 09, 2023	0	6	0	2993
Dec 10, 2023	0	0	0	171
Dec 11, 2023	0	0	0	168
Dec 12, 2023	0	8	0	4779
Dec 13, 2023	0	34	0	3825
Dec 14, 2023	0	25	0	3489
Dec 15, 2023	0	40	0	2915
Dec 16, 2023	0	25	0	2997
Dec 17, 2023	0	0	0	199
Dec 18, 2023	0	0	0	167
Dec 19, 2023	0	35	0	4158
Dec 20, 2023	0	27	0	3265
Dec 21, 2023	0	29	0	2845
Dec 22, 2023	0	22	0	2744
Dec 23, 2023	0	28	0	2303
Dec 24, 2023	0	0	0	139
Dec 25, 2023	0	0	0	96
Dec 26, 2023	0	0	0	100
Dec 27, 2023	0	0	0	143
Dec 28, 2023	0	22	0	2709
Dec 29, 2023	0	30	0	2025
Dec 30, 2023	0	27	0	2217
Dec 31, 2023	0	0	0	153
Jan 01, 2024	0	0	0	70
Jan 02, 2024	0	0	0	65
Jan 03, 2024	0	14	0	1880
Jan 04, 2024	0	18	0	3056
Jan 05, 2024	0	28	0	2229
Jan 06, 2024	0	19	0	1164
Jan 07, 2024	0	0	0	87
Jan 08, 2024	0	0	0	90
Jan 09, 2024	0	7	0	1433
Jan 10, 2024	0	21	0	918
Jan 11, 2024	0	8	0	856
Jan 12, 2024	0	16	0	834
Jan 13, 2024	0	16	0	800
Jan 14, 2024	0	0	0	62
Jan 15, 2024	0	0	0	68
Jan 16, 2024	0	6	0	1207
Jan 17, 2024	0	12	0	861
Jan 18, 2024	0	11	0	762
Jan 19, 2024	0	8	0	683
Jan 20, 2024	0	10	0	642
Jan 21, 2024	0	0	0	54
Jan 22, 2024	0	0	0	54
Jan 23, 2024	0	8	0	937
Jan 24, 2024	0	5	0	768
Jan 25, 2024	0	5	0	594
Jan 26, 2024	0	5	0	519
Jan 27, 2024	0	4	0	545
Jan 28, 2024	0	0	0	38
Jan 29, 2024	0	0	0	46
Jan 30, 2024	0	11	0	628
Jan 31, 2024	0	10	0	480
Feb 01, 2024	0	8	0	429
Feb 02, 2024	0	11	0	391
Feb 03, 2024	0	1	0	416
Feb 04, 2024	0	0	0	26
Feb 05, 2024	0	0	0	22
Feb 06, 2024	0	12	0	507
Feb 07, 2024	0	3	0	415
Feb 08, 2024	0	3	0	326
Feb 09, 2024	0	1	0	248
Feb 10, 2024	0	5	0	248
Feb 11, 2024	0	0	0	19
Feb 12, 2024	0	0	0	27
Feb 13, 2024	0	3	0	390
Feb 14, 2024	0	8	0	259
Feb 15, 2024	0	6	0	244
Feb 16, 2024	0	4	0	194
Feb 17, 2024	0	2	0	187
Feb 18, 2024	0	0	0	15
Feb 19, 2024	0	0	0	10
Feb 20, 2024	0	1	0	273
Feb 21, 2024	0	6	0	209
Feb 22, 2024	0	1	0	170
Feb 23, 2024	0	1	0	184
Feb 24, 2024	0	3	0	246
Feb 25, 2024	0	0	0	11
Feb 26, 2024	0	0	0	13
Feb 27, 2024	0	3	0	198
Feb 28, 2024	0	5	0	148
Feb 29, 2024	0	3	0	114
Mar 01, 2024	0	0	0	87
Mar 02, 2024	0	4	0	109
Mar 03, 2024	0	0	0	22
Mar 04, 2024	0	0	0	5
Mar 05, 2024	0	5	0	125
Mar 06, 2024	0	0	0	90
Mar 07, 2024	0	3	0	76
Mar 08, 2024	0	0	0	86
Mar 09, 2024	0	0	0	72
Mar 10, 2024	0	0	0	7
Mar 11, 2024	0	0	0	11
Mar 12, 2024	0	2	0	92
Mar 13, 2024	0	2	0	90
Mar 14, 2024	0	1	0	82
Mar 15, 2024	0	3	0	46
Mar 16, 2024	0	0	0	0
Mar 17, 2024	0	2	0	70
Mar 18, 2024	0	1	0	0
Mar 19, 2024	0	1	0	70
Mar 20, 2024	0	1	0	57
Mar 21, 2024	0	1	0	64
Mar 22, 2024	0	1	0	30
Mar 23, 2024	0	1	0	52
