Feb 15, 2020	0	null	null	null
Feb 16, 2020	0	null	0	0
Feb 17, 2020	0	null	0	0
Feb 18, 2020	0	null	0	0
Feb 19, 2020	0	null	0	0
Feb 20, 2020	0	0	0	0
Feb 21, 2020	0	0	0	0
Feb 22, 2020	0	0	0	0
Feb 23, 2020	0	0	0	0
Feb 24, 2020	0	0	0	0
Feb 25, 2020	0	0	0	2
Feb 26, 2020	0	0	0	4
Feb 27, 2020	0	0	0	19
Feb 28, 2020	0	0	0	18
Feb 29, 2020	0	0	0	39
Mar 01, 2020	0	0	0	27
Mar 02, 2020	1	0	0	56
Mar 03, 2020	1	0	0	20
Mar 04, 2020	1	0	0	67
Mar 05, 2020	5	0	0	126
Mar 06, 2020	11	0	0	209
Mar 07, 2020	11	0	1	269
Mar 08, 2020	14	0	0	236
Mar 09, 2020	17	0	0	185
Mar 10, 2020	17	0	0	338
Mar 11, 2020	25	0	0	452
Mar 12, 2020	31	0	0	540
Mar 13, 2020	37	0	5	714
Mar 14, 2020	51	0	0	761
Mar 15, 2020	55	0	0	840
Mar 16, 2020	85	0	0	1100
Mar 17, 2020	106	0	0	997
Mar 18, 2020	139	0	0	1277
Mar 19, 2020	190	1	0	1691
Mar 20, 2020	240	0	4	1469
Mar 21, 2020	289	0	4	1678
Mar 22, 2020	350	0	0	1417
Mar 23, 2020	420	0	1	3488
Mar 24, 2020	472	0	5	2224
Mar 25, 2020	626	2	7	2662
Mar 26, 2020	799	0	9	3564
Mar 27, 2020	987	1	7	3462
Mar 28, 2020	1211	0	4	4191
Mar 29, 2020	1462	4	15	2362
Mar 30, 2020	1761	1	2	3977
Mar 31, 2020	2199	8	55	6887
Apr 01, 2020	2563	7	69	4418
Apr 02, 2020	3283	6	45	1923
Apr 03, 2020	3834	4	46	4755
Apr 04, 2020	4355	9	52	3877
Apr 05, 2020	4989	2	22	1703
Apr 06, 2020	5890	2	51	3555
Apr 07, 2020	6945	11	88	3432
Apr 08, 2020	8029	5	86	3526
Apr 09, 2020	9357	13	118	3895
Apr 10, 2020	11028	18	97	3946
Apr 11, 2020	12433	12	250	2829
Apr 12, 2020	14349	24	246	1466
Apr 13, 2020	16710	18	179	2428
Apr 14, 2020	19238	22	224	4996
Apr 15, 2020	22306	28	292	2393
Apr 16, 2020	25402	34	318	2400
Apr 17, 2020	29145	41	286	368
Apr 18, 2020	33423	40	467	2335
Apr 19, 2020	39201	48	234	714
Apr 20, 2020	43270	44	155	1864
Apr 21, 2020	48434	51	427	2423
Apr 22, 2020	53066	57	547	1661
Apr 23, 2020	57327	42	471	1502
Apr 24, 2020	62439	60	677	1611
Apr 25, 2020	67657	66	682	1397
Apr 26, 2020	73435	66	517	419
Apr 27, 2020	79007	47	579	3420
Apr 28, 2020	84235	73	1110	1381
Apr 29, 2020	88141	105	1830	1675
Apr 30, 2020	93806	101	1333	1061
May 01, 2020	100042	96	1601	563
May 02, 2020	107819	53	1793	740
May 03, 2020	116768	58	1626	287
May 04, 2020	125817	76	1456	537
May 05, 2020	134054	95	1770	1029
May 06, 2020	143065	86	1462	3898
May 07, 2020	151732	88	2476	586
May 08, 2020	159528	98	2805	598
May 09, 2020	164933	104	5308	403
May 10, 2020	173467	88	2390	195
May 11, 2020	179534	94	5495	425
May 12, 2020	186615	107	3711	659
May 13, 2020	192056	96	4491	473
May 14, 2020	196410	93	5527	580
May 15, 2020	202199	113	4696	524
May 16, 2020	206340	119	4940	347
May 17, 2020	211748	94	4207	112
May 18, 2020	217747	91	2836	459
May 19, 2020	220974	115	5921	489
May 20, 2020	220341	135	9262	389
May 21, 2020	221774	127	7289	296
May 22, 2020	223374	150	7144	366
May 23, 2020	224558	139	8111	233
May 24, 2020	227641	153	5363	107
May 25, 2020	230996	92	5499	334
May 26, 2020	227406	174	12331	257
May 27, 2020	224504	161	11079	178
May 28, 2020	223916	174	8785	3098
May 29, 2020	223992	232	8264	556
May 30, 2020	224551	181	8212	1703
May 31, 2020	229267	138	4414	239
Jun 01, 2020	234146	162	3994	315
Jun 02, 2020	231719	182	11108	283
Jun 03, 2020	231105	178	8972	330
Jun 04, 2020	231101	169	8666	720
Jun 05, 2020	231626	144	8057	573
Jun 06, 2020	231576	197	8708	543
Jun 07, 2020	235083	134	5343	322
Jun 08, 2020	239999	112	3957	198
Jun 09, 2020	236714	171	11709	378
Jun 10, 2020	234516	216	10386	511
Jun 11, 2020	234754	174	8367	399
Jun 12, 2020	235338	183	8220	681
Jun 13, 2020	238659	114	5271	494
Jun 14, 2020	241966	119	5409	382
Jun 15, 2020	245580	143	4489	143
Jun 16, 2020	243868	193	9767	323
Jun 17, 2020	241481	194	10036	430
Jun 18, 2020	239468	182	9621	438
Jun 19, 2020	236816	181	10443	761
Jun 20, 2020	234358	161	10186	602
Jun 21, 2020	236858	109	5119	267
Jun 22, 2020	239658	95	4705	350
Jun 23, 2020	234917	153	12013	485
Jun 24, 2020	229546	154	12393	76
Jun 25, 2020	230225	92	6342	0
Jun 26, 2020	227861	176	8988	1490
Jun 27, 2020	225325	188	9200	490
Jun 28, 2020	226277	104	5735	490
Jun 29, 2020	228560	93	4343	263
Jun 30, 2020	225879	154	9220	508
Jul 01, 2020	221938	216	10281	861
Jul 02, 2020	222504	147	6047	618
Jul 03, 2020	220131	176	8915	546
Jul 04, 2020	217609	168	8986	526
Jul 05, 2020	220340	134	3871	600
Jul 06, 2020	223237	135	3579	165
Jul 07, 2020	219856	198	9551	446
Jul 08, 2020	217614	173	8631	622
Jul 09, 2020	215142	176	8805	583
Jul 10, 2020	213851	174	7752	617
Jul 11, 2020	211896	188	8378	628
Jul 12, 2020	214766	130	3615	627
Jul 13, 2020	218239	104	2960	270
Jul 14, 2020	215508	175	8804	480
Jul 15, 2020	211350	156	10424	390
Jul 16, 2020	209168	167	8443	501
Jul 17, 2020	207707	186	7681	785
Jul 18, 2020	206327	124	7490	812
Jul 19, 2020	208860	95	3481	812
Jul 20, 2020	211457	85	3258	328
Jul 21, 2020	208364	153	8782	548
Jul 22, 2020	204392	165	9669	937
Jul 23, 2020	201816	147	8277	997
Jul 24, 2020	199029	154	8444	1060
Jul 25, 2020	196388	146	8366	956
Jul 26, 2020	198966	77	3110	955
Jul 27, 2020	201437	85	3079	482
Jul 28, 2020	197794	150	8888	680
Jul 29, 2020	194984	169	8116	1306
Jul 30, 2020	191042	129	9322	1292
Jul 31, 2020	187608	161	8755	1263
Aug 01, 2020	184861	95	8114	0
Aug 02, 2020	186569	70	3649	2646
Aug 03, 2020	188464	79	3420	522
Aug 04, 2020	185601	144	7878	975
Aug 05, 2020	183111	139	7555	1591
Aug 06, 2020	180931	116	7331	1505
Aug 07, 2020	178818	119	7235	2147
Aug 08, 2020	177286	129	6615	1910
Aug 09, 2020	179183	77	3215	1909
Aug 10, 2020	180972	70	3259	737
Aug 11, 2020	179293	130	6494	1311
Aug 12, 2020	177143	129	7123	2369
Aug 13, 2020	175978	124	6098	2505
Aug 14, 2020	174361	114	6568	2671
Aug 15, 2020	172856	119	6447	3106
Aug 16, 2020	174200	68	3557	2829
Aug 17, 2020	175904	55	3133	463
Aug 18, 2020	173993	132	6527	2100
Aug 19, 2020	171909	117	6795	3544
Aug 20, 2020	170494	110	6090	4477
Aug 21, 2020	169457	90	5817	4304
Aug 22, 2020	168110	121	6147	3380
Aug 23, 2020	169727	73	3162	4596
Aug 24, 2020	171950	65	2456	1835
Aug 25, 2020	169874	120	6652	3101
Aug 26, 2020	168032	115	6403	5095
Aug 27, 2020	166211	121	6411	5735
Aug 28, 2020	165025	110	5905	6925
Aug 29, 2020	163938	111	5917	5117
Aug 30, 2020	166251	68	2599	5080
Aug 31, 2020	168756	83	2405	2892
Sep 01, 2020	167044	123	6318	4675
Sep 02, 2020	166417	115	5464	6585
Sep 03, 2020	165532	114	5766	6716
Sep 04, 2020	164709	121	5812	8423
Sep 05, 2020	164425	110	5379	8024
Sep 06, 2020	166736	61	2823	6636
Sep 07, 2020	169542	51	2328	3944
Sep 08, 2020	167747	122	6772	6141
Sep 09, 2020	166414	142	6409	8049
Sep 10, 2020	165734	128	5915	9237
Sep 11, 2020	165402	102	5734	8827
Sep 12, 2020	165343	119	5428	9911
Sep 13, 2020	168008	94	2690	6741
Sep 14, 2020	170985	57	2475	5779
Sep 15, 2020	170759	150	5605	7369
Sep 16, 2020	170488	132	5809	9182
Sep 17, 2020	170352	144	5754	9941
Sep 18, 2020	170784	134	5339	12402
Sep 19, 2020	171450	144	5255	12667
Sep 20, 2020	174624	79	2895	9918
Sep 21, 2020	178133	71	2616	4972
Sep 22, 2020	178212	160	5976	9392
Sep 23, 2020	178743	150	5750	12267
Sep 24, 2020	179059	149	6130	15105
Sep 25, 2020	181846	108	4317	14825
Sep 26, 2020	183196	169	6004	13525
Sep 27, 2020	187896	99	3068	10438
Sep 28, 2020	193268	61	2702	3819
Sep 29, 2020	194861	160	6479	7555
Sep 30, 2020	197307	177	5858	12054
Oct 01, 2020	200098	169	5985	13110
Oct 02, 2020	203270	186	6054	11400
Oct 03, 2020	207392	174	5563	15927
Oct 04, 2020	214500	107	3284	11792
Oct 05, 2020	222090	117	3181	4771
Oct 06, 2020	227265	188	6252	9843
Oct 07, 2020	231479	202	6699	17592
Oct 08, 2020	235727	191	7054	17013
Oct 09, 2020	240560	201	7092	19087
Oct 10, 2020	246428	197	6781	25240
Oct 11, 2020	255679	143	4240	15110
Oct 12, 2020	265353	125	3793	7981
Oct 13, 2020	271427	244	7550	12193
Oct 14, 2020	277499	239	7920	21200
Oct 15, 2020	282575	286	8392	28736
Oct 16, 2020	289008	232	8485	23542
Oct 17, 2020	295034	279	8617	30431
Oct 18, 2020	304571	185	5377	28000
Oct 19, 2020	315046	179	5328	12428
Oct 20, 2020	321392	269	9704	19208
Oct 21, 2020	325823	317	10952	25034
Oct 22, 2020	330076	290	11428	39060
Oct 23, 2020	335870	283	11263	39445
Oct 24, 2020	340528	296	11567	42626
Oct 25, 2020	349305	229	7704	48808
Oct 26, 2020	358859	219	7574	25123
Oct 27, 2020	362245	320	12844	31360
Oct 28, 2020	365740	346	12361	34194
Oct 29, 2020	368351	366	14740	44705
Oct 30, 2020	371760	355	14519	46185
Oct 31, 2020	374712	334	14854	33447
Nov 01, 2020	382873	245	10259	45258
Nov 02, 2020	390532	238	10360	51104
Nov 03, 2020	393494	355	15331	35912
Nov 04, 2020	397306	389	15567	39880
Nov 05, 2020	404180	292	12238	56292
Nov 06, 2020	407429	378	16955	58581
Nov 07, 2020	410658	364	16803	83324
Nov 08, 2020	419378	286	11492	38059
Nov 09, 2020	430198	256	10722	20732
Nov 10, 2020	435207	368	15600	22632
Nov 11, 2020	436010	432	18616	35488
Nov 12, 2020	438368	439	18811	32948
Nov 13, 2020	441205	411	18735	24147
Nov 14, 2020	444890	391	18626	31937
Nov 15, 2020	452654	352	14456	27370
Nov 16, 2020	461265	303	13864	10645
Nov 17, 2020	461178	442	22055	13630
Nov 18, 2020	456528	456	25179	26636
Nov 19, 2020	454102	463	25573	19848
Nov 20, 2020	453201	461	24758	21473
Nov 21, 2020	451535	467	26021	16780
Nov 22, 2020	457707	401	18008	12347
Nov 23, 2020	466517	361	16002	4178
Nov 24, 2020	467126	491	23226	8591
Nov 25, 2020	464546	507	25748	15280
Nov 26, 2020	464436	524	25073	12728
Nov 27, 2020	464801	496	26682	11692
Nov 28, 2020	464095	510	27296	11806
Nov 29, 2020	468332	459	21987	9182
Nov 30, 2020	477055	368	17247	3758
Dec 01, 2020	478125	569	24763	7585
Dec 02, 2020	475999	589	26882	13198
Dec 03, 2020	474088	554	29502	11914
Dec 04, 2020	472021	569	28901	10530
Dec 05, 2020	472651	508	27644	12127
Dec 06, 2020	479891	457	21342	10344
Dec 07, 2020	488727	456	18850	3201
Dec 08, 2020	489324	562	24938	12869
Dec 09, 2020	488689	559	26266	13697
Dec 10, 2020	490177	562	25877	12904
Dec 11, 2020	491978	613	26171	12581
Dec 12, 2020	493437	560	26118	13088
Dec 13, 2020	500752	488	20277	10823
Dec 14, 2020	509068	450	18562	2874
Dec 15, 2020	510367	577	24813	10822
Dec 16, 2020	509790	596	26490	16531
Dec 17, 2020	510977	587	26440	17130
Dec 18, 2020	512825	611	26093	14709
Dec 19, 2020	514340	585	26109	16484
Dec 20, 2020	521862	511	20915	12011
Dec 21, 2020	531014	493	19705	5440
Dec 22, 2020	535071	561	24158	11069
Dec 23, 2020	537325	549	24447	14010
Dec 24, 2020	539735	635	26890	20302
Dec 25, 2020	540793	563	27397	19015
Dec 26, 2020	541299	567	28185	2903
Dec 27, 2020	544641	552	24390	8279
Dec 28, 2020	551461	487	20480	2778
Dec 29, 2020	553027	562	24874	10694
Dec 30, 2020	549706	599	29235	24828
Dec 31, 2020	547938	593	28922	18700
Jan 01, 2021	548643	536	25798	18157
Jan 02, 2021	555600	447	18897	3253
Jan 03, 2021	559399	504	19847	11720
Jan 04, 2021	561114	482	21154	3774
Jan 05, 2021	562210	518	22632	19228
Jan 06, 2021	562927	445	23055	23817
Jan 07, 2021	562233	506	23729	20367
Jan 08, 2021	563754	454	21677	18594
Jan 09, 2021	562913	470	23680	18935
Jan 10, 2021	561228	456	24080	14963
Jan 11, 2021	562321	436	21786	3362
Jan 12, 2021	559969	531	24755	18536
Jan 13, 2021	553595	566	28658	22384
Jan 14, 2021	549832	570	27956	19921
Jan 15, 2021	546356	555	27636	19962
Jan 16, 2021	542547	590	27311	20088
Jan 17, 2021	542212	481	23440	15618
Jan 18, 2021	546265	471	18333	3506
Jan 19, 2021	544151	586	23262	22155
Jan 20, 2021	539416	597	25290	25135
Jan 21, 2021	533789	612	26902	21442
Jan 22, 2021	527404	580	27318	21858
Jan 23, 2021	519987	559	27779	22451
Jan 24, 2021	518178	491	22445	17301
Jan 25, 2021	518009	456	19003	3979
Jan 26, 2021	511888	564	23798	20726
Jan 27, 2021	501113	594	27922	25259
Jan 28, 2021	492901	575	26775	22307
Jan 29, 2021	485401	534	26204	21451
Jan 30, 2021	479419	512	24502	22890
Jan 31, 2021	477253	485	20040	18051
Feb 01, 2021	476295	437	18169	4079
Feb 02, 2021	470027	539	22372	21900
Feb 03, 2021	461153	526	24822	24739
Feb 04, 2021	452800	521	24546	22005
Feb 05, 2021	445379	527	23582	20776
Feb 06, 2021	438678	497	22831	19319
Feb 07, 2021	434410	432	19884	18501
Feb 08, 2021	434038	407	15881	4051
Feb 09, 2021	426732	530	21795	17708
Feb 10, 2021	418115	536	22575	23824
Feb 11, 2021	410639	553	21961	19766
Feb 12, 2021	404501	507	20720	19427
Feb 13, 2021	400095	502	18765	19924
Feb 14, 2021	398656	430	15194	15527
Feb 15, 2021	398534	394	13935	4107
Feb 16, 2021	393681	459	17627	18384
Feb 17, 2021	388123	467	17919	23478
Feb 18, 2021	382360	480	18730	21116
Feb 19, 2021	376686	470	18637	22631
Feb 20, 2021	371675	480	17484	20994
Feb 21, 2021	367988	417	16012	20689
Feb 22, 2021	367312	337	12943	4360
Feb 23, 2021	365762	417	12956	18829
Feb 24, 2021	364910	383	12218	29579
Feb 25, 2021	359560	446	16102	23839
Feb 26, 2021	354496	428	15722	23655
Feb 27, 2021	349571	439	16020	22519
Feb 28, 2021	348160	379	12391	18724
Mar 01, 2021	348121	333	11277	4413
Mar 02, 2021	343279	441	14966	21450
Mar 03, 2021	337668	452	15694	25139
Mar 04, 2021	332455	475	16123	23723
Mar 05, 2021	327553	462	15464	22060
Mar 06, 2021	323107	441	15027	21871
Mar 07, 2021	321758	368	11576	20482
Mar 08, 2021	321310	379	10322	4999
Mar 09, 2021	320488	336	9931	21868
Mar 10, 2021	315751	466	13350	28438
Mar 11, 2021	310556	459	14006	25494
Mar 12, 2021	306368	486	13496	23676
Mar 13, 2021	302933	475	12868	27927
Mar 14, 2021	303209	395	9412	24721
Mar 15, 2021	303975	404	8267	6073
Mar 16, 2021	302281	443	10644	28130
Mar 17, 2021	300097	427	10755	36131
Mar 18, 2021	297379	460	12061	32844
Mar 19, 2021	294298	443	12337	32911
Mar 20, 2021	292259	392	11279	33169
Mar 21, 2021	292444	371	8743	28699
Mar 22, 2021	293577	361	7790	35259
Mar 23, 2021	290747	427	10860	23350
Mar 24, 2021	288852	401	10355	31334
Mar 25, 2021	286799	393	10881	42831
Mar 26, 2021	284681	405	10880	39292
Mar 27, 2021	282842	387	10337	39995
Mar 28, 2021	282964	336	8630	34736
Mar 29, 2021	284102	293	7280	26843
Mar 30, 2021	282382	409	9588	26580
Mar 31, 2021	280073	408	10176	39327
Apr 01, 2021	278612	383	10247	47541
Apr 02, 2021	277172	400	9832	43804
Apr 03, 2021	276191	384	9618	18571
Apr 04, 2021	276439	357	8212	57172
Apr 05, 2021	277690	343	7052	11576
Apr 06, 2021	276727	389	8902	54241
Apr 07, 2021	275202	374	9445	28890
Apr 08, 2021	273951	365	9558	14892
Apr 09, 2021	273037	402	9662	38704
Apr 10, 2021	271760	402	9579	40620
Apr 11, 2021	272895	337	7230	32747
Apr 12, 2021	274282	277	6656	8011
Apr 13, 2021	272506	338	9611	36705
Apr 14, 2021	270986	399	9447	40827
Apr 15, 2021	269307	398	10225	35703
Apr 16, 2021	268796	397	9109	34199
Apr 17, 2021	268887	398	8832	33653
Apr 18, 2021	269739	389	7391	27538
Apr 19, 2021	271164	346	6818	6847
Apr 20, 2021	269318	379	9631	39882
Apr 21, 2021	267546	399	9644	32815
Apr 22, 2021	267211	397	8934	32205
Apr 23, 2021	266246	398	9407	30349
Apr 24, 2021	265421	399	9254	30624
Apr 25, 2021	266329	332	7540	22959
Apr 26, 2021	268145	356	6631	5586
Apr 27, 2021	267767	392	8039	28451
Apr 28, 2021	266808	387	8420	29598
Apr 29, 2021	267286	364	8442	24904
Apr 30, 2021	267214	397	8406	22803
May 01, 2021	267455	392	8637	24090
May 02, 2021	268471	342	7339	9279
May 03, 2021	270257	336	6367	3529
May 04, 2021	270935	337	6755	22871
May 05, 2021	271044	360	7506	24400
May 06, 2021	270544	351	7788	20375
May 07, 2021	270532	376	8022	17947
May 08, 2021	270236	370	8255	19468
May 09, 2021	270804	334	7517	8566
May 10, 2021	272174	321	6774	3089
May 11, 2021	272951	329	7009	18573
May 12, 2021	272199	355	8614	20175
May 13, 2021	270838	392	9349	18263
May 14, 2021	270151	393	9756	6593
May 15, 2021	268711	364	9866	14719
May 16, 2021	268301	391	8573	13089
May 17, 2021	270108	340	7181	3144
May 18, 2021	268955	364	8972	16151
May 19, 2021	266924	390	9561	17877
May 20, 2021	265777	396	9983	15415
May 21, 2021	264986	378	9350	12800
May 22, 2021	263964	386	9345	12611
May 23, 2021	265261	357	7297	9704
May 24, 2021	266898	319	6450	2229
May 25, 2021	265646	393	8743	3155
May 26, 2021	264478	406	9135	12646
May 27, 2021	263356	402	9759	13933
May 28, 2021	262819	404	9385	11268
May 29, 2021	262457	401	9250	10675
May 30, 2021	264410	355	7386	8541
May 31, 2021	265831	339	6715	1211
Jun 01, 2021	265965	372	8994	9848
Jun 02, 2021	265383	394	9020	8743
Jun 03, 2021	264540	393	9383	8161
Jun 04, 2021	264580	377	8530	6953
Jun 05, 2021	264761	399	8565	6654
Jun 06, 2021	266204	351	7369	5070
Jun 07, 2021	268547	330	6756	1166
Jun 08, 2021	269262	379	8883	6016
Jun 09, 2021	269456	399	9814	5557
Jun 10, 2021	270676	383	10096	4475
Jun 11, 2021	272597	396	10188	3871
Jun 12, 2021	275722	399	9986	3972
Jun 13, 2021	280922	357	9166	2855
Jun 14, 2021	285960	371	8312	689
Jun 15, 2021	291169	379	8597	3235
Jun 16, 2021	293914	396	10256	3058
Jun 17, 2021	296350	416	11205	2044
Jun 18, 2021	302205	453	10954	3181
Jun 19, 2021	308961	466	10684	2624
Jun 20, 2021	317493	450	8629	1815
Jun 21, 2021	326070	440	8361	487
Jun 22, 2021	331122	546	11117	2204
Jun 23, 2021	335508	548	12660	2320
Jun 24, 2021	341617	568	13505	2007
Jun 25, 2021	347385	601	14024	1986
Jun 26, 2021	354084	619	14347	2128
Jun 27, 2021	361295	599	12728	1578
Jun 28, 2021	369708	611	12626	509
Jun 29, 2021	374975	652	14697	2314
Jun 30, 2021	378992	669	16356	2457
Jul 01, 2021	384935	672	16928	2664
Jul 02, 2021	389277	679	18197	2683
Jul 03, 2021	395120	697	17899	3006
Jul 04, 2021	404115	663	15484	2549
Jul 05, 2021	413274	654	14540	796
Jul 06, 2021	417504	737	18411	3585
Jul 07, 2021	420674	725	20067	4081
Jul 08, 2021	423422	734	21336	4442
Jul 09, 2021	426630	726	21832	4580
Jul 10, 2021	433210	752	17750	4696
Jul 11, 2021	440112	749	17382	4256
Jul 12, 2021	448113	710	16429	1260
Jul 13, 2021	452469	780	19566	6950
Jul 14, 2021	454241	786	21269	8875
Jul 15, 2021	457250	791	21493	3617
Jul 16, 2021	460223	799	21932	10908
Jul 17, 2021	463115	787	21437	10949
Jul 18, 2021	468483	764	18886	12532
Jul 19, 2021	473633	719	18764	4151
Jul 20, 2021	474401	784	22218	18181
Jul 21, 2021	474738	783	22584	21539
Jul 22, 2021	475753	796	22660	21909
Jul 23, 2021	476222	795	22547	19561
Jul 24, 2021	477418	799	21952	25624
Jul 25, 2021	482033	779	18678	15242
Jul 26, 2021	488345	727	16200	5307
Jul 27, 2021	490482	779	20116	26871
Jul 28, 2021	491525	798	20579	27934
Jul 29, 2021	493162	799	20834	25190
Jul 30, 2021	495447	794	20485	24309
Jul 31, 2021	498691	792	19771	23471
Aug 01, 2021	503435	789	17271	19600
Aug 02, 2021	511265	785	14893	5184
Aug 03, 2021	513524	788	18963	26829
Aug 04, 2021	515227	790	20096	28784
Aug 05, 2021	517183	794	20370	26460
Aug 06, 2021	518910	792	20141	25077
Aug 07, 2021	520952	793	19485	25755
Aug 08, 2021	527362	787	15669	20450
Aug 09, 2021	534279	769	14474	5775
Aug 10, 2021	536136	792	18729	28576
Aug 11, 2021	536841	799	20067	30920
Aug 12, 2021	537770	808	20195	28554
Aug 13, 2021	539864	815	19368	26453
Aug 14, 2021	541639	819	19550	24427
Aug 15, 2021	546021	816	16426	21172
Aug 16, 2021	550379	806	15601	5829
Aug 17, 2021	552125	805	18407	28114
Aug 18, 2021	551527	799	20713	28405
Aug 19, 2021	547777	791	24017	23973
Aug 20, 2021	547633	785	20351	22319
Aug 21, 2021	547189	797	20647	22636
Aug 22, 2021	551577	762	15414	17300
Aug 23, 2021	554854	776	15401	5166
Aug 24, 2021	554257	794	18636	24853
Aug 25, 2021	553330	809	19654	23706
Aug 26, 2021	552479	820	19661	19683
Aug 27, 2021	551973	798	19217	18249
Aug 28, 2021	551255	799	19411	17590
Aug 29, 2021	552940	797	16804	13630
Aug 30, 2021	556293	792	14180	3795
Aug 31, 2021	554687	795	18624	19425
Sep 01, 2021	553940	790	18325	17621
Sep 02, 2021	553458	798	18669	15911
Sep 03, 2021	552825	799	18690	13466
Sep 04, 2021	552072	796	18737	13336
Sep 05, 2021	554668	793	15256	10410
Sep 06, 2021	557458	790	14276	3042
Sep 07, 2021	556845	795	17243	14534
Sep 08, 2021	555810	797	18262	12828
Sep 09, 2021	553757	794	19639	10969
Sep 10, 2021	554188	789	17121	9966
Sep 11, 2021	554395	796	17888	9601
Sep 12, 2021	557664	788	14497	7679
Sep 13, 2021	562654	719	12469	2062
Sep 14, 2021	563803	781	15907	10327
Sep 15, 2021	564813	792	17039	9144
Sep 16, 2021	566287	794	17326	8128
Sep 17, 2021	568782	791	16619	7373
Sep 18, 2021	572065	799	16247	7414
Sep 19, 2021	578028	793	13418	5814
Sep 20, 2021	585002	778	11992	1515
Sep 21, 2021	587932	812	15437	7851
Sep 22, 2021	590719	817	16102	6794
Sep 23, 2021	594770	820	16567	6229
Sep 24, 2021	599493	828	15828	5879
Sep 25, 2021	604387	822	16325	6012
Sep 26, 2021	612409	805	13671	4706
Sep 27, 2021	620353	779	13513	1309
Sep 28, 2021	623692	852	17368	6765
Sep 29, 2021	626809	857	18456	5835
Sep 30, 2021	631004	867	18826	5204
Oct 01, 2021	634684	887	19955	4935
Oct 02, 2021	641165	886	17852	4948
Oct 03, 2021	650653	890	15391	3744
Oct 04, 2021	661025	883	14526	1138
Oct 05, 2021	666672	895	18568	5558
Oct 06, 2021	671035	929	19841	4946
Oct 07, 2021	677331	924	20330	4615
Oct 08, 2021	683075	936	20566	4470
Oct 09, 2021	690420	968	21049	4734
Oct 10, 2021	700831	962	17274	3991
Oct 11, 2021	713823	957	15460	1120
Oct 12, 2021	720334	973	20706	5880
Oct 13, 2021	726266	984	21801	5578
Oct 14, 2021	734909	986	21670	5187
Oct 15, 2021	743839	998	22268	6099
Oct 16, 2021	754162	1002	21883	4899
Oct 17, 2021	768751	997	18717	3778
Oct 18, 2021	785647	998	16431	1057
Oct 19, 2021	794946	1015	23426	5934
Oct 20, 2021	802760	1028	25231	6036
Oct 21, 2021	812168	1036	25895	6127
Oct 22, 2021	822792	1064	25453	6366
Oct 23, 2021	833318	1075	26077	6291
Oct 24, 2021	845122	1072	22784	5005
Oct 25, 2021	861293	1069	20690	1295
Oct 26, 2021	869660	1106	26973	6603
Oct 27, 2021	875968	1123	29151	6528
Oct 28, 2021	885587	1159	29318	6461
Oct 29, 2021	893811	1163	30462	6433
Oct 30, 2021	903993	1160	28909	7360
Oct 31, 2021	916713	1158	27115	6329
Nov 01, 2021	932773	1155	23187	1866
Nov 02, 2021	939698	1178	30905	2039
Nov 03, 2021	946145	1189	32807	10050
Nov 04, 2021	953239	1195	31928	9502
Nov 05, 2021	964177	1192	28605	8998
Nov 06, 2021	975123	1188	29201	9605
Nov 07, 2021	986303	1179	26806	8547
Nov 08, 2021	998931	1190	25582	2197
Nov 09, 2021	1004844	1211	32036	12476
Nov 10, 2021	1007098	1239	34565	11883
Nov 11, 2021	1013464	1237	33156	12603
Nov 12, 2021	1018707	1235	33645	3860
Nov 13, 2021	1022920	1241	33802	14646
Nov 14, 2021	1030703	1219	29821	12496
Nov 15, 2021	1040210	1211	27702	3241
Nov 16, 2021	1041627	1240	34161	19778
Nov 17, 2021	1040618	1247	36388	20294
Nov 18, 2021	1040327	1251	36414	20366
Nov 19, 2021	1039225	1254	37004	21220
Nov 20, 2021	1038919	1254	36172	22678
Nov 21, 2021	1042133	1252	32504	19749
Nov 22, 2021	1047860	1241	28713	5266
Nov 23, 2021	1044562	1243	36051	30454
Nov 24, 2021	1040198	1240	36682	32591
Nov 25, 2021	1034306	1238	38450	33464
Nov 26, 2021	1031616	1235	36145	34436
Nov 27, 2021	1027829	1239	36494	37218
Nov 28, 2021	1029507	1224	30646	31648
Nov 29, 2021	1034458	1209	27700	8279
Nov 30, 2021	1032435	1229	33442	47177
Dec 01, 2021	1028367	1226	35679	49610
Dec 02, 2021	1025350	1221	35185	48416
Dec 03, 2021	1020549	1217	36514	49858
Dec 04, 2021	1017126	1215	35182	51624
Dec 05, 2021	1017929	1206	30593	42252
Dec 06, 2021	1020811	1184	28070	11308
Dec 07, 2021	1016110	1182	34615	59019
Dec 08, 2021	1008707	1179	36976	61340
Dec 09, 2021	1001941	1181	35794	56854
Dec 10, 2021	995981	1176	35657	55339
Dec 11, 2021	988652	1171	36446	53720
Dec 12, 2021	986058	1132	31391	43848
Dec 13, 2021	985934	1121	28561	12036
Dec 14, 2021	979048	1145	34084	63405
Dec 15, 2021	970636	1142	35633	65713
Dec 16, 2021	960834	1133	37155	60866
Dec 17, 2021	950060	1080	37437	58128
Dec 18, 2021	938377	1076	38041	58536
Dec 19, 2021	932666	1023	32655	48473
Dec 20, 2021	928610	1019	30059	15075
Dec 21, 2021	913271	1027	40219	72832
Dec 22, 2021	895193	1020	42322	84272
Dec 23, 2021	878213	1002	41645	91608
Dec 24, 2021	860705	998	41213	94124
Dec 25, 2021	842563	981	42107	104611
Dec 26, 2021	828031	968	37285	27697
Dec 27, 2021	816589	937	33715	30383
Dec 28, 2021	793615	935	43961	179807
Dec 29, 2021	771026	932	42776	208099
Dec 30, 2021	748169	926	43004	206243
Dec 31, 2021	727203	912	40692	232200
Jan 01, 2022	712963	847	33144	219126
Jan 02, 2022	703409	811	26976	58432
Jan 03, 2022	694880	835	24037	67461
Jan 04, 2022	682878	834	27071	271686
Jan 05, 2022	672241	828	25581	332252
Jan 06, 2022	663806	802	22949	261481
Jan 07, 2022	657719	787	22035	328214
Jan 08, 2022	653042	796	20449	303669
Jan 09, 2022	647774	763	20751	296097
Jan 10, 2022	642973	741	19890	93896
Jan 11, 2022	634499	783	25216	368149
Jan 12, 2022	625354	745	26346	361719
Jan 13, 2022	619785	740	25984	305322
Jan 14, 2022	617914	739	24952	329371
Jan 15, 2022	617786	723	26584	324580
Jan 16, 2022	623599	686	22731	278129
Jan 17, 2022	633899	670	19756	102144
Jan 18, 2022	639899	688	24564	464769
Jan 19, 2022	650180	698	22920	436167
Jan 20, 2022	663868	684	24478	425183
Jan 21, 2022	687970	692	24719	400851
Jan 22, 2022	718976	681	25525	389320
Jan 23, 2022	758457	679	23045	301614
Jan 24, 2022	801197	655	21714	108481
Jan 25, 2022	841921	681	26404	501635
Jan 26, 2022	887759	657	28197	428008
Jan 27, 2022	946156	665	29754	392168
Jan 28, 2022	1014017	673	29506	353503
Jan 29, 2022	1096461	668	30010	332398
Jan 30, 2022	1188128	617	28944	249448
Jan 31, 2022	1281447	621	30130	82657
Feb 01, 2022	1366319	663	40301	416896
Feb 02, 2022	1459098	678	48426	315363
Feb 03, 2022	1560475	667	53724	274352
Feb 04, 2022	1669545	682	58449	241049
Feb 05, 2022	1785606	714	60507	214542
Feb 06, 2022	1905433	661	59583	155439
Feb 07, 2022	2021046	609	55683	46001
Feb 08, 2022	2104803	698	81188	235267
Feb 09, 2022	2190074	669	97163	179614
Feb 10, 2022	2280357	701	106092	153025
Feb 11, 2022	2371348	722	112236	131376
Feb 12, 2022	2461727	729	112658	118611
Feb 13, 2022	2557402	706	101568	86562
Feb 14, 2022	2639990	683	97185	26475
Feb 15, 2022	2668036	704	137881	142253
Feb 16, 2022	2674104	748	172468	98735
Feb 17, 2022	2668854	790	185082	92345
Feb 18, 2022	2649772	784	198369	82553
Feb 19, 2022	2637023	798	191098	76638
Feb 20, 2022	2659681	745	147296	59003
Feb 21, 2022	2683789	735	127494	17195
Feb 22, 2022	2653872	796	164293	97382
Feb 23, 2022	2611526	785	179203	66833
Feb 24, 2022	2607329	762	136433	66732
Feb 25, 2022	2562692	787	167310	58138
Feb 26, 2022	2503551	793	181343	53623
Feb 27, 2022	2481279	769	137596	42600
Feb 28, 2022	2470724	733	116742	13483
Mar 01, 2022	2394458	786	172813	79794
Mar 02, 2022	2307599	784	183530	57697
Mar 03, 2022	2229155	781	170689	60225
Mar 04, 2022	2157046	776	160507	57789
Mar 05, 2022	2087340	750	155725	53678
Mar 06, 2022	2017399	744	149060	45328
Mar 07, 2022	1967274	668	122619	14496
Mar 08, 2022	1921442	652	111756	93050
Mar 09, 2022	1886740	645	92732	69190
Mar 10, 2022	1788672	665	148634	74818
Mar 11, 2022	1687531	674	151210	72399
Mar 12, 2022	1578204	630	156851	72443
Mar 13, 2022	1493968	596	128629	60422
Mar 14, 2022	1429247	533	105243	18853
Mar 15, 2022	1346995	558	118372	116618
Mar 16, 2022	1264929	576	118009	108832
Mar 17, 2022	1186573	561	112614	101747
Mar 18, 2022	1115427	524	105064	97579
Mar 19, 2022	1052332	495	95558	98104
Mar 20, 2022	1008258	434	74675	81283
Mar 21, 2022	974620	409	61938	24179
Mar 22, 2022	925622	472	74920	180777
Mar 23, 2022	881397	429	70622	145560
Mar 24, 2022	839890	418	66476	148635
Mar 25, 2022	803014	398	61860	143571
Mar 26, 2022	765758	395	60933	139517
Mar 27, 2022	741160	338	47540	110174
Mar 28, 2022	726180	335	35746	29455
Mar 29, 2022	698272	339	47229	217480
Mar 30, 2022	666980	352	51085	169024
Mar 31, 2022	635416	345	50496	169311
Apr 01, 2022	608240	342	45998	148629
Apr 02, 2022	581302	340	44547	132114
Apr 03, 2022	562131	304	35695	102266
Apr 04, 2022	544285	287	32850	27648
Apr 05, 2022	520457	316	37459	203021
Apr 06, 2022	499521	291	35306	161950
Apr 07, 2022	478285	287	35304	158792
Apr 08, 2022	454632	280	37684	148768
Apr 09, 2022	427817	288	40100	141690
Apr 10, 2022	411242	259	29372	107654
Apr 11, 2022	396094	248	26755	25492
Apr 12, 2022	375452	281	31271	190762
Apr 13, 2022	358804	267	28135	146426
Apr 14, 2022	348045	254	21853	137342
Apr 15, 2022	339693	261	19523	125394
Apr 16, 2022	331542	240	19006	111583
Apr 17, 2022	325076	233	16496	86650
Apr 18, 2022	319973	213	14324	19810
Apr 19, 2022	311615	235	16763	25465
Apr 20, 2022	304387	223	16200	155711
Apr 21, 2022	298883	197	14182	104007
Apr 22, 2022	294209	195	13480	88389
Apr 23, 2022	289837	171	13030	80571
Apr 24, 2022	287607	168	10508	58954
Apr 25, 2022	286244	159	8855	13984
Apr 26, 2022	281276	176	11899	97498
Apr 27, 2022	277341	163	11477	67711
Apr 28, 2022	273793	166	11063	59760
Apr 29, 2022	270301	161	11041	52919
Apr 30, 2022	266485	157	11022	49482
May 01, 2022	264652	147	8733	36726
May 02, 2022	263221	136	7502	8737
May 03, 2022	261510	125	7052	67017
May 04, 2022	259810	129	6664	47925
May 05, 2022	255959	139	8723	44225
May 06, 2022	251956	136	9408	40224
May 07, 2022	248675	132	8649	37958
May 08, 2022	247322	118	6682	29324
May 09, 2022	246290	103	5959	7354
May 10, 2022	245706	101	5014	56449
May 11, 2022	244667	98	5043	40299
May 12, 2022	241691	111	6930	36047
May 13, 2022	239225	105	7257	32773
May 14, 2022	236787	107	7378	30459
May 15, 2022	235444	99	6200	22844
May 16, 2022	234519	89	5379	5936
May 17, 2022	232547	110	5984	43727
May 18, 2022	231039	106	6134	29995
May 19, 2022	229917	97	5952	27842
May 20, 2022	228737	96	6173	24332
May 21, 2022	227381	102	6288	22507
May 22, 2022	226197	80	5814	16965
May 23, 2022	225162	76	5117	4386
May 24, 2022	222505	90	6352	32029
May 25, 2022	220287	93	6705	22006
May 26, 2022	218441	91	6455	21234
May 27, 2022	216912	84	6064	4811
May 28, 2022	215538	86	5844	23582
May 29, 2022	215230	85	4411	16440
May 30, 2022	214938	74	4019	4673
May 31, 2022	212890	88	5486	35142
Jun 01, 2022	211330	83	5628	26144
Jun 02, 2022	210531	85	4976	25365
Jun 03, 2022	209407	78	5234	25130
Jun 04, 2022	208294	82	5132	25172
Jun 05, 2022	208070	75	3935	20542
Jun 06, 2022	207863	64	3492	6184
Jun 07, 2022	205914	73	5135	11627
Jun 08, 2022	204744	79	4737	53802
Jun 09, 2022	204144	77	4297	40151
Jun 10, 2022	203420	70	4332	17152
Jun 11, 2022	202148	72	4827	0
Jun 12, 2022	202006	65	3480	79397
Jun 13, 2022	201262	56	3684	8474
Jun 14, 2022	200674	61	3324	65425
Jun 15, 2022	198798	66	4528	51954
Jun 16, 2022	197358	67	4699	53081
Jun 17, 2022	196440	63	4228	50605
Jun 18, 2022	195383	68	4371	50266
Jun 19, 2022	195123	62	3279	40125
Jun 20, 2022	195013	54	2723	11566
Jun 21, 2022	194013	60	3440	95217
Jun 22, 2022	193238	66	3767	77967
Jun 23, 2022	192819	68	3517	79852
Jun 24, 2022	192683	65	3225	79262
Jun 25, 2022	192240	61	3454	80926
Jun 26, 2022	192476	55	2713	66301
Jun 27, 2022	192753	51	2355	17601
Jun 28, 2022	191821	59	3414	147248
Jun 29, 2022	191115	54	3680	124724
Jun 30, 2022	190910	56	3255	133346
Jul 01, 2022	190624	53	3388	125066
Jul 02, 2022	190370	51	3488	122639
Jul 03, 2022	190808	47	2595	96191
Jul 04, 2022	191355	43	2276	24418
Jul 05, 2022	190371	48	3612	206554
Jul 06, 2022	190040	44	3437	154615
Jul 07, 2022	190169	52	3178	161265
Jul 08, 2022	190797	49	2787	140997
Jul 09, 2022	191205	45	3086	116405
Jul 10, 2022	192068	39	2496	110589
Jul 11, 2022	192831	38	2296	24343
Jul 12, 2022	192576	48	3209	182006
Jul 13, 2022	193100	42	3363	127642
Jul 14, 2022	194205	43	3090	119285
Jul 15, 2022	195693	40	2929	23027
Jul 16, 2022	197471	41	2879	124009
Jul 17, 2022	199606	46	2483	73668
Jul 18, 2022	201588	35	2531	17733
Jul 19, 2022	201558	44	4186	134188
Jul 20, 2022	202889	37	4317	89982
Jul 21, 2022	204709	42	4529	80869
Jul 22, 2022	206640	41	4687	74348
Jul 23, 2022	208752	38	4803	68532
Jul 24, 2022	211426	37	4812	50032
Jul 25, 2022	213729	34	4234	11195
Jul 26, 2022	214443	47	5422	87562
Jul 27, 2022	218319	36	5115	58638
Jul 28, 2022	224775	41	5018	51594
Jul 29, 2022	231488	39	4670	45515
Jul 30, 2022	237484	43	6209	41274
Jul 31, 2022	243888	38	6056	31535
Aug 01, 2022	248599	36	6077	7249
Aug 02, 2022	249538	48	8573	54519
Aug 03, 2022	253867	43	10266	38788
Aug 04, 2022	261197	44	9752	33799
Aug 05, 2022	269888	47	9817	30592
Aug 06, 2022	279073	46	10743	28518
Aug 07, 2022	290603	44	8729	21528
Aug 08, 2022	299699	45	8721	5090
Aug 09, 2022	302872	60	13092	38230
Aug 10, 2022	312035	56	14552	27081
Aug 11, 2022	323577	52	14221	24312
Aug 12, 2022	337010	57	14320	22638
Aug 13, 2022	348770	60	16874	21175
Aug 14, 2022	362756	54	14942	16347
Aug 15, 2022	372566	53	15410	4564
Aug 16, 2022	375833	59	20583	6331
Aug 17, 2022	386196	63	22680	35745
Aug 18, 2022	400452	62	21491	23605
Aug 19, 2022	416109	65	21887	20236
Aug 20, 2022	431828	69	24222	19870
Aug 21, 2022	449197	64	22236	14820
Aug 22, 2022	459920	57	22281	4012
Aug 23, 2022	459949	69	30869	28988
Aug 24, 2022	467232	72	32876	21289
Aug 25, 2022	480305	71	30775	19837
Aug 26, 2022	492967	81	33709	18116
Aug 27, 2022	507328	90	32642	17833
Aug 28, 2022	525879	83	28223	14110
Aug 29, 2022	540570	77	24890	3806
Aug 30, 2022	540814	94	36729	27358
Aug 31, 2022	547989	92	39054	19240
Sep 01, 2022	558715	95	38940	18646
Sep 02, 2022	572564	91	37012	16399
Sep 03, 2022	585791	92	38380	15597
Sep 04, 2022	598014	87	35732	12894
Sep 05, 2022	608925	76	30703	3443
Sep 06, 2022	601026	95	46304	26918
Sep 07, 2022	596279	94	52611	20142
Sep 08, 2022	596511	93	50293	19866
Sep 09, 2022	597435	96	51086	19087
Sep 10, 2022	604801	97	46023	19517
Sep 11, 2022	620256	86	37288	16422
Sep 12, 2022	631003	81	35660	4579
Sep 13, 2022	626760	101	48187	41850
Sep 14, 2022	628146	98	50251	33575
Sep 15, 2022	634421	99	49752	33263
Sep 16, 2022	643326	110	50020	28686
Sep 17, 2022	651562	107	49962	33162
Sep 18, 2022	666014	101	42198	23137
Sep 19, 2022	676816	91	38595	5219
Sep 20, 2022	670998	98	52194	51816
Sep 21, 2022	664218	107	59718	38250
Sep 22, 2022	660550	106	57019	38464
Sep 23, 2022	656156	104	57625	37524
Sep 24, 2022	648902	111	58412	38024
Sep 25, 2022	649657	95	45908	31365
Sep 26, 2022	645503	85	44257	7489
Sep 27, 2022	622460	101	59547	73639
Sep 28, 2022	600851	111	61515	53410
Sep 29, 2022	581544	109	57937	51366
Sep 30, 2022	557499	106	61225	48261
Oct 01, 2022	537954	103	52628	46596
Oct 02, 2022	520951	96	46992	37453
Oct 03, 2022	509724	91	35294	8690
Oct 04, 2022	485867	107	45437	89185
Oct 05, 2022	464817	113	44694	66564
Oct 06, 2022	446218	108	41536	65537
Oct 07, 2022	428809	104	39573	61121
Oct 08, 2022	410985	106	38289	57270
Oct 09, 2022	400909	102	28793	42626
Oct 10, 2022	391655	96	24819	9373
Oct 11, 2022	374007	109	31509	94753
Oct 12, 2022	359133	105	30409	67948
Oct 13, 2022	343716	101	30793	64218
Oct 14, 2022	330833	99	27520	58695
Oct 15, 2022	317989	98	26130	55394
Oct 16, 2022	311808	94	18441	41973
Oct 17, 2022	307606	92	14513	9421
Oct 18, 2022	296737	91	20252	87666
Oct 19, 2022	286442	92	20859	63031
Oct 20, 2022	278067	90	18352	56793
Oct 21, 2022	272063	93	15672	49087
Oct 22, 2022	266286	90	15035	43746
Oct 23, 2022	264292	88	10578	31470
Oct 24, 2022	263203	89	8329	6907
Oct 25, 2022	256785	84	12912	59653
Oct 26, 2022	252706	80	11517	41185
Oct 27, 2022	248433	82	12040	37089
Oct 28, 2022	244276	78	11685	25783
Oct 29, 2022	239777	79	11527	22723
Oct 30, 2022	237497	75	9008	16456
Oct 31, 2022	236134	71	7073	3768
Nov 01, 2022	232006	72	9308	29525
Nov 02, 2022	228082	68	10241	5691
Nov 03, 2022	224610	73	9774	42025
Nov 04, 2022	221429	71	9259	29438
Nov 05, 2022	219160	67	7819	26840
Nov 06, 2022	217929	62	5735	21178
Nov 07, 2022	217345	61	4944	3645
Nov 08, 2022	213479	63	8123	40591
Nov 09, 2022	210260	62	8492	28702
Nov 10, 2022	208170	61	7623	27068
Nov 11, 2022	207444	67	6213	26353
Nov 12, 2022	207179	62	5717	5577
Nov 13, 2022	207411	60	5072	27155
Nov 14, 2022	207468	61	4460	6017
Nov 15, 2022	205481	64	6354	48971
Nov 16, 2022	203892	63	6906	34878
Nov 17, 2022	202776	61	6735	33331
Nov 18, 2022	201374	60	6888	37177
Nov 19, 2022	200136	62	6621	47088
Nov 20, 2022	200851	59	4443	14204
Nov 21, 2022	201294	55	4164	29335
Nov 22, 2022	199251	59	6444	64772
Nov 23, 2022	198043	54	6785	49188
Nov 24, 2022	197657	58	6112	50530
Nov 25, 2022	198256	56	5337	48629
Nov 26, 2022	199203	53	5088	48331
Nov 27, 2022	200896	51	4174	37675
Nov 28, 2022	201632	50	4262	9304
Nov 29, 2022	200644	53	5863	91814
Nov 30, 2022	201116	59	5557	68382
Dec 01, 2022	201978	58	5865	69253
Dec 02, 2022	202958	57	5684	59008
Dec 03, 2022	204436	59	5132	52908
Dec 04, 2022	206390	55	4589	40006
Dec 05, 2022	207358	52	4647	10591
Dec 06, 2022	206170	59	6690	105516
Dec 07, 2022	206253	58	6794	75752
Dec 08, 2022	207314	54	6315	71597
Dec 09, 2022	208733	52	5994	65509
Dec 10, 2022	209630	54	6446	61482
Dec 11, 2022	210957	51	5718	46422
Dec 12, 2022	212251	50	5032	10878
Dec 13, 2022	211331	59	6838	97037
Dec 14, 2022	211133	55	7675	70224
Dec 15, 2022	211370	57	7539	62541
Dec 16, 2022	212369	59	7393	56361
Dec 17, 2022	212573	58	7269	52544
Dec 18, 2022	213406	51	6338	37264
Dec 19, 2022	214133	50	5564	8213
Dec 20, 2022	211961	57	8109	71212
Dec 21, 2022	210985	59	8359	54613
Dec 22, 2022	209139	54	9243	49517
Dec 23, 2022	208216	57	8275	43766
Dec 24, 2022	207144	54	8004	40744
Dec 25, 2022	207511	52	6176	23681
Dec 26, 2022	207219	50	5577	5429
Dec 27, 2022	204665	59	7692	30989
Dec 28, 2022	202701	56	8110	26081
Dec 29, 2022	200976	56	7815	24436
Dec 30, 2022	199041	50	7695	23808
Dec 31, 2022	196995	58	7515	21836
Jan 01, 2023	196700	50	5283	15005
Jan 02, 2023	196052	43	4489	2246
Jan 03, 2023	193602	48	5482	22916
Jan 04, 2023	191943	45	4942	14105
Jan 05, 2023	190451	47	4719	11537
Jan 06, 2023	189164	41	4685	10383
Jan 07, 2023	187955	49	4463	8961
Jan 08, 2023	187343	45	3694	6557
Jan 09, 2023	187066	41	2990	1702
Jan 10, 2023	184989	47	5062	11715
Jan 11, 2023	184022	46	5122	7635
Jan 12, 2023	184108	48	4541	7159
Jan 13, 2023	184868	47	4271	6238
Jan 14, 2023	186037	46	3887	5429
Jan 15, 2023	187575	43	3208	4166
Jan 16, 2023	188358	40	3466	1235
Jan 17, 2023	187422	45	4933	8381
Jan 18, 2023	187826	46	5028	5894
Jan 19, 2023	188546	40	5154	4992
Jan 20, 2023	189885	41	4698	4475
Jan 21, 2023	191270	43	4586	4324
Jan 22, 2023	192937	41	4021	3477
Jan 23, 2023	193975	41	3640	1027
Jan 24, 2023	193169	42	5466	7263
Jan 25, 2023	194025	44	5542	5347
Jan 26, 2023	195792	40	5270	5287
Jan 27, 2023	198039	41	4876	4681
Jan 28, 2023	200832	42	4384	4513
Jan 29, 2023	204121	40	3612	3802
Jan 30, 2023	206201	38	3861	982
Jan 31, 2023	205846	45	6102	6860
Feb 01, 2023	207580	41	6729	4506
Feb 02, 2023	210806	40	6021	4021
Feb 03, 2023	214119	46	6311	3618
Feb 04, 2023	217426	40	6334	3312
Feb 05, 2023	221591	45	5200	2632
Feb 06, 2023	224625	40	5010	718
Feb 07, 2023	223742	43	8455	4999
Feb 08, 2023	225983	44	8104	3991
Feb 09, 2023	229558	41	8685	3653
Feb 10, 2023	234410	37	7503	3366
Feb 11, 2023	238961	36	8258	3187
Feb 12, 2023	244472	31	6805	2469
Feb 13, 2023	248964	30	6484	706
Feb 14, 2023	248335	35	10420	4986
Feb 15, 2023	249664	36	12071	3972
Feb 16, 2023	253227	37	11140	4021
Feb 17, 2023	257303	38	11245	3589
Feb 18, 2023	261146	36	11439	4236
Feb 19, 2023	266027	36	9316	2999
Feb 20, 2023	269675	30	8398	898
Feb 21, 2023	266920	38	13994	5774
Feb 22, 2023	265432	34	15408	4584
Feb 23, 2023	265088	37	15028	4489
Feb 24, 2023	266267	32	12618	3917
Feb 25, 2023	266096	34	11208	3843
Feb 26, 2023	265865	31	9774	2942
Feb 27, 2023	266165	30	9250	841
Feb 28, 2023	261518	35	14365	5651
Mar 01, 2023	258362	37	16557	4525
Mar 02, 2023	258482	39	13937	4196
Mar 03, 2023	261446	40	11512	3194
Mar 04, 2023	263994	39	11462	4013
Mar 05, 2023	268574	43	8936	0
Mar 06, 2023	270533	38	9166	953
Mar 07, 2023	266567	42	14373	0
Mar 08, 2023	262405	45	16437	0
Mar 09, 2023	262325	40	12536	0
Mar 10, 2023	257929	44	14663	6188
Mar 11, 2023	255647	42	14481	6072
Mar 12, 2023	256377	37	11218	4558
Mar 13, 2023	257135	34	9476	1235
Mar 14, 2023	254211	44	12406	9937
Mar 15, 2023	252136	32	14089	8348
Mar 16, 2023	253747	38	11360	7932
Mar 17, 2023	254478	35	12149	7228
Mar 18, 2023	255300	32	12155	7210
Mar 19, 2023	257785	33	9815	5459
Mar 20, 2023	259471	31	8593	1470
Mar 21, 2023	255465	34	13345	11519
Mar 22, 2023	252297	39	15130	9762
Mar 23, 2023	251014	36	13759	9249
Mar 24, 2023	250029	35	13443	8839
Mar 25, 2023	249830	37	12544	8435
Mar 26, 2023	250839	32	9899	6211
Mar 27, 2023	251637	31	8160	7
Mar 28, 2023	249034	37	11013	12933
Mar 29, 2023	247532	33	12597	10885
Mar 30, 2023	245783	32	12467	0
Mar 31, 2023	243840	34	12974	9211
Apr 01, 2023	241466	36	12284	8455
Apr 02, 2023	241193	31	9833	6027
Apr 03, 2023	241258	34	7737	1453
Apr 04, 2023	236097	38	12264	0
Apr 05, 2023	232890	36	11807	9922
Apr 06, 2023	231343	39	10879	9374
Apr 07, 2023	229535	38	10685	8786
Apr 08, 2023	228497	37	9956	7739
Apr 09, 2023	229162	36	7307	6474
Apr 10, 2023	228769	34	6981	1342
Apr 11, 2023	224891	38	9772	1884
Apr 12, 2023	220984	39	11150	14207
Apr 13, 2023	219021	37	9818	10678
Apr 14, 2023	217463	35	9605	9467
Apr 15, 2023	216140	37	8731	8595
Apr 16, 2023	216355	38	6841	5805
Apr 17, 2023	216164	36	5944	1411
Apr 18, 2023	212968	37	8416	10616
Apr 19, 2023	210734	38	8501	8807
Apr 20, 2023	209988	35	7752	8201
Apr 21, 2023	209662	33	7409	7400
Apr 22, 2023	209244	34	7414	6796
Apr 23, 2023	210092	32	5509	5008
Apr 24, 2023	210599	34	4917	1185
Apr 25, 2023	208260	35	7397	8895
Apr 26, 2023	206657	33	7582	7490
Apr 27, 2023	205914	33	7213	6609
Apr 28, 2023	204656	31	7775	6144
Apr 29, 2023	203428	32	7186	5642
Apr 30, 2023	203010	34	5725	4030
May 01, 2023	202540	31	4681	1098
May 02, 2023	201411	30	4503	1065
May 03, 2023	198043	33	6549	8715
May 04, 2023	194802	32	7482	6161
May 05, 2023	192318	32	6667	5505
May 06, 2023	189954	33	6612	5103
May 07, 2023	188987	29	4749	3301
May 08, 2023	188421	28	3656	759
May 09, 2023	187970	25	3152	1044
May 10, 2023	187073	24	3278	6708
May 11, 2023	184404	28	4985	0
May 12, 2023	181900	28	5587	9003
May 13, 2023	179878	27	5022	3706
May 14, 2023	179356	25	3493	2563
May 15, 2023	178807	26	2902	623
May 16, 2023	178807	0	0	5118
May 17, 2023	178807	0	0	4149
May 18, 2023	178807	0	0	0
May 19, 2023	178807	0	0	0
May 20, 2023	178807	0	0	0
May 21, 2023	178807	0	0	0
May 22, 2023	178807	0	0	677
May 23, 2023	172124	183	23618	5901
May 24, 2023	172124	0	0	4905
May 25, 2023	172124	0	0	4220
May 26, 2023	172124	0	0	3724
May 27, 2023	172124	0	0	3317
May 28, 2023	172124	0	0	2284
May 29, 2023	172124	0	0	592
May 30, 2023	168266	164	17349	902
May 31, 2023	168266	0	0	5210
Jun 01, 2023	168266	0	0	3735
Jun 02, 2023	168266	0	0	3204
Jun 03, 2023	168266	0	0	2797
Jun 04, 2023	168266	0	0	2082
Jun 05, 2023	168266	0	0	443
Jun 06, 2023	163969	143	15084	3590
Jun 07, 2023	163969	0	0	2762
Jun 08, 2023	163969	0	0	2603
Jun 09, 2023	163969	0	0	2357
Jun 10, 2023	163969	0	0	2135
Jun 11, 2023	163969	0	0	1282
Jun 12, 2023	163969	0	0	332
Jun 13, 2023	160607	113	10034	2631
Jun 14, 2023	160607	0	0	2069
Jun 15, 2023	160607	0	0	545
Jun 16, 2023	160607	0	0	2895
Jun 17, 2023	160607	0	0	1482
Jun 18, 2023	160607	0	0	1080
Jun 19, 2023	160607	0	0	270
Jun 20, 2023	158828	97	5848	2071
Jun 21, 2023	158828	0	0	1702
Jun 22, 2023	158828	0	0	1420
Jun 23, 2023	158828	0	0	1232
Jun 24, 2023	158828	0	0	1217
Jun 25, 2023	158828	0	0	776
Jun 26, 2023	157111	127	7379	213
Jun 27, 2023	157111	0	0	1680
Jun 28, 2023	157111	0	0	1148
Jun 29, 2023	157111	0	0	1106
Jun 30, 2023	157111	0	0	1106
Jul 01, 2023	157111	0	0	0
Jul 02, 2023	157111	0	0	0
Jul 03, 2023	157111	0	0	0
Jul 04, 2023	155331	86	6184	0
Jul 05, 2023	155331	0	0	0
Jul 06, 2023	155331	0	0	0
Jul 07, 2023	155331	0	0	0
Jul 08, 2023	155331	0	0	0
Jul 09, 2023	155331	0	0	0
Jul 10, 2023	155331	0	0	0
Jul 11, 2023	153018	66	6277	0
Jul 12, 2023	153018	0	0	0
Jul 13, 2023	153018	0	0	0
Jul 14, 2023	153018	0	0	0
Jul 15, 2023	153018	0	0	0
Jul 16, 2023	153018	0	0	0
Jul 17, 2023	153018	0	0	0
Jul 18, 2023	151707	57	4643	0
Jul 19, 2023	151707	0	0	0
Jul 20, 2023	151707	0	0	0
Jul 21, 2023	151707	0	0	0
Jul 22, 2023	151707	0	0	0
Jul 23, 2023	151707	0	0	0
Jul 24, 2023	151707	0	0	0
Jul 25, 2023	149765	42	5082	0
Jul 26, 2023	149765	0	0	0
Jul 27, 2023	149765	0	0	0
Jul 28, 2023	149765	0	0	0
Jul 29, 2023	149765	0	0	0
Jul 30, 2023	149765	0	0	0
Jul 31, 2023	149765	0	0	0
Aug 01, 2023	147298	40	5412	0
Aug 02, 2023	147298	0	0	0
Aug 03, 2023	147298	0	0	0
Aug 04, 2023	147298	0	0	0
Aug 05, 2023	147298	0	0	0
Aug 06, 2023	147298	0	0	0
Aug 07, 2023	147298	0	0	0
Aug 08, 2023	146251	43	3936	0
Aug 09, 2023	146251	0	0	0
Aug 10, 2023	146251	0	0	0
Aug 11, 2023	146251	0	0	0
Aug 12, 2023	146251	0	0	0
Aug 13, 2023	146251	0	0	0
Aug 14, 2023	146251	0	0	0
Aug 15, 2023	146221	41	2933	0
Aug 16, 2023	146221	0	0	0
Aug 17, 2023	146221	0	0	0
Aug 18, 2023	146221	0	0	0
Aug 19, 2023	146221	0	0	0
Aug 20, 2023	146221	0	0	0
Aug 21, 2023	146221	0	0	0
Aug 22, 2023	146796	34	2769	0
Aug 23, 2023	146796	0	0	0
Aug 24, 2023	146796	0	0	0
Aug 25, 2023	146796	0	0	0
Aug 26, 2023	146796	0	0	0
Aug 27, 2023	146796	0	0	0
Aug 28, 2023	146796	0	0	0
Aug 29, 2023	145869	11	4020	0
Aug 30, 2023	145869	0	0	0
Aug 31, 2023	145869	0	0	0
Sep 01, 2023	145869	0	0	0
Sep 02, 2023	145869	0	0	0
Sep 03, 2023	145869	0	0	0
Sep 04, 2023	146785	0	0	0
Sep 05, 2023	149247	16	2739	0
Sep 06, 2023	149247	0	0	0
Sep 07, 2023	149247	0	0	0
Sep 08, 2023	149247	0	0	0
Sep 09, 2023	149247	0	0	0
Sep 10, 2023	149247	0	0	0
Sep 11, 2023	149247	0	0	0
Sep 12, 2023	152416	10	4509	0
Sep 13, 2023	152416	0	0	0
Sep 14, 2023	152416	0	0	0
Sep 15, 2023	152416	0	0	0
Sep 16, 2023	152416	0	0	0
Sep 17, 2023	152416	0	0	0
Sep 18, 2023	152416	0	0	0
Sep 19, 2023	156638	14	7280	0
Sep 20, 2023	156638	0	0	0
Sep 21, 2023	156638	0	0	0
Sep 22, 2023	156638	0	0	0
Sep 23, 2023	156638	0	0	0
Sep 24, 2023	156638	0	0	0
Sep 25, 2023	156638	0	0	0
Sep 26, 2023	160722	24	10327	0
Sep 27, 2023	160722	0	0	0
Sep 28, 2023	160722	0	0	0
Sep 29, 2023	160722	0	0	0
Sep 30, 2023	160722	0	0	0
Oct 01, 2023	160722	0	0	0
Oct 02, 2023	160722	0	0	0
Oct 03, 2023	160722	0	0	0
Oct 04, 2023	163608	30	13513	0
Oct 05, 2023	163608	0	0	0
Oct 06, 2023	163608	0	0	0
Oct 07, 2023	163608	0	0	0
Oct 08, 2023	163608	0	0	0
Oct 09, 2023	163608	0	0	0
Oct 10, 2023	163413	25	16297	0
Oct 11, 2023	163413	0	0	0
Oct 12, 2023	163413	0	0	0
Oct 13, 2023	163413	0	0	0
Oct 14, 2023	163413	0	0	0
Oct 15, 2023	163413	0	0	0
Oct 16, 2023	163413	0	0	0
Oct 17, 2023	164350	43	15872	0
Oct 18, 2023	164350	0	0	0
Oct 19, 2023	164350	0	0	0
Oct 20, 2023	164350	0	0	0
Oct 21, 2023	164350	0	0	0
Oct 22, 2023	164350	0	0	0
Oct 23, 2023	164350	0	0	0
Oct 24, 2023	168500	50	15722	0
Oct 25, 2023	168500	0	0	0
Oct 26, 2023	168500	0	0	0
Oct 27, 2023	168500	0	0	0
Oct 28, 2023	168500	0	0	0
Oct 29, 2023	168500	0	0	0
Oct 30, 2023	168500	0	0	0
Oct 31, 2023	173668	61	20754	0
Nov 01, 2023	173668	0	0	0
Nov 02, 2023	173668	0	0	0
Nov 03, 2023	173668	0	0	0
Nov 04, 2023	173668	0	0	0
Nov 05, 2023	173668	0	0	0
Nov 06, 2023	173668	0	0	0
Nov 07, 2023	184803	63	22993	0
Nov 08, 2023	184803	0	0	0
Nov 09, 2023	184803	0	0	0
Nov 10, 2023	184803	0	0	0
Nov 11, 2023	184803	0	0	0
Nov 12, 2023	184803	0	0	0
Nov 13, 2023	184803	0	0	0
Nov 14, 2023	196126	76	29987	0
Nov 15, 2023	196126	0	0	0
Nov 16, 2023	196126	0	0	0
Nov 17, 2023	196126	0	0	0
Nov 18, 2023	196126	0	0	0
Nov 19, 2023	196126	0	0	0
Nov 20, 2023	196126	0	0	0
Nov 21, 2023	214452	93	39731	0
Nov 22, 2023	214452	0	0	0
Nov 23, 2023	214452	0	0	0
Nov 24, 2023	214452	0	0	0
Nov 25, 2023	214452	0	0	0
Nov 26, 2023	214452	0	0	0
Nov 27, 2023	214452	0	0	0
Nov 28, 2023	236671	90	54797	0
Nov 29, 2023	236671	0	0	0
Nov 30, 2023	236671	0	0	0
Dec 01, 2023	236671	0	0	0
Dec 02, 2023	236671	0	0	0
Dec 03, 2023	236671	0	0	0
Dec 04, 2023	236671	0	0	0
Dec 05, 2023	261976	138	69636	0
Dec 06, 2023	261976	0	0	0
Dec 07, 2023	261976	0	0	0
Dec 08, 2023	261976	0	0	0
Dec 09, 2023	261976	0	0	0
Dec 10, 2023	261976	0	0	0
Dec 11, 2023	261976	0	0	0
Dec 12, 2023	271657	148	97345	0
Dec 13, 2023	271657	0	0	0
Dec 14, 2023	271657	0	0	0
Dec 15, 2023	271657	0	0	0
Dec 16, 2023	271657	0	0	0
Dec 17, 2023	271657	0	0	0
Dec 18, 2023	271657	0	0	0
Dec 19, 2023	263644	164	104752	0
Dec 20, 2023	263644	0	0	0
Dec 21, 2023	263644	0	0	0
Dec 22, 2023	263644	0	0	0
Dec 23, 2023	263644	0	0	0
Dec 24, 2023	263644	0	0	0
Dec 25, 2023	263644	0	0	0
Dec 26, 2023	244238	186	98252	0
Dec 27, 2023	244238	0	0	0
Dec 28, 2023	244238	0	0	0
Dec 29, 2023	244238	0	0	0
Dec 30, 2023	244238	0	0	0
Dec 31, 2023	244238	0	0	0
Jan 01, 2024	244238	0	0	0
Jan 02, 2024	213405	206	89424	0
Jan 03, 2024	213405	0	0	0
Jan 04, 2024	213405	0	0	0
Jan 05, 2024	213405	0	0	0
Jan 06, 2024	213405	0	0	0
Jan 07, 2024	213405	0	0	0
Jan 08, 2024	213405	0	0	0
Jan 09, 2024	198246	123	40958	0
Jan 10, 2024	198246	0	0	0
Jan 11, 2024	198246	0	0	0
Jan 12, 2024	198246	0	0	0
Jan 13, 2024	198246	0	0	0
Jan 14, 2024	198246	0	0	0
Jan 15, 2024	198246	0	0	0
Jan 16, 2024	185346	150	39743	0
Jan 17, 2024	185346	0	0	0
Jan 18, 2024	185346	0	0	0
Jan 19, 2024	185346	0	0	0
Jan 20, 2024	185346	0	0	0
Jan 21, 2024	185346	0	0	0
Jan 22, 2024	185346	0	0	0
Jan 23, 2024	181576	141	29629	0
Jan 24, 2024	181576	0	0	0
Jan 25, 2024	181576	0	0	0
Jan 26, 2024	181576	0	0	0
Jan 27, 2024	181576	0	0	0
Jan 28, 2024	181576	0	0	0
Jan 29, 2024	181576	0	0	0
Jan 30, 2024	179387	111	26366	0
Jan 31, 2024	179387	0	0	0
Feb 01, 2024	179387	0	0	0
Feb 02, 2024	179387	0	0	0
Feb 03, 2024	179387	0	0	0
Feb 04, 2024	179387	0	0	0
Feb 05, 2024	179387	0	0	0
Feb 06, 2024	180777	107	24254	0
Feb 07, 2024	180777	0	0	0
Feb 08, 2024	180777	0	0	0
Feb 09, 2024	180777	0	0	0
Feb 10, 2024	180777	0	0	0
Feb 11, 2024	180777	0	0	0
Feb 12, 2024	180777	0	0	0
Feb 13, 2024	183421	106	24650	0
Feb 14, 2024	183421	0	0	0
Feb 15, 2024	183421	0	0	0
Feb 16, 2024	183421	0	0	0
Feb 17, 2024	183421	0	0	0
Feb 18, 2024	183421	0	0	0
Feb 19, 2024	183421	0	0	0
Feb 20, 2024	184103	106	27469	0
Feb 21, 2024	184103	0	0	0
Feb 22, 2024	184103	0	0	0
Feb 23, 2024	184103	0	0	0
Feb 24, 2024	184103	0	0	0
Feb 25, 2024	184103	0	0	0
Feb 26, 2024	184103	0	0	0
Feb 27, 2024	183731	65	26930	0
Feb 28, 2024	183731	0	0	0
Feb 29, 2024	183731	0	0	0
Mar 01, 2024	183731	0	0	0
Mar 02, 2024	183731	0	0	0
Mar 03, 2024	183731	0	0	0
Mar 04, 2024	183731	0	0	0
Mar 05, 2024	182535	70	26961	0
Mar 06, 2024	182535	0	0	0
Mar 07, 2024	182535	0	0	0
Mar 08, 2024	182535	0	0	0
Mar 09, 2024	182535	0	0	0
Mar 10, 2024	182535	0	0	0
Mar 11, 2024	182535	0	0	0
Mar 12, 2024	181240	65	25329	0
Mar 13, 2024	181240	0	0	0
Mar 14, 2024	181240	0	0	0
Mar 15, 2024	181240	0	0	0
Mar 16, 2024	181240	0	0	0
Mar 17, 2024	181240	0	0	0
Mar 18, 2024	181240	0	0	0
Mar 19, 2024	180469	77	24750	0
Mar 20, 2024	180469	0	0	0
Mar 21, 2024	180469	0	0	0
Mar 22, 2024	180469	0	0	0
Mar 23, 2024	180469	0	0	0
Mar 24, 2024	180469	0	0	0
Mar 25, 2024	180469	0	0	0
Mar 26, 2024	179852	71	25458	0
