Feb 15, 2020	0	null	null	null
Feb 16, 2020	0	0	0	0
Feb 17, 2020	0	0	1	0
Feb 18, 2020	0	0	2	0
Feb 19, 2020	0	0	0	0
Feb 20, 2020	0	0	0	0
Feb 21, 2020	0	0	0	0
Feb 22, 2020	0	0	3	0
Feb 23, 2020	0	0	0	0
Feb 24, 2020	0	0	1	0
Feb 25, 2020	0	0	0	2
Feb 26, 2020	0	0	0	4
Feb 27, 2020	0	0	0	19
Feb 28, 2020	0	0	0	18
Feb 29, 2020	0	0	1	39
Mar 01, 2020	0	0	0	27
Mar 02, 2020	0	0	0	56
Mar 03, 2020	0	0	0	20
Mar 04, 2020	0	0	0	67
Mar 05, 2020	1	0	0	126
Mar 06, 2020	1	0	0	209
Mar 07, 2020	2	5	0	269
Mar 08, 2020	3	3	0	236
Mar 09, 2020	7	11	0	185
Mar 10, 2020	7	3	0	338
Mar 11, 2020	13	15	0	452
Mar 12, 2020	16	13	0	540
Mar 13, 2020	24	18	0	714
Mar 14, 2020	38	12	0	761
Mar 15, 2020	61	36	0	840
Mar 16, 2020	64	21	0	1100
Mar 17, 2020	85	27	590	997
Mar 18, 2020	116	89	0	1277
Mar 19, 2020	150	108	693	1691
Mar 20, 2020	202	78	292	1469
Mar 21, 2020	238	112	0	1678
Mar 22, 2020	272	112	613	1417
Mar 23, 2020	399	186	0	3488
Mar 24, 2020	552	240	1081	2224
Mar 25, 2020	700	231	619	2662
Mar 26, 2020	919	365	1048	3564
Mar 27, 2020	1143	299	752	3462
Mar 28, 2020	1160	319	0	4191
Mar 29, 2020	1253	292	1502	2362
Mar 30, 2020	1298	418	725	3977
Mar 31, 2020	1323	498	1517	6887
Apr 01, 2020	1331	508	1491	4418
Apr 02, 2020	1413	1354	1493	1923
Apr 03, 2020	1407	1119	1580	4755
Apr 04, 2020	1487	1052	1430	3877
Apr 05, 2020	1555	517	745	1703
Apr 06, 2020	1585	832	1067	3555
Apr 07, 2020	1647	1416	2087	3432
Apr 08, 2020	1739	540	1917	3526
Apr 09, 2020	1829	1339	1952	3895
Apr 10, 2020	1575	986	1726	3946
Apr 11, 2020	1599	634	1459	2829
Apr 12, 2020	1745	561	795	1466
Apr 13, 2020	1843	574	532	2428
Apr 14, 2020	1987	761	1087	4996
Apr 15, 2020	2072	1437	2150	2393
Apr 16, 2020	1662	752	1857	2400
Apr 17, 2020	1839	760	1608	368
Apr 18, 2020	2090	641	1563	2335
Apr 19, 2020	2213	395	595	714
Apr 20, 2020	2199	546	831	1864
Apr 21, 2020	2365	530	1772	2423
Apr 22, 2020	2529	543	1476	1661
Apr 23, 2020	2418	515	1431	1502
Apr 24, 2020	2683	389	1405	1611
Apr 25, 2020	2818	369	1101	1397
Apr 26, 2020	3003	242	309	419
Apr 27, 2020	3248	436	610	3420
Apr 28, 2020	2845	367	1373	1381
Apr 29, 2020	3191	426	1342	1675
Apr 30, 2020	3490	289	1248	1061
May 01, 2020	3472	218	736	563
May 02, 2020	3684	166	350	740
May 03, 2020	4126	135	222	287
May 04, 2020	4361	306	587	537
May 05, 2020	4705	330	1365	1029
May 06, 2020	4528	278	1236	3898
May 07, 2020	4947	178	1055	586
May 08, 2020	5597	243	815	598
May 09, 2020	5282	80	4206	403
May 10, 2020	5682	70	4272	195
May 11, 2020	6126	263	2851	425
May 12, 2020	6828	348	1265	659
May 13, 2020	7153	83	2590	473
May 14, 2020	6866	351	5146	580
May 15, 2020	7238	104	2529	524
May 16, 2020	7663	96	2468	347
May 17, 2020	8296	146	77	112
May 18, 2020	8904	131	2361	459
May 19, 2020	8983	119	1002	489
May 20, 2020	8767	110	1941	389
May 21, 2020	9877	83	2584	296
May 22, 2020	9681	74	1753	366
May 23, 2020	10896	43	1610	233
May 24, 2020	11119	35	1738	107
May 25, 2020	11282	65	1267	334
May 26, 2020	11062	98	3800	257
May 27, 2020	12002	66	520	178
May 28, 2020	12526	66	532	3098
May 29, 2020	13612	52	351	556
May 30, 2020	14287	57	138	1703
May 31, 2020	15275	31	394	239
Jun 01, 2020	16452	31	628	315
Jun 02, 2020	16837	107	366	283
Jun 03, 2020	17145	81	499	330
Jun 04, 2020	18736	44	480	720
Jun 05, 2020	19545	46	301	573
Jun 06, 2020	20877	31	81	543
Jun 07, 2020	23049	13	446	322
Jun 08, 2020	23830	54	435	198
Jun 09, 2020	22946	87	302	378
Jun 10, 2020	22828	23	273	511
Jun 11, 2020	24160	27	339	399
Jun 12, 2020	25703	28	205	681
Jun 13, 2020	27610	24	83	494
Jun 14, 2020	30189	9	325	382
Jun 15, 2020	32270	29	228	143
Jun 16, 2020	32821	111	67	323
Jun 17, 2020	34592	28	3070	430
Jun 18, 2020	37434	28	528	438
Jun 19, 2020	38262	14	1689	761
Jun 20, 2020	40695	16	223	602
Jun 21, 2020	44000	7	308	267
Jun 22, 2020	46405	23	260	350
Jun 23, 2020	49225	57	273	485
Jun 24, 2020	53001	11	709	76
Jun 25, 2020	56411	21	552	0
Jun 26, 2020	58453	26	517	1490
Jun 27, 2020	62631	8	314	490
Jun 28, 2020	67117	9	189	490
Jun 29, 2020	71510	18	360	263
Jun 30, 2020	75418	30	481	508
Jul 01, 2020	80999	18	381	861
Jul 02, 2020	83672	14	667	618
Jul 03, 2020	88354	18	476	546
Jul 04, 2020	94238	7	375	526
Jul 05, 2020	100785	7	136	600
Jul 06, 2020	105136	13	310	165
Jul 07, 2020	110656	13	417	446
Jul 08, 2020	114846	32	406	622
Jul 09, 2020	122224	14	747	583
Jul 10, 2020	129301	25	577	617
Jul 11, 2020	133226	4	263	628
Jul 12, 2020	138044	3	347	627
Jul 13, 2020	146185	18	467	270
Jul 14, 2020	148478	71	5	480
Jul 15, 2020	146701	20	-20	390
Jul 16, 2020	154803	18	1472	501
Jul 17, 2020	155450	14	476	785
Jul 18, 2020	164596	9	481	812
Jul 19, 2020	169156	8	255	812
Jul 20, 2020	174539	8	500	328
Jul 21, 2020	169199	13	848	548
Jul 22, 2020	160683	7	611	937
Jul 23, 2020	166581	10	536	997
Jul 24, 2020	170784	10	516	1060
Jul 25, 2020	165354	4	596	956
Jul 26, 2020	174503	4	161	955
Jul 27, 2020	171429	9	437	482
Jul 28, 2020	166047	14	608	680
Jul 29, 2020	166514	15	568	1306
Jul 30, 2020	165599	16	601	1292
Jul 31, 2020	159812	11	617	1263
Aug 01, 2020	153440	3	624	0
Aug 02, 2020	156671	4	266	2646
Aug 03, 2020	151027	22	458	522
Aug 04, 2020	149407	2	388	975
Aug 05, 2020	143996	9	492	1591
Aug 06, 2020	141928	7	778	1505
Aug 07, 2020	141463	12	800	2147
Aug 08, 2020	139045	1	811	1910
Aug 09, 2020	138605	1	327	1909
Aug 10, 2020	136387	14	534	737
Aug 11, 2020	129800	14	923	1311
Aug 12, 2020	126421	17	980	2369
Aug 13, 2020	124501	17	1043	2505
Aug 14, 2020	106257	17	939	2671
Aug 15, 2020	105434	4	951	3106
Aug 16, 2020	103513	1	481	2829
Aug 17, 2020	100596	24	656	463
Aug 18, 2020	94734	17	1289	2100
Aug 19, 2020	92502	17	1275	3544
Aug 20, 2020	90442	12	1251	4477
Aug 21, 2020	90679	23	-23	4304
Aug 22, 2020	90211	9	2637	3380
Aug 23, 2020	90524	1	521	4596
Aug 24, 2020	82023	15	960	1835
Aug 25, 2020	79536	16	1575	3101
Aug 26, 2020	77147	0	1505	5095
Aug 27, 2020	73485	32	2115	5735
Aug 28, 2020	72611	20	1890	6925
Aug 29, 2020	72025	6	1903	5117
Aug 30, 2020	72575	4	733	5080
Aug 31, 2020	72114	29	1282	2892
Sep 01, 2020	64097	26	2343	4675
Sep 02, 2020	62833	25	2480	6585
Sep 03, 2020	63649	0	2671	6716
Sep 04, 2020	62657	0	3106	8423
Sep 05, 2020	60964	12	2817	8024
Sep 06, 2020	59791	3	460	6636
Sep 07, 2020	57843	25	2075	3944
Sep 08, 2020	57664	38	3506	6141
Sep 09, 2020	57363	30	4447	8049
Sep 10, 2020	56195	19	4285	9237
Sep 11, 2020	56457	80	3300	8827
Sep 12, 2020	56387	17	4579	9911
Sep 13, 2020	56464	6	1829	6741
Sep 14, 2020	55982	34	3067	5779
Sep 15, 2020	52753	49	5046	7369
Sep 16, 2020	53548	46	5689	9182
Sep 17, 2020	54506	50	6875	9941
Sep 18, 2020	54935	153	4964	12402
Sep 19, 2020	54284	26	5054	12667
Sep 20, 2020	55194	11	2881	9918
Sep 21, 2020	54739	53	4622	4972
Sep 22, 2020	54257	78	6507	9392
Sep 23, 2020	54751	43	6673	12267
Sep 24, 2020	54847	52	8371	15105
Sep 25, 2020	53053	150	7874	14825
Sep 26, 2020	51278	39	6597	13525
Sep 27, 2020	50618	27	3917	10438
Sep 28, 2020	50571	81	6060	3819
Sep 29, 2020	49342	85	7964	7555
Sep 30, 2020	49450	63	9174	12054
Oct 01, 2020	49589	63	8764	13110
Oct 02, 2020	49836	130	9781	11400
Oct 03, 2020	49971	49	6692	15927
Oct 04, 2020	49485	32	5747	11792
Oct 05, 2020	49468	69	7300	4771
Oct 06, 2020	49231	66	9116	9843
Oct 07, 2020	49729	80	9861	17592
Oct 08, 2020	50663	76	12326	17013
Oct 09, 2020	50672	109	12558	19087
Oct 10, 2020	51016	54	9864	25240
Oct 11, 2020	50869	46	4926	15110
Oct 12, 2020	50777	95	9297	7981
Oct 13, 2020	50871	108	12159	12193
Oct 14, 2020	51300	104	15001	21200
Oct 15, 2020	51508	88	14737	28736
Oct 16, 2020	52512	178	13347	23542
Oct 17, 2020	53230	89	10349	30431
Oct 18, 2020	50706	85	3734	28000
Oct 19, 2020	51437	146	7409	12428
Oct 20, 2020	47988	262	11792	19208
Oct 21, 2020	47816	163	12947	25034
Oct 22, 2020	49021	162	11238	39060
Oct 23, 2020	49911	298	15629	39445
Oct 24, 2020	50577	137	11655	42626
Oct 25, 2020	50646	116	4655	48808
Oct 26, 2020	50947	257	9586	25123
Oct 27, 2020	50881	523	17069	31360
Oct 28, 2020	51870	244	16769	34194
Oct 29, 2020	52595	235	18852	44705
Oct 30, 2020	51316	545	24695	46185
Oct 31, 2020	51913	223	14887	33447
Nov 01, 2020	51998	231	7750	45258
Nov 02, 2020	50537	467	11726	51104
Nov 03, 2020	49940	906	20294	35912
Nov 04, 2020	50683	437	28299	39880
Nov 05, 2020	41002	415	23127	56292
Nov 06, 2020	38662	880	29551	58581
Nov 07, 2020	37198	356	27644	83324
Nov 08, 2020	37602	322	12106	38059
Nov 09, 2020	37776	548	18660	20732
Nov 10, 2020	36923	857	24177	22632
Nov 11, 2020	35731	328	38732	35488
Nov 12, 2020	33545	425	39020	32948
Nov 13, 2020	34410	932	41694	24147
Nov 14, 2020	35516	552	48256	31937
Nov 15, 2020	37126	500	24623	27370
Nov 16, 2020	36263	704	30656	10645
Nov 17, 2020	36808	625	33569	13630
Nov 18, 2020	34843	677	44028	26636
Nov 19, 2020	36238	681	45504	19848
Nov 20, 2020	34748	634	32813	21473
Nov 21, 2020	36573	390	44868	16780
Nov 22, 2020	36469	352	50752	12347
Nov 23, 2020	37393	638	35274	4178
Nov 24, 2020	34502	592	39288	8591
Nov 25, 2020	37650	569	55723	15280
Nov 26, 2020	40647	527	58054	12728
Nov 27, 2020	37474	581	82743	11692
Nov 28, 2020	40155	316	37743	11806
Nov 29, 2020	35364	301	20431	9182
Nov 30, 2020	37007	509	22123	3758
Dec 01, 2020	37909	466	35022	7585
Dec 02, 2020	40257	425	32523	13198
Dec 03, 2020	39496	439	23708	11914
Dec 04, 2020	43207	397	31540	10530
Dec 05, 2020	43904	327	27043	12127
Dec 06, 2020	47420	287	10358	10344
Dec 07, 2020	49734	480	13150	3201
Dec 08, 2020	46219	491	26145	12869
Dec 09, 2020	51230	403	19445	13697
Dec 10, 2020	57246	400	21073	12904
Dec 11, 2020	63697	412	16368	12581
Dec 12, 2020	69716	314	12033	13088
Dec 13, 2020	76694	271	3907	10823
Dec 14, 2020	79967	492	8099	2874
Dec 15, 2020	85110	428	14852	10822
Dec 16, 2020	85345	407	12321	16531
Dec 17, 2020	88578	376	11316	17130
Dec 18, 2020	93554	374	11432	14709
Dec 19, 2020	100316	294	8888	16484
Dec 20, 2020	103496	236	3522	12011
Dec 21, 2020	109674	456	7129	5440
Dec 22, 2020	106924	487	12711	11069
Dec 23, 2020	117492	359	11555	14010
Dec 24, 2020	119879	373	10157	20302
Dec 25, 2020	127152	242	11885	19015
Dec 26, 2020	129531	230	10114	2903
Dec 27, 2020	133161	257	2944	8279
Dec 28, 2020	135195	447	12422	2778
Dec 29, 2020	135800	468	13229	10694
Dec 30, 2020	143953	377	12527	24828
Dec 31, 2020	149476	325	12256	18700
Jan 01, 2021	157804	207	12881	18157
Jan 02, 2021	162544	231	10592	3253
Jan 03, 2021	168060	191	2683	11720
Jan 04, 2021	172358	453	10369	3774
Jan 05, 2021	176977	420	16111	19228
Jan 06, 2021	190136	387	16743	23817
Jan 07, 2021	201787	381	14328	20367
Jan 08, 2021	213518	381	16103	18594
Jan 09, 2021	226008	264	11747	18935
Jan 10, 2021	233479	248	5192	14963
Jan 11, 2021	241259	407	10662	3362
Jan 12, 2021	207549	452	13558	18536
Jan 13, 2021	213527	347	19955	22384
Jan 14, 2021	212502	401	18614	19921
Jan 15, 2021	213825	399	2504	19962
Jan 16, 2021	206079	264	8015	20088
Jan 17, 2021	203615	213	2565	15618
Jan 18, 2021	193207	475	10219	3506
Jan 19, 2021	174631	441	24387	22155
Jan 20, 2021	171200	420	18280	25135
Jan 21, 2021	158829	456	17701	21442
Jan 22, 2021	152134	429	2824	21858
Jan 23, 2021	147672	295	11425	22451
Jan 24, 2021	142459	237	3537	17301
Jan 25, 2021	135827	510	18718	3979
Jan 26, 2021	127888	417	23400	20726
Jan 27, 2021	125389	505	19862	25259
Jan 28, 2021	123250	499	18095	22307
Jan 29, 2021	116237	510	18425	21451
Jan 30, 2021	113057	322	14641	22890
Jan 31, 2021	110656	275	3087	18051
Feb 01, 2021	106542	536	18000	4079
Feb 02, 2021	96100	485	21899	21900
Feb 03, 2021	94576	476	19445	24739
Feb 04, 2021	94560	476	19486	22005
Feb 05, 2021	89550	413	19675	20776
Feb 06, 2021	87565	263	15355	19319
Feb 07, 2021	70078	243	3263	18501
Feb 08, 2021	67512	530	21625	4051
Feb 09, 2021	65547	508	24627	17708
Feb 10, 2021	61283	404	21038	23824
Feb 11, 2021	59914	468	21390	19766
Feb 12, 2021	56742	429	22022	19427
Feb 13, 2021	56602	257	17044	19924
Feb 14, 2021	55940	226	3753	15527
Feb 15, 2021	54002	471	20255	4107
Feb 16, 2021	49168	410	24849	18384
Feb 17, 2021	48441	391	21916	23478
Feb 18, 2021	47146	352	21099	21116
Feb 19, 2021	45202	409	22481	22631
Feb 20, 2021	44159	213	17838	20994
Feb 21, 2021	43006	163	3916	20689
Feb 22, 2021	42145	363	21537	4360
Feb 23, 2021	36955	341	24398	18829
Feb 24, 2021	35535	370	21635	29579
Feb 25, 2021	35286	354	20422	23839
Feb 26, 2021	34804	379	18940	23655
Feb 27, 2021	33456	214	18287	22519
Feb 28, 2021	33360	125	3926	18724
Mar 01, 2021	32761	404	17304	4413
Mar 02, 2021	31431	330	23494	21450
Mar 03, 2021	31330	389	19377	25139
Mar 04, 2021	31400	360	19067	23723
Mar 05, 2021	31570	305	19619	22060
Mar 06, 2021	30243	187	15340	21871
Mar 07, 2021	29712	147	3960	20482
Mar 08, 2021	29050	377	18007	4999
Mar 09, 2021	27692	316	23162	21868
Mar 10, 2021	27361	295	20821	28438
Mar 11, 2021	27215	296	22335	25494
Mar 12, 2021	26214	254	20740	23676
Mar 13, 2021	24328	192	20497	27927
Mar 14, 2021	23965	137	4223	24721
Mar 15, 2021	23445	357	18472	6073
Mar 16, 2021	21552	338	29241	28130
Mar 17, 2021	21957	300	23539	36131
Mar 18, 2021	22496	327	23328	32844
Mar 19, 2021	22344	362	22157	32911
Mar 20, 2021	22763	244	18480	33169
Mar 21, 2021	22806	170	4243	28699
Mar 22, 2021	22454	402	21048	35259
Mar 23, 2021	21653	347	24792	23350
Mar 24, 2021	21186	305	23418	31334
Mar 25, 2021	21922	285	21775	42831
Mar 26, 2021	21055	363	21508	39292
Mar 27, 2021	20795	201	20281	39995
Mar 28, 2021	21012	142	4857	34736
Mar 29, 2021	20765	371	21497	26843
Mar 30, 2021	20499	348	28090	26580
Mar 31, 2021	21137	325	25169	39327
Apr 01, 2021	21878	314	23362	47541
Apr 02, 2021	22535	304	27623	43804
Apr 03, 2021	22095	213	24508	18571
Apr 04, 2021	21765	185	5888	57172
Apr 05, 2021	21483	197	27933	11576
Apr 06, 2021	21150	414	35717	54241
Apr 07, 2021	20825	431	32413	28890
Apr 08, 2021	21321	374	32537	14892
Apr 09, 2021	21532	301	32868	38704
Apr 10, 2021	21744	179	28520	40620
Apr 11, 2021	21997	176	35083	32747
Apr 12, 2021	21556	385	22965	8011
Apr 13, 2021	21376	351	30983	36705
Apr 14, 2021	21343	303	42528	40827
Apr 15, 2021	21456	302	38990	35703
Apr 16, 2021	22281	313	39682	34199
Apr 17, 2021	22676	189	34547	33653
Apr 18, 2021	23057	140	26703	27538
Apr 19, 2021	23047	489	26091	6847
Apr 20, 2021	19997	346	38981	39882
Apr 21, 2021	20281	313	47228	32815
Apr 22, 2021	20751	283	43521	32205
Apr 23, 2021	19959	332	18239	30349
Apr 24, 2021	20035	217	56955	30624
Apr 25, 2021	20290	152	11424	22959
Apr 26, 2021	20407	405	53836	5586
Apr 27, 2021	20128	333	28557	28451
Apr 28, 2021	20709	322	14570	29598
Apr 29, 2021	20936	313	38391	24904
Apr 30, 2021	21400	276	40344	22803
May 01, 2021	21867	195	32552	24090
May 02, 2021	22033	116	7895	9279
May 03, 2021	22115	315	36390	3529
May 04, 2021	22145	247	40580	22871
May 05, 2021	23452	252	35451	24400
May 06, 2021	24022	227	33972	20375
May 07, 2021	24618	235	33418	17947
May 08, 2021	26196	179	27359	19468
May 09, 2021	25793	119	6728	8566
May 10, 2021	25737	296	39586	3089
May 11, 2021	25303	240	32575	18573
May 12, 2021	27528	184	32021	20175
May 13, 2021	29573	131	30218	18263
May 14, 2021	31325	173	30451	6593
May 15, 2021	32948	122	22837	14719
May 16, 2021	34406	91	5495	13089
May 17, 2021	33824	206	28245	3144
May 18, 2021	34775	198	29400	16151
May 19, 2021	37245	146	24763	17877
May 20, 2021	37703	138	22803	15415
May 21, 2021	38532	113	23947	12800
May 22, 2021	39642	95	9166	12611
May 23, 2021	40546	76	3440	9704
May 24, 2021	41005	68	22801	2229
May 25, 2021	41288	203	24320	3155
May 26, 2021	43189	153	20172	12646
May 27, 2021	46026	151	17803	13933
May 28, 2021	47055	107	19308	11268
May 29, 2021	48851	69	8459	10675
May 30, 2021	49847	46	3021	8541
May 31, 2021	50111	128	18529	1211
Jun 01, 2021	49243	129	20044	9848
Jun 02, 2021	52972	98	18134	8743
Jun 03, 2021	56347	72	6469	8161
Jun 04, 2021	58622	84	14673	6953
Jun 05, 2021	60739	57	13005	6654
Jun 06, 2021	61965	26	3087	5070
Jun 07, 2021	61652	65	16126	1166
Jun 08, 2021	60257	73	17811	6016
Jun 09, 2021	66563	66	15342	5557
Jun 10, 2021	72085	70	12735	4475
Jun 11, 2021	74704	71	12540	3871
Jun 12, 2021	79826	34	9604	3972
Jun 13, 2021	83270	13	2195	2855
Jun 14, 2021	83842	63	3171	689
Jun 15, 2021	87132	80	12583	3235
Jun 16, 2021	96385	50	13853	3058
Jun 17, 2021	105102	62	11224	2044
Jun 18, 2021	106640	56	10607	3181
Jun 19, 2021	111428	22	8485	2624
Jun 20, 2021	117856	14	1189	1815
Jun 21, 2021	117745	40	9834	487
Jun 22, 2021	119692	51	8703	2204
Jun 23, 2021	131238	33	8110	2320
Jun 24, 2021	142801	44	6920	2007
Jun 25, 2021	146819	33	6610	1986
Jun 26, 2021	152965	16	5037	2128
Jun 27, 2021	159992	21	1154	1578
Jun 28, 2021	158182	48	5999	509
Jun 29, 2021	155192	33	5501	2314
Jun 30, 2021	166316	25	4442	2457
Jul 01, 2021	180854	29	3846	2664
Jul 02, 2021	185713	24	3943	2683
Jul 03, 2021	193640	17	2831	3006
Jul 04, 2021	194174	9	672	2549
Jul 05, 2021	186572	36	3226	796
Jul 06, 2021	184385	34	3022	3585
Jul 07, 2021	196710	28	2010	4081
Jul 08, 2021	210144	25	3153	4442
Jul 09, 2021	210947	18	2599	4580
Jul 10, 2021	212364	19	1797	4696
Jul 11, 2021	210007	4	468	4256
Jul 12, 2021	199998	28	2200	1260
Jul 13, 2021	193929	54	2292	6950
Jul 14, 2021	201945	6	1953	8875
Jul 15, 2021	206424	16	1980	3617
Jul 16, 2021	194545	22	2112	10908
Jul 17, 2021	189500	16	1556	10949
Jul 18, 2021	179187	5	493	12532
Jul 19, 2021	167183	20	2309	4151
Jul 20, 2021	159434	33	2437	18181
Jul 21, 2021	161471	29	2631	21539
Jul 22, 2021	164915	11	2654	21909
Jul 23, 2021	154747	26	2995	19561
Jul 24, 2021	152405	25	2523	25624
Jul 25, 2021	150811	7	771	15242
Jul 26, 2021	144931	50	3579	5307
Jul 27, 2021	141230	31	4036	26871
Jul 28, 2021	151581	44	4414	27934
Jul 29, 2021	156942	32	4540	25190
Jul 30, 2021	156378	66	4667	24309
Jul 31, 2021	154070	47	4196	23471
Aug 01, 2021	154089	20	1217	19600
Aug 02, 2021	151888	56	6932	5184
Aug 03, 2021	147978	63	8824	26829
Aug 04, 2021	152953	59	3560	28784
Aug 05, 2021	156681	57	10855	26460
Aug 06, 2021	157324	66	10897	25077
Aug 07, 2021	159545	35	12472	25755
Aug 08, 2021	161693	33	4119	20450
Aug 09, 2021	158149	75	18151	5775
Aug 10, 2021	152719	75	21471	28576
Aug 11, 2021	141771	60	21841	30920
Aug 12, 2021	148303	85	19507	28554
Aug 13, 2021	151496	82	25547	26453
Aug 14, 2021	155047	56	15168	24427
Aug 15, 2021	153780	49	5256	21172
Aug 16, 2021	154291	107	26827	5829
Aug 17, 2021	154099	123	27837	28114
Aug 18, 2021	159588	124	25079	28405
Aug 19, 2021	163231	140	24197	23973
Aug 20, 2021	170060	92	23344	22319
Aug 21, 2021	163821	89	19517	22636
Aug 22, 2021	168198	49	5103	17300
Aug 23, 2021	164053	119	26785	5166
Aug 24, 2021	165428	169	28676	24853
Aug 25, 2021	168546	102	26307	23706
Aug 26, 2021	170106	110	24984	19683
Aug 27, 2021	168460	109	25432	18249
Aug 28, 2021	156937	85	20355	17590
Aug 29, 2021	158132	61	5701	13630
Aug 30, 2021	155770	112	28523	3795
Aug 31, 2021	151792	136	30822	19425
Sep 01, 2021	145019	86	28418	17621
Sep 02, 2021	145950	103	26320	15911
Sep 03, 2021	144619	93	24324	13466
Sep 04, 2021	144944	83	21079	13336
Sep 05, 2021	142574	49	5746	10410
Sep 06, 2021	141679	102	28065	3042
Sep 07, 2021	136102	152	28303	14534
Sep 08, 2021	135095	100	23821	12828
Sep 09, 2021	121789	103	22219	10969
Sep 10, 2021	108483	80	22533	9966
Sep 11, 2021	106564	46	17220	9601
Sep 12, 2021	106711	29	5120	7679
Sep 13, 2021	105191	86	24824	2062
Sep 14, 2021	91135	147	23620	10327
Sep 15, 2021	83985	79	19536	9144
Sep 16, 2021	81882	65	18170	8128
Sep 17, 2021	77056	66	17525	7373
Sep 18, 2021	65714	42	13564	7414
Sep 19, 2021	64528	28	3753	5814
Sep 20, 2021	63004	68	19397	1515
Sep 21, 2021	56476	153	17553	7851
Sep 22, 2021	52950	58	15758	6794
Sep 23, 2021	52454	62	13408	6229
Sep 24, 2021	51036	49	13274	5879
Sep 25, 2021	51055	29	10361	6012
Sep 26, 2021	50147	14	3013	4706
Sep 27, 2021	47828	92	14520	1309
Sep 28, 2021	46096	60	12736	6765
Sep 29, 2021	46907	42	10909	5835
Sep 30, 2021	42002	56	9924	5204
Oct 01, 2021	39900	46	9545	4935
Oct 02, 2021	39252	30	7633	4948
Oct 03, 2021	39020	9	2032	3744
Oct 04, 2021	37744	50	10318	1138
Oct 05, 2021	36951	75	9094	5558
Oct 06, 2021	34637	34	8053	4946
Oct 07, 2021	33777	34	7339	4615
Oct 08, 2021	33264	38	7380	4470
Oct 09, 2021	32801	15	5776	4734
Oct 10, 2021	32821	8	1500	3991
Oct 11, 2021	32453	30	7843	1120
Oct 12, 2021	27283	68	6764	5880
Oct 13, 2021	22991	23	6161	5578
Oct 14, 2021	23537	38	5856	5187
Oct 15, 2021	23126	34	5974	6099
Oct 16, 2021	23109	15	4672	4899
Oct 17, 2021	22988	5	1294	3778
Oct 18, 2021	22810	41	6760	1057
Oct 19, 2021	20600	49	5794	5934
Oct 20, 2021	20030	21	5155	6036
Oct 21, 2021	19387	35	4914	6127
Oct 22, 2021	19424	29	4913	6366
Oct 23, 2021	19412	23	3715	6291
Oct 24, 2021	19440	4	1115	5005
Oct 25, 2021	19086	41	5554	1295
Oct 26, 2021	18972	47	4905	6603
Oct 27, 2021	18482	34	4568	6528
Oct 28, 2021	18738	33	4436	6461
Oct 29, 2021	18828	27	4701	6433
Oct 30, 2021	18818	22	3964	7360
Oct 31, 2021	18846	12	1098	6329
Nov 01, 2021	18803	6	5868	1866
Nov 02, 2021	18711	74	5572	2039
Nov 03, 2021	18519	39	5113	10050
Nov 04, 2021	18131	47	6060	9502
Nov 05, 2021	18249	26	4852	8998
Nov 06, 2021	16828	25	3752	9605
Nov 07, 2021	16680	10	1032	8547
Nov 08, 2021	16643	55	5924	2197
Nov 09, 2021	16476	58	5981	12476
Nov 10, 2021	16585	33	6069	11883
Nov 11, 2021	16555	17	6333	12603
Nov 12, 2021	16755	48	6274	3860
Nov 13, 2021	17056	16	4957	14646
Nov 14, 2021	16929	17	1279	12496
Nov 15, 2021	16878	70	6586	3241
Nov 16, 2021	16977	47	6458	19778
Nov 17, 2021	17048	50	6414	20294
Nov 18, 2021	17497	52	6383	20366
Nov 19, 2021	18165	50	7308	21220
Nov 20, 2021	18782	23	6279	22678
Nov 21, 2021	19323	15	1843	19749
Nov 22, 2021	19285	94	2024	5266
Nov 23, 2021	20102	98	9956	30454
Nov 24, 2021	20111	81	9404	32591
Nov 25, 2021	18268	43	8917	33464
Nov 26, 2021	19438	60	9562	34436
Nov 27, 2021	21174	34	8487	37218
Nov 28, 2021	23338	23	2163	31648
Nov 29, 2021	23918	122	12453	8279
Nov 30, 2021	28151	115	11761	47177
Dec 01, 2021	36100	96	12488	49610
Dec 02, 2021	46828	103	3764	48416
Dec 03, 2021	60861	127	14543	49858
Dec 04, 2021	74630	49	12369	51624
Dec 05, 2021	83084	29	3192	42252
Dec 06, 2021	86228	192	19749	11308
Dec 07, 2021	96072	172	20102	59019
Dec 08, 2021	112560	133	20194	61340
Dec 09, 2021	132563	136	21087	56854
Dec 10, 2021	143034	150	-136	55339
Dec 11, 2021	158534	65	42277	53720
Dec 12, 2021	163628	48	5201	43848
Dec 13, 2021	176840	243	30406	12036
Dec 14, 2021	170400	158	32348	63405
Dec 15, 2021	191096	151	33306	65713
Dec 16, 2021	210135	188	34285	60866
Dec 17, 2021	210315	162	37030	58128
Dec 18, 2021	209475	85	31486	58536
Dec 19, 2021	206713	75	8194	48473
Dec 20, 2021	199346	224	47102	15075
Dec 21, 2021	197925	229	49386	72832
Dec 22, 2021	209618	170	48187	84272
Dec 23, 2021	188196	179	49688	91608
Dec 24, 2021	206962	167	51445	94124
Dec 25, 2021	213945	84	42085	104611
Dec 26, 2021	210267	96	11224	27697
Dec 27, 2021	205975	256	58923	30383
Dec 28, 2021	198864	290	61084	179807
Dec 29, 2021	196574	184	56564	208099
Dec 30, 2021	195825	180	55155	206243
Dec 31, 2021	192601	189	53540	232200
Jan 01, 2022	193409	110	43659	219126
Jan 02, 2022	183688	91	11926	58432
Jan 03, 2022	159544	270	63314	67461
Jan 04, 2022	153388	351	65443	271686
Jan 05, 2022	152891	246	60515	332252
Jan 06, 2022	151800	204	57882	261481
Jan 07, 2022	148539	193	58332	328214
Jan 08, 2022	147754	142	48280	303669
Jan 09, 2022	146649	90	14933	296097
Jan 10, 2022	144355	280	72742	93896
Jan 11, 2022	142810	341	83992	368149
Jan 12, 2022	138326	246	91267	361719
Jan 13, 2022	106883	225	93878	305322
Jan 14, 2022	100861	191	104386	329371
Jan 15, 2022	102476	148	27506	324580
Jan 16, 2022	94862	98	30235	278129
Jan 17, 2022	91611	296	179709	102144
Jan 18, 2022	90653	375	207803	464769
Jan 19, 2022	85166	231	205868	436167
Jan 20, 2022	84487	245	231969	425183
Jan 21, 2022	79177	233	218881	400851
Jan 22, 2022	79652	167	58199	389320
Jan 23, 2022	75627	115	67294	301614
Jan 24, 2022	74500	393	271571	108481
Jan 25, 2022	73368	467	331859	501635
Jan 26, 2022	66410	258	261014	428008
Jan 27, 2022	67019	268	327956	392168
Jan 28, 2022	67178	263	303401	353503
Jan 29, 2022	67243	178	295834	332398
Jan 30, 2022	65299	127	93718	249448
Jan 31, 2022	53668	348	368022	82657
Feb 01, 2022	53601	381	361371	416896
Feb 02, 2022	55856	276	304941	315363
Feb 03, 2022	54849	264	329095	274352
Feb 04, 2022	49967	355	324316	241049
Feb 05, 2022	49057	170	277774	214542
Feb 06, 2022	47878	129	101974	155439
Feb 07, 2022	46895	417	464640	46001
Feb 08, 2022	40745	691	435750	235267
Feb 09, 2022	43514	283	412530	179614
Feb 10, 2022	44090	310	412530	153025
Feb 11, 2022	43781	329	389010	131376
Feb 12, 2022	42351	161	301285	118611
Feb 13, 2022	42499	107	108320	86562
Feb 14, 2022	37406	385	501528	26475
Feb 15, 2022	36837	390	427623	142253
Feb 16, 2022	38370	276	391778	98735
Feb 17, 2022	38873	287	353227	92345
Feb 18, 2022	38210	304	332111	82553
Feb 19, 2022	37228	148	249144	76638
Feb 20, 2022	37148	114	82509	59003
Feb 21, 2022	36492	283	416896	17195
Feb 22, 2022	37049	285	319295	97382
Feb 23, 2022	34211	213	269738	66833
Feb 24, 2022	34847	281	240836	66732
Feb 25, 2022	34023	188	214261	58138
Feb 26, 2022	33018	101	155251	53623
Feb 27, 2022	32298	76	45900	42600
Feb 28, 2022	31521	232	235191	13483
Mar 01, 2022	25222	209	179382	79794
Mar 02, 2022	25440	186	152816	57697
Mar 03, 2022	25758	180	131190	60225
Mar 04, 2022	24551	181	118431	57789
Mar 05, 2022	23678	120	86381	53678
Mar 06, 2022	24559	32	26355	45328
Mar 07, 2022	21020	176	142221	14496
Mar 08, 2022	17490	167	98559	93050
Mar 09, 2022	19229	155	92178	69190
Mar 10, 2022	18852	107	82398	74818
Mar 11, 2022	19719	149	76531	72399
Mar 12, 2022	20351	51	58854	72443
Mar 13, 2022	18341	29	17144	60422
Mar 14, 2022	18112	185	97353	18853
Mar 15, 2022	18219	146	66648	116618
Mar 16, 2022	14743	173	66586	108832
Mar 17, 2022	15052	116	57965	101747
Mar 18, 2022	15029	112	53507	97579
Mar 19, 2022	15186	62	42488	98104
Mar 20, 2022	14886	30	13421	81283
Mar 21, 2022	14628	152	79764	24179
Mar 22, 2022	14230	133	57545	180777
Mar 23, 2022	12996	101	60092	145560
Mar 24, 2022	13765	124	57688	148635
Mar 25, 2022	13836	121	53554	143571
Mar 26, 2022	14573	67	45207	139517
Mar 27, 2022	13723	41	14429	110174
Mar 28, 2022	13636	149	93009	29455
Mar 29, 2022	13163	164	69041	217480
Mar 30, 2022	13699	149	74654	169024
Mar 31, 2022	15100	139	72250	169311
Apr 01, 2022	12531	134	72304	148629
Apr 02, 2022	12742	68	60288	132114
Apr 03, 2022	11781	31	18785	102266
Apr 04, 2022	11506	149	116587	27648
Apr 05, 2022	11422	129	108683	203021
Apr 06, 2022	12629	128	101618	161950
Apr 07, 2022	13083	105	97451	158792
Apr 08, 2022	12358	139	97999	148768
Apr 09, 2022	13443	87	81144	141690
Apr 10, 2022	12668	45	24092	107654
Apr 11, 2022	11447	178	180732	25492
Apr 12, 2022	11706	159	145382	190762
Apr 13, 2022	10995	152	148476	146426
Apr 14, 2022	11801	133	143419	137342
Apr 15, 2022	12941	151	139384	125394
Apr 16, 2022	13054	61	110023	111583
Apr 17, 2022	13489	35	29394	86650
Apr 18, 2022	13957	48	217445	19810
Apr 19, 2022	14611	182	168976	25465
Apr 20, 2022	16180	227	169129	155711
Apr 21, 2022	19472	185	148402	104007
Apr 22, 2022	22891	146	131929	88389
Apr 23, 2022	26819	75	102120	80571
Apr 24, 2022	29311	40	27573	58954
Apr 25, 2022	30086	197	202981	13984
Apr 26, 2022	34150	170	161753	97498
Apr 27, 2022	37860	152	158622	67711
Apr 28, 2022	39518	132	148616	59760
Apr 29, 2022	38797	158	141558	52919
Apr 30, 2022	42731	61	107496	49482
May 01, 2022	45285	32	25431	36726
May 02, 2022	46378	180	190730	8737
May 03, 2022	40186	120	146246	67017
May 04, 2022	44808	114	137222	47925
May 05, 2022	48672	122	125280	44225
May 06, 2022	53603	110	111461	40224
May 07, 2022	58576	62	86540	37958
May 08, 2022	61812	54	19748	29324
May 09, 2022	63237	132	25411	7354
May 10, 2022	66393	123	155579	56449
May 11, 2022	69872	96	103884	40299
May 12, 2022	73724	84	88293	36047
May 13, 2022	76274	98	80487	32773
May 14, 2022	78349	74	58856	30459
May 15, 2022	80342	21	13984	22844
May 16, 2022	80177	126	97403	5936
May 17, 2022	78602	90	67585	43727
May 18, 2022	80191	80	59670	29995
May 19, 2022	80791	67	52839	27842
May 20, 2022	81174	65	49415	24332
May 21, 2022	59118	44	36661	22507
May 22, 2022	59988	11	8737	16965
May 23, 2022	57471	82	66962	4386
May 24, 2022	54600	88	47843	32029
May 25, 2022	55077	51	44137	22006
May 26, 2022	50253	28	40173	21234
May 27, 2022	48942	45	37930	4811
May 28, 2022	53002	23	29279	23582
May 29, 2022	49096	14	7354	16440
May 30, 2022	45730	85	56412	4673
May 31, 2022	44024	76	40214	35142
Jun 01, 2022	42203	58	35971	26144
Jun 02, 2022	40594	41	32715	25365
Jun 03, 2022	33552	38	30418	25130
Jun 04, 2022	31952	34	22806	25172
Jun 05, 2022	30551	10	5936	20542
Jun 06, 2022	27723	9	43727	6184
Jun 07, 2022	25556	74	29942	11627
Jun 08, 2022	25065	77	27768	53802
Jun 09, 2022	23897	42	24255	40151
Jun 10, 2022	23329	39	-42	17152
Jun 11, 2022	22482	0	39433	0
Jun 12, 2022	22233	0	4386	79397
Jun 13, 2022	20660	92	32029	8474
Jun 14, 2022	19337	57	21914	65425
Jun 15, 2022	18286	49	21177	51954
Jun 16, 2022	15851	49	4762	53081
Jun 17, 2022	14798	43	23533	50605
Jun 18, 2022	14573	19	-43	50266
Jun 19, 2022	14102	3	16440	40125
Jun 20, 2022	13851	45	39793	11566
Jun 21, 2022	13571	56	26099	95217
Jun 22, 2022	13520	66	25309	77967
Jun 23, 2022	13409	40	25064	79852
Jun 24, 2022	13204	49	25132	79262
Jun 25, 2022	13271	30	-49	80926
Jun 26, 2022	13318	11	20542	66301
Jun 27, 2022	12972	48	17770	17601
Jun 28, 2022	12257	37	53754	147248
Jun 29, 2022	11739	48	40114	124724
Jun 30, 2022	11588	42	17104	133346
Jul 01, 2022	9274	52	-42	125066
Jul 02, 2022	9542	30	-52	122639
Jul 03, 2022	9590	14	79397	96191
Jul 04, 2022	9131	97	73899	24418
Jul 05, 2022	8344	75	51813	206554
Jul 06, 2022	7798	53	53006	154615
Jul 07, 2022	8252	89	50552	161265
Jul 08, 2022	8211	74	50177	140997
Jul 09, 2022	8211	39	-74	116405
Jul 10, 2022	8211	15	40125	110589
Jul 11, 2022	7355	108	106783	24343
Jul 12, 2022	7376	126	77805	182006
Jul 13, 2022	7761	109	79726	127642
Jul 14, 2022	7432	54	79153	119285
Jul 15, 2022	7324	108	80872	23027
Jul 16, 2022	7324	59	66193	124009
Jul 17, 2022	7324	26	17601	73668
Jul 18, 2022	6675	174	147163	17733
Jul 19, 2022	5964	144	124550	134188
Jul 20, 2022	5913	125	133202	89982
Jul 21, 2022	6002	133	124941	80869
Jul 22, 2022	5974	113	122506	74348
Jul 23, 2022	5974	57	96078	68532
Jul 24, 2022	5974	23	24418	50032
Jul 25, 2022	6179	130	206474	11195
Jul 26, 2022	6167	119	154485	87562
Jul 27, 2022	6299	103	161146	58638
Jul 28, 2022	4931	112	140894	51594
Jul 29, 2022	4966	89	116293	45515
Jul 30, 2022	5531	55	110500	41274
Jul 31, 2022	5689	20	24343	31535
Aug 01, 2022	5847	121	181931	7249
Aug 02, 2022	6003	101	127521	54519
Aug 03, 2022	6159	90	119184	38788
Aug 04, 2022	6315	87	22937	33799
Aug 05, 2022	6476	80	123922	30592
Aug 06, 2022	6735	45	73588	28518
Aug 07, 2022	7018	20	17733	21528
Aug 08, 2022	7287	109	134123	5090
Aug 09, 2022	7283	111	89873	38230
Aug 10, 2022	7442	88	80758	27081
Aug 11, 2022	7969	80	74260	24312
Aug 12, 2022	8277	74	68452	22638
Aug 13, 2022	8511	0	49958	21175
Aug 14, 2022	8674	0	11195	16347
Aug 15, 2022	8780	65	87562	4564
Aug 16, 2022	9028	113	58573	6331
Aug 17, 2022	5590	93	51481	35745
Aug 18, 2022	5842	92	45422	23605
Aug 19, 2022	6105	74	41182	20236
Aug 20, 2022	6323	40	31461	19870
Aug 21, 2022	6320	0	7249	14820
Aug 22, 2022	6588	76	54479	4012
Aug 23, 2022	6793	88	38712	28988
Aug 24, 2022	5547	57	33711	21289
Aug 25, 2022	5588	44	30535	19837
Aug 26, 2022	5582	51	28474	18116
Aug 27, 2022	5523	23	21477	17833
Aug 28, 2022	5415	9	5090	14110
Aug 29, 2022	5227	78	38198	3806
Aug 30, 2022	5241	72	27003	27358
Aug 31, 2022	5316	54	24240	19240
Sep 01, 2022	5615	41	22584	18646
Sep 02, 2022	5858	55	21134	16399
Sep 03, 2022	6023	14	16292	15597
Sep 04, 2022	6179	3	4564	12894
Sep 05, 2022	6284	67	6314	3443
Sep 06, 2022	6281	60	35678	26918
Sep 07, 2022	5380	46	23545	20142
Sep 08, 2022	5655	58	20190	19866
Sep 09, 2022	5984	31	19812	19087
Sep 10, 2022	6211	15	14789	19517
Sep 11, 2022	6339	6	4012	16422
Sep 12, 2022	6419	40	28967	4579
Sep 13, 2022	6658	49	21249	41850
Sep 14, 2022	6920	33	19788	33575
Sep 15, 2022	6110	33	18083	33263
Sep 16, 2022	6389	28	17800	28686
Sep 17, 2022	6643	11	14082	33162
Sep 18, 2022	6643	2	3806	23137
Sep 19, 2022	6905	58	27345	5219
Sep 20, 2022	6901	48	19182	51816
Sep 21, 2022	7200	33	18598	38250
Sep 22, 2022	5577	30	16366	38464
Sep 23, 2022	5729	33	15567	37524
Sep 24, 2022	6051	14	12861	38024
Sep 25, 2022	6118	8	3443	31365
Sep 26, 2022	6354	51	26896	7489
Sep 27, 2022	6668	40	20091	73639
Sep 28, 2022	6991	45	19826	53410
Sep 29, 2022	7319	33	19042	51366
Sep 30, 2022	7627	34	19484	48261
Oct 01, 2022	7627	17	16388	46596
Oct 02, 2022	7627	7	4579	37453
Oct 03, 2022	7950	62	41826	8690
Oct 04, 2022	8350	74	33513	89185
Oct 05, 2022	5442	47	33189	66564
Oct 06, 2022	5729	50	28639	65537
Oct 07, 2022	6088	53	33112	61121
Oct 08, 2022	6349	26	23084	57270
Oct 09, 2022	6552	8	5219	42626
Oct 10, 2022	6686	79	51782	9373
Oct 11, 2022	7046	85	38171	94753
Oct 12, 2022	7407	55	38379	67948
Oct 13, 2022	7825	62	37469	64218
Oct 14, 2022	8221	79	37962	58695
Oct 15, 2022	8606	35	31286	55394
Oct 16, 2022	8606	17	7489	41973
Oct 17, 2022	8980	112	73587	9421
Oct 18, 2022	9377	101	53298	87666
Oct 19, 2022	9801	106	51265	63031
Oct 20, 2022	10207	69	48155	56793
Oct 21, 2022	10612	81	46527	49087
Oct 22, 2022	10612	33	37372	43746
Oct 23, 2022	10824	17	8690	31470
Oct 24, 2022	11305	122	89135	6907
Oct 25, 2022	11674	131	66442	59653
Oct 26, 2022	12023	60	65406	41185
Oct 27, 2022	12394	71	61061	37089
Oct 28, 2022	12750	61	57199	25783
Oct 29, 2022	12927	41	42565	22723
Oct 30, 2022	13343	9	9373	16456
Oct 31, 2022	13491	112	94703	3768
Nov 01, 2022	13834	53	67836	29525
Nov 02, 2022	14210	97	64165	5691
Nov 03, 2022	14679	55	58598	42025
Nov 04, 2022	14868	78	55339	29438
Nov 05, 2022	14868	34	41895	26840
Nov 06, 2022	15073	9	0	21178
Nov 07, 2022	15791	109	97044	3645
Nov 08, 2022	16227	117	62922	40591
Nov 09, 2022	16747	72	56676	28702
Nov 10, 2022	17232	53	49015	27068
Nov 11, 2022	17841	33	43693	26353
Nov 12, 2022	18305	15	31437	5577
Nov 13, 2022	18568	2	6907	27155
Nov 14, 2022	19466	100	59636	6017
Nov 15, 2022	20645	110	41085	48971
Nov 16, 2022	21288	71	36979	34878
Nov 17, 2022	21746	87	25712	33331
Nov 18, 2022	22344	74	22636	37177
Nov 19, 2022	22344	75	16382	47088
Nov 20, 2022	22344	6	3768	14204
Nov 21, 2022	23220	94	29444	29335
Nov 22, 2022	23600	89	5597	64772
Nov 23, 2022	24443	84	41936	49188
Nov 24, 2022	24957	60	-84	50530
Nov 25, 2022	25355	68	56218	48629
Nov 26, 2022	25355	29	21110	48331
Nov 27, 2022	25778	8	3645	37675
Nov 28, 2022	26046	95	40554	9304
Nov 29, 2022	26511	88	28607	91814
Nov 30, 2022	26956	91	26980	68382
Dec 01, 2022	27238	76	26262	69253
Dec 02, 2022	27550	67	5501	59008
Dec 03, 2022	27799	38	27088	52908
Dec 04, 2022	27942	10	6017	40006
Dec 05, 2022	28047	104	48923	10591
Dec 06, 2022	28272	117	34774	105516
Dec 07, 2022	28573	93	33214	75752
Dec 08, 2022	29366	62	37084	71597
Dec 09, 2022	29705	94	47026	65509
Dec 10, 2022	30014	62	14110	61482
Dec 11, 2022	30206	30	29335	46422
Dec 12, 2022	30206	167	64680	10878
Dec 13, 2022	30416	138	49021	97037
Dec 14, 2022	30817	114	50392	70224
Dec 15, 2022	31076	106	48515	62541
Dec 16, 2022	31494	131	48225	56361
Dec 17, 2022	31529	45	37544	52544
Dec 18, 2022	31529	35	9304	37264
Dec 19, 2022	31529	178	91734	8213
Dec 20, 2022	31912	130	68204	71212
Dec 21, 2022	31912	127	69123	54613
Dec 22, 2022	32199	120	58881	49517
Dec 23, 2022	32607	158	52788	43766
Dec 24, 2022	32973	58	39848	40744
Dec 25, 2022	33125	24	0	23681
Dec 26, 2022	33207	133	10591	5429
Dec 27, 2022	33361	208	105516	30989
Dec 28, 2022	33506	140	147349	26081
Dec 29, 2022	33506	132	64946	24436
Dec 30, 2022	33924	115	61350	23808
Dec 31, 2022	34128	52	46307	21836
Jan 01, 2023	34245	28	10878	15005
Jan 02, 2023	34292	172	96957	2246
Jan 03, 2023	34380	163	70052	22916
Jan 04, 2023	34405	123	62378	14105
Jan 05, 2023	34762	143	56238	11537
Jan 06, 2023	34976	126	52401	10383
Jan 07, 2023	34976	54	37264	8961
Jan 08, 2023	35008	22	8213	6557
Jan 09, 2023	35214	145	71010	1702
Jan 10, 2023	35214	115	54468	11715
Jan 11, 2023	35816	88	49402	7635
Jan 12, 2023	35986	53	43678	7159
Jan 13, 2023	36169	101	40691	6238
Jan 14, 2023	36533	27	23580	5429
Jan 15, 2023	36713	9	5429	4166
Jan 16, 2023	36817	80	30953	1235
Jan 17, 2023	37040	99	26001	8381
Jan 18, 2023	37914	82	24337	5894
Jan 19, 2023	38453	64	23726	4992
Jan 20, 2023	38702	44	21772	4475
Jan 21, 2023	38702	54	14961	4324
Jan 22, 2023	39066	9	2246	3477
Jan 23, 2023	39173	134	22853	1027
Jan 24, 2023	39428	59	13971	7263
Jan 25, 2023	39702	0	11478	5347
Jan 26, 2023	39953	28	10383	5287
Jan 27, 2023	40183	44	8933	4681
Jan 28, 2023	40183	0	6513	4513
Jan 29, 2023	40315	0	1702	3802
Jan 30, 2023	40619	96	11715	982
Jan 31, 2023	40865	57	7539	6860
Feb 01, 2023	41100	53	7102	4506
Feb 02, 2023	41357	52	6185	4021
Feb 03, 2023	41600	28	0	3618
Feb 04, 2023	41600	21	5429	3312
Feb 05, 2023	41600	0	4166	2632
Feb 06, 2023	42110	40	9616	718
Feb 07, 2023	42561	42	5753	4999
Feb 08, 2023	42909	31	4950	3991
Feb 09, 2023	43245	17	4444	3653
Feb 10, 2023	43522	20	4307	3366
Feb 11, 2023	43721	0	3457	3187
Feb 12, 2023	43811	0	1027	2469
Feb 13, 2023	43865	50	7263	706
Feb 14, 2023	44247	35	5297	4986
Feb 15, 2023	44247	35	5252	3972
Feb 16, 2023	44976	27	4646	4021
Feb 17, 2023	45248	28	4486	3589
Feb 18, 2023	45248	0	3774	4236
Feb 19, 2023	45248	0	982	2999
Feb 20, 2023	45984	47	6860	898
Feb 21, 2023	45984	32	4459	5774
Feb 22, 2023	45984	38	3989	4584
Feb 23, 2023	45984	19	3580	4489
Feb 24, 2023	46282	29	3293	3917
Feb 25, 2023	46477	0	2603	3843
Feb 26, 2023	47222	0	718	2942
Feb 27, 2023	48136	52	4999	841
Feb 28, 2023	48472	34	3939	5651
Mar 01, 2023	48762	25	3619	4525
Mar 02, 2023	49356	21	3341	4196
Mar 03, 2023	49788	21	3166	3194
Mar 04, 2023	49788	0	2448	4013
Mar 05, 2023	49788	0	0	0
Mar 06, 2023	50756	43	5692	953
Mar 07, 2023	50943	0	-43	0
Mar 08, 2023	51540	0	3972	0
Mar 09, 2023	51966	0	4021	0
Mar 10, 2023	52352	90	7825	6188
Mar 11, 2023	52352	0	2909	6072
Mar 12, 2023	52352	0	898	4558
Mar 13, 2023	53218	50	5774	1235
Mar 14, 2023	53218	27	4534	9937
Mar 15, 2023	53218	24	4462	8348
Mar 16, 2023	54477	24	3893	7932
Mar 17, 2023	54477	26	3819	7228
Mar 18, 2023	54477	0	2916	7210
Mar 19, 2023	54477	0	841	5459
Mar 20, 2023	54478	63	5651	1470
Mar 21, 2023	55960	35	4462	11519
Mar 22, 2023	56158	13	4161	9762
Mar 23, 2023	56538	29	3181	9249
Mar 24, 2023	56897	15	3984	8839
Mar 25, 2023	57193	0	-15	8435
Mar 26, 2023	57193	0	953	6211
Mar 27, 2023	57519	65	0	7
Mar 28, 2023	57791	39	-65	12933
Mar 29, 2023	57791	36	-39	10885
Mar 30, 2023	57791	0	-36	0
Mar 31, 2023	58106	69	12260	9211
Apr 01, 2023	58106	0	4489	8455
Apr 02, 2023	58106	0	1235	6027
Apr 03, 2023	59210	58	9937	1453
Apr 04, 2023	59454	0	-58	0
Apr 05, 2023	59713	58	16280	9922
Apr 06, 2023	60000	35	7170	9374
Apr 07, 2023	60000	28	7175	8786
Apr 08, 2023	60000	0	5431	7739
Apr 09, 2023	60000	0	1470	6474
Apr 10, 2023	60000	0	11519	1342
Apr 11, 2023	60136	0	9762	1884
Apr 12, 2023	60411	59	9249	14207
Apr 13, 2023	60411	0	8780	10678
Apr 14, 2023	60748	108	8435	9467
Apr 15, 2023	60748	0	6103	8595
Apr 16, 2023	60748	0	7	5805
Apr 17, 2023	61362	0	12933	1411
Apr 18, 2023	61362	140	10885	10616
Apr 19, 2023	61362	0	-140	8807
Apr 20, 2023	61362	0	9211	8201
Apr 21, 2023	61362	125	8455	7400
Apr 22, 2023	61362	0	5902	6796
Apr 23, 2023	61362	0	1453	5008
Apr 24, 2023	61362	0	0	1185
Apr 25, 2023	61362	136	9922	8895
Apr 26, 2023	61362	0	9238	7490
Apr 27, 2023	61362	0	8786	6609
Apr 28, 2023	61362	131	7739	6144
Apr 29, 2023	61362	0	6343	5642
Apr 30, 2023	61362	0	1342	4030
May 01, 2023	61362	0	1884	1098
May 02, 2023	61362	89	14207	1065
May 03, 2023	61362	0	10589	8715
May 04, 2023	61362	0	9467	6161
May 05, 2023	61362	166	8595	5505
May 06, 2023	61362	0	5639	5103
May 07, 2023	61362	0	1411	3301
May 08, 2023	61362	0	10616	759
May 09, 2023	61362	51	8807	1044
May 10, 2023	61362	0	8150	6708
May 11, 2023	61362	0	0	0
May 12, 2023	61362	108	14196	9003
May 13, 2023	61362	0	4900	3706
May 14, 2023	61362	0	1185	2563
May 15, 2023	61362	0	8895	623
May 16, 2023	61362	82	7490	5118
May 17, 2023	61362	0	6527	4149
May 18, 2023	61362	0	0	0
May 19, 2023	61362	0	6144	0
May 20, 2023	61362	0	5642	0
May 21, 2023	61362	0	4030	0
May 22, 2023	61362	76	2163	677
May 23, 2023	61362	79	8639	5901
May 24, 2023	61362	0	6082	4905
May 25, 2023	61362	0	5505	4220
May 26, 2023	61362	56	5103	3724
May 27, 2023	61362	0	3245	3317
May 28, 2023	61362	0	759	2284
May 29, 2023	61362	0	1044	592
May 30, 2023	61362	48	6708	902
May 31, 2023	61362	0	-48	5210
Jun 01, 2023	61362	0	9003	3735
Jun 02, 2023	61362	62	3706	3204
Jun 03, 2023	61362	0	2501	2797
Jun 04, 2023	61362	0	623	2082
Jun 05, 2023	61362	0	5118	443
Jun 06, 2023	61362	51	4149	3590
Jun 07, 2023	61362	0	-51	2762
Jun 08, 2023	61362	0	0	2603
Jun 09, 2023	61362	56	0	2357
Jun 10, 2023	61362	0	-56	2135
Jun 11, 2023	61362	0	677	1282
Jun 12, 2023	61362	0	5901	332
Jun 13, 2023	61362	28	4905	2631
Jun 14, 2023	61362	0	4192	2069
Jun 15, 2023	61362	0	3724	545
Jun 16, 2023	61362	40	3317	2895
Jun 17, 2023	61362	0	2244	1482
Jun 18, 2023	61362	0	592	1080
Jun 19, 2023	61362	0	902	270
Jun 20, 2023	61362	45	5210	2071
Jun 21, 2023	61362	0	3690	1702
Jun 22, 2023	61362	0	3204	1420
Jun 23, 2023	61362	23	2797	1232
Jun 24, 2023	61362	0	2059	1217
Jun 25, 2023	61362	0	443	776
Jun 26, 2023	61362	0	3590	213
Jun 27, 2023	61362	26	2762	1680
Jun 28, 2023	61362	0	2577	1148
Jun 29, 2023	61362	0	2357	1106
Jun 30, 2023	61362	0	2135	1106
Jul 01, 2023	61362	0	0	0
Jul 02, 2023	61362	0	1282	0
Jul 03, 2023	61362	0	332	0
Jul 04, 2023	61362	0	2631	0
Jul 05, 2023	61362	0	2069	0
Jul 06, 2023	61362	0	545	0
Jul 07, 2023	61362	0	2895	0
Jul 08, 2023	61362	0	1482	0
Jul 09, 2023	61362	0	1080	0
Jul 10, 2023	61362	0	270	0
Jul 11, 2023	61362	0	2071	0
Jul 12, 2023	61362	0	1702	0
Jul 13, 2023	61362	0	1420	0
Jul 14, 2023	61362	0	1232	0
Jul 15, 2023	61362	0	1217	0
Jul 16, 2023	61362	0	776	0
Jul 17, 2023	61362	0	213	0
Jul 18, 2023	61362	0	1680	0
Jul 19, 2023	61362	0	1148	0
Jul 20, 2023	61362	0	1106	0
Jul 21, 2023	61362	0	1106	0
Jul 22, 2023	61362	0	0	0
Jul 23, 2023	61362	0	0	0
Jul 24, 2023	61362	0	0	0
Jul 25, 2023	61362	0	0	0
Jul 26, 2023	61362	0	0	0
Jul 27, 2023	61362	0	0	0
Jul 28, 2023	61362	0	0	0
Jul 29, 2023	61362	0	0	0
Jul 30, 2023	61362	0	0	0
Jul 31, 2023	61362	0	0	0
Aug 01, 2023	61362	0	0	0
Aug 02, 2023	61362	0	0	0
Aug 03, 2023	61362	0	0	0
Aug 04, 2023	61362	0	0	0
Aug 05, 2023	61362	0	0	0
Aug 06, 2023	61362	0	0	0
Aug 07, 2023	61362	0	0	0
Aug 08, 2023	61362	0	0	0
Aug 09, 2023	61362	0	0	0
Aug 10, 2023	61362	0	0	0
Aug 11, 2023	61362	0	0	0
Aug 12, 2023	61362	0	0	0
Aug 13, 2023	61362	0	0	0
Aug 14, 2023	61362	0	0	0
Aug 15, 2023	61362	0	0	0
Aug 16, 2023	61362	0	0	0
Aug 17, 2023	61362	0	0	0
Aug 18, 2023	61362	0	0	0
Aug 19, 2023	61362	0	0	0
Aug 20, 2023	61362	0	0	0
Aug 21, 2023	61362	0	0	0
Aug 22, 2023	61362	0	0	0
Aug 23, 2023	61362	0	0	0
Aug 24, 2023	61362	0	0	0
Aug 25, 2023	61362	0	0	0
Aug 26, 2023	61362	0	0	0
Aug 27, 2023	61362	0	0	0
Aug 28, 2023	61362	0	0	0
Aug 29, 2023	61362	0	0	0
Aug 30, 2023	61362	0	0	0
Aug 31, 2023	61362	0	0	0
Sep 01, 2023	61362	0	0	0
Sep 02, 2023	61362	0	0	0
Sep 03, 2023	61362	0	0	0
Sep 04, 2023	61362	0	0	0
Sep 05, 2023	61362	0	0	0
Sep 06, 2023	61362	0	0	0
Sep 07, 2023	61362	0	0	0
Sep 08, 2023	61362	0	0	0
Sep 09, 2023	61362	0	0	0
Sep 10, 2023	61362	0	0	0
Sep 11, 2023	61362	0	0	0
Sep 12, 2023	61362	0	0	0
Sep 13, 2023	61362	0	0	0
Sep 14, 2023	61362	0	0	0
Sep 15, 2023	61362	0	0	0
Sep 16, 2023	61362	0	0	0
Sep 17, 2023	61362	0	0	0
Sep 18, 2023	61362	0	0	0
Sep 19, 2023	61362	0	0	0
Sep 20, 2023	61362	0	0	0
Sep 21, 2023	61362	0	0	0
Sep 22, 2023	61362	0	0	0
Sep 23, 2023	61362	0	0	0
Sep 24, 2023	61362	0	0	0
Sep 25, 2023	61362	0	0	0
Sep 26, 2023	61362	0	0	0
Sep 27, 2023	61362	0	0	0
Sep 28, 2023	61362	0	0	0
Sep 29, 2023	61362	0	0	0
Sep 30, 2023	61362	0	0	0
Oct 01, 2023	61362	0	0	0
Oct 02, 2023	61362	0	0	0
Oct 03, 2023	61362	0	0	0
Oct 04, 2023	61362	0	0	0
Oct 05, 2023	61362	0	0	0
Oct 06, 2023	61362	0	0	0
Oct 07, 2023	61362	0	0	0
Oct 08, 2023	61362	0	0	0
Oct 09, 2023	61362	0	0	0
Oct 10, 2023	61362	0	0	0
Oct 11, 2023	61362	0	0	0
Oct 12, 2023	61362	0	0	0
Oct 13, 2023	61362	0	0	0
Oct 14, 2023	61362	0	0	0
Oct 15, 2023	61362	0	0	0
Oct 16, 2023	61362	0	0	0
Oct 17, 2023	61362	0	0	0
Oct 18, 2023	61362	0	0	0
Oct 19, 2023	61362	0	0	0
Oct 20, 2023	61362	0	0	0
Oct 21, 2023	61362	0	0	0
Oct 22, 2023	61362	0	0	0
Oct 23, 2023	61362	0	0	0
Oct 24, 2023	61362	0	0	0
Oct 25, 2023	61362	0	0	0
Oct 26, 2023	61362	0	0	0
Oct 27, 2023	61362	0	0	0
Oct 28, 2023	61362	0	0	0
Oct 29, 2023	61362	0	0	0
Oct 30, 2023	61362	0	0	0
Oct 31, 2023	61362	0	0	0
Nov 01, 2023	61362	0	0	0
Nov 02, 2023	61362	0	0	0
Nov 03, 2023	61362	0	0	0
Nov 04, 2023	61362	0	0	0
Nov 05, 2023	61362	0	0	0
Nov 06, 2023	61362	0	0	0
Nov 07, 2023	61362	0	0	0
Nov 08, 2023	61362	0	0	0
Nov 09, 2023	61362	0	0	0
Nov 10, 2023	61362	0	0	0
Nov 11, 2023	61362	0	0	0
Nov 12, 2023	61362	0	0	0
Nov 13, 2023	61362	0	0	0
Nov 14, 2023	61362	0	0	0
Nov 15, 2023	61362	0	0	0
Nov 16, 2023	61362	0	0	0
Nov 17, 2023	61362	0	0	0
Nov 18, 2023	61362	0	0	0
Nov 19, 2023	61362	0	0	0
Nov 20, 2023	61362	0	0	0
Nov 21, 2023	61362	0	0	0
Nov 22, 2023	61362	0	0	0
Nov 23, 2023	61362	0	0	0
Nov 24, 2023	61362	0	0	0
Nov 25, 2023	61362	0	0	0
Nov 26, 2023	61362	0	0	0
Nov 27, 2023	61362	0	0	0
Nov 28, 2023	61362	0	0	0
Nov 29, 2023	61362	0	0	0
Nov 30, 2023	61362	0	0	0
Dec 01, 2023	61362	0	0	0
Dec 02, 2023	61362	0	0	0
Dec 03, 2023	61362	0	0	0
Dec 04, 2023	61362	0	0	0
Dec 05, 2023	61362	0	0	0
Dec 06, 2023	61362	0	0	0
Dec 07, 2023	61362	0	0	0
Dec 08, 2023	61362	0	0	0
Dec 09, 2023	61362	0	0	0
Dec 10, 2023	61362	0	0	0
Dec 11, 2023	61362	0	0	0
Dec 12, 2023	61362	0	0	0
Dec 13, 2023	61362	0	0	0
Dec 14, 2023	61362	0	0	0
Dec 15, 2023	61362	0	0	0
Dec 16, 2023	61362	0	0	0
Dec 17, 2023	61362	0	0	0
Dec 18, 2023	61362	0	0	0
Dec 19, 2023	61362	0	0	0
Dec 20, 2023	61362	0	0	0
Dec 21, 2023	61362	0	0	0
Dec 22, 2023	61362	0	0	0
Dec 23, 2023	61362	0	0	0
Dec 24, 2023	61362	0	0	0
Dec 25, 2023	61362	0	0	0
Dec 26, 2023	61362	0	0	0
Dec 27, 2023	61362	0	0	0
Dec 28, 2023	61362	0	0	0
Dec 29, 2023	61362	0	0	0
Dec 30, 2023	61362	0	0	0
Dec 31, 2023	61362	0	0	0
Jan 01, 2024	61362	0	0	0
Jan 02, 2024	61362	0	0	0
Jan 03, 2024	61362	0	0	0
Jan 04, 2024	61362	0	0	0
Jan 05, 2024	61362	0	0	0
Jan 06, 2024	61362	0	0	0
Jan 07, 2024	61362	0	0	0
Jan 08, 2024	61362	0	0	0
Jan 09, 2024	61362	0	0	0
Jan 10, 2024	61362	0	0	0
Jan 11, 2024	61362	0	0	0
Jan 12, 2024	61362	0	0	0
Jan 13, 2024	61362	0	0	0
Jan 14, 2024	61362	0	0	0
Jan 15, 2024	61362	0	0	0
Jan 16, 2024	61362	0	0	0
Jan 17, 2024	61362	0	0	0
Jan 18, 2024	61362	0	0	0
Jan 19, 2024	61362	0	0	0
Jan 20, 2024	61362	0	0	0
Jan 21, 2024	61362	0	0	0
Jan 22, 2024	61362	0	0	0
Jan 23, 2024	61362	0	0	0
Jan 24, 2024	61362	0	0	0
Jan 25, 2024	61362	0	0	0
Jan 26, 2024	61362	0	0	0
Jan 27, 2024	61362	0	0	0
Jan 28, 2024	61362	0	0	0
Jan 29, 2024	61362	0	0	0
Jan 30, 2024	61362	0	0	0
Jan 31, 2024	61362	0	0	0
Feb 01, 2024	61362	0	0	0
Feb 02, 2024	61362	0	0	0
Feb 03, 2024	61362	0	0	0
Feb 04, 2024	61362	0	0	0
Feb 05, 2024	61362	0	0	0
Feb 06, 2024	61362	0	0	0
Feb 07, 2024	61362	0	0	0
Feb 08, 2024	61362	0	0	0
Feb 09, 2024	61362	0	0	0
Feb 10, 2024	61362	0	0	0
Feb 11, 2024	61362	0	0	0
Feb 12, 2024	61362	0	0	0
Feb 13, 2024	61362	0	0	0
Feb 14, 2024	61362	0	0	0
Feb 15, 2024	61362	0	0	0
Feb 16, 2024	61362	0	0	0
Feb 17, 2024	61362	0	0	0
Feb 18, 2024	61362	0	0	0
Feb 19, 2024	61362	0	0	0
Feb 20, 2024	61362	0	0	0
Feb 21, 2024	61362	0	0	0
Feb 22, 2024	61362	0	0	0
Feb 23, 2024	61362	0	0	0
Feb 24, 2024	61362	0	0	0
Feb 25, 2024	61362	0	0	0
Feb 26, 2024	61362	0	0	0
Feb 27, 2024	61362	0	0	0
Feb 28, 2024	61362	0	0	0
Feb 29, 2024	61362	0	0	0
Mar 01, 2024	61362	0	0	0
Mar 02, 2024	61362	0	0	0
Mar 03, 2024	61362	0	0	0
Mar 04, 2024	61362	0	0	0
Mar 05, 2024	61362	0	0	0
Mar 06, 2024	61362	0	0	0
Mar 07, 2024	61362	0	0	0
Mar 08, 2024	61362	0	0	0
Mar 09, 2024	61362	0	0	0
Mar 10, 2024	61362	0	0	0
Mar 11, 2024	61362	0	0	0
Mar 12, 2024	61362	0	0	0
Mar 13, 2024	61362	0	0	0
Mar 14, 2024	61362	0	0	0
Mar 15, 2024	61362	0	0	0
Mar 16, 2024	61362	0	0	0
Mar 17, 2024	61362	0	0	0
Mar 18, 2024	61362	0	0	0
Mar 19, 2024	61362	0	0	0
Mar 20, 2024	61362	0	0	0
Mar 21, 2024	61362	0	0	0
Mar 22, 2024	61362	0	0	0
Mar 23, 2024	61362	0	0	0
