Feb 15, 2020	708	null	0	0
Feb 16, 2020	734	null	0	0
Feb 17, 2020	762	null	0	0
Feb 18, 2020	790	null	0	0
Feb 19, 2020	808	null	0	0
Feb 20, 2020	865	0	0	0
Feb 21, 2020	927	0	0	0
Feb 22, 2020	987	0	0	0
Feb 23, 2020	1062	0	0	0
Feb 24, 2020	1170	0	0	0
Feb 25, 2020	1299	0	0	0
Feb 26, 2020	1446	0	0	0
Feb 27, 2020	1626	0	0	0
Feb 28, 2020	1943	0	0	0
Feb 29, 2020	2181	0	0	0
Mar 01, 2020	2857	0	0	0
Mar 02, 2020	3642	0	0	0
Mar 03, 2020	4417	1	0	0
Mar 04, 2020	5350	1	0	0
Mar 05, 2020	6604	1	0	0
Mar 06, 2020	8183	5	0	0
Mar 07, 2020	9971	2	0	0
Mar 08, 2020	12105	7	0	0
Mar 09, 2020	15420	13	0	0
Mar 10, 2020	19879	6	0	0
Mar 11, 2020	24431	20	0	0
Mar 12, 2020	30194	32	0	0
Mar 13, 2020	37768	49	0	0
Mar 14, 2020	44655	65	0	0
Mar 15, 2020	52299	102	0	0
Mar 16, 2020	61486	50	0	0
Mar 17, 2020	69407	198	0	0
Mar 18, 2020	77994	109	0	0
Mar 19, 2020	86212	200	0	0
Mar 20, 2020	95860	272	0	0
Mar 21, 2020	102276	298	0	0
Mar 22, 2020	108030	405	0	0
Mar 23, 2020	114769	559	0	0
Mar 24, 2020	120577	705	0	0
Mar 25, 2020	125101	680	0	0
Mar 26, 2020	128912	744	0	0
Mar 27, 2020	131687	801	0	0
Mar 28, 2020	133117	875	0	0
Mar 29, 2020	133986	851	0	0
Mar 30, 2020	135995	946	0	0
Mar 31, 2020	137053	775	0	0
Apr 01, 2020	138061	957	0	0
Apr 02, 2020	137318	996	0	0
Apr 03, 2020	137030	881	0	0
Apr 04, 2020	136132	776	0	0
Apr 05, 2020	134689	719	0	0
Apr 06, 2020	135062	725	0	0
Apr 07, 2020	134680	730	0	0
Apr 08, 2020	132487	774	0	0
Apr 09, 2020	130872	679	0	0
Apr 10, 2020	129812	657	0	0
Apr 11, 2020	128645	544	0	0
Apr 12, 2020	126954	625	0	0
Apr 13, 2020	126197	567	0	0
Apr 14, 2020	125111	517	0	0
Apr 15, 2020	123520	577	0	0
Apr 16, 2020	121488	330	0	0
Apr 17, 2020	122998	361	0	0
Apr 18, 2020	122854	586	0	0
Apr 19, 2020	119659	425	0	0
Apr 20, 2020	118687	414	0	0
Apr 21, 2020	117502	446	0	0
Apr 22, 2020	115206	451	0	0
Apr 23, 2020	112388	456	0	0
Apr 24, 2020	94741	380	0	0
Apr 25, 2020	90667	392	0	0
Apr 26, 2020	86755	298	0	0
Apr 27, 2020	84006	343	0	0
Apr 28, 2020	81461	312	0	0
Apr 29, 2020	72708	469	0	0
Apr 30, 2020	68139	278	0	0
May 01, 2020	64103	291	0	0
May 02, 2020	60652	286	0	0
May 03, 2020	58627	170	0	0
May 04, 2020	55902	170	0	0
May 05, 2020	52949	192	0	0
May 06, 2020	48364	253	0	0
May 07, 2020	43908	221	0	0
May 08, 2020	39499	237	0	0
May 09, 2020	34813	186	0	0
May 10, 2020	31673	148	0	0
May 11, 2020	30718	127	0	0
May 12, 2020	29640	116	0	0
May 13, 2020	28128	114	0	0
May 14, 2020	26482	137	0	0
May 15, 2020	24759	99	0	0
May 16, 2020	22864	64	0	0
May 17, 2020	21305	54	0	0
May 18, 2020	20249	36	0	0
May 19, 2020	19745	42	0	0
May 20, 2020	18807	68	0	0
May 21, 2020	18050	54	0	0
May 22, 2020	17222	73	0	0
May 23, 2020	16408	52	0	0
May 24, 2020	15634	77	0	0
May 25, 2020	15472	75	0	0
May 26, 2020	15506	78	0	0
May 27, 2020	15255	44	0	0
May 28, 2020	14962	38	0	0
May 29, 2020	14731	31	0	0
May 30, 2020	14310	39	0	0
May 31, 2020	13806	41	0	0
Jun 01, 2020	13581	29	0	0
Jun 02, 2020	13538	21	0	0
Jun 03, 2020	13463	31	0	0
Jun 04, 2020	13526	26	0	0
Jun 05, 2020	13710	31	0	0
Jun 06, 2020	13644	16	0	0
Jun 07, 2020	13544	20	0	0
Jun 08, 2020	13719	12	0	0
Jun 09, 2020	13785	18	0	0
Jun 10, 2020	13570	10	0	0
Jun 11, 2020	13357	24	0	0
Jun 12, 2020	13090	17	0	0
Jun 13, 2020	12678	9	0	0
Jun 14, 2020	12230	7	0	0
Jun 15, 2020	12208	8	0	0
Jun 16, 2020	12186	7	0	0
Jun 17, 2020	11914	6	0	0
Jun 18, 2020	11607	3	0	0
Jun 19, 2020	11376	0	0	0
Jun 20, 2020	11089	7	0	0
Jun 21, 2020	10709	1	0	0
Jun 22, 2020	10675	1	0	0
Jun 23, 2020	10708	1	0	0
Jun 24, 2020	10518	2	0	0
Jun 25, 2020	10300	3	0	0
Jun 26, 2020	10269	8	0	0
Jun 27, 2020	10037	3	0	0
Jun 28, 2020	9793	2	0	0
Jun 29, 2020	9900	3	0	0
Jun 30, 2020	10118	9	0	0
Jul 01, 2020	10270	8	0	0
Jul 02, 2020	10306	5	0	0
Jul 03, 2020	10423	18	0	0
Jul 04, 2020	10480	0	0	0
Jul 05, 2020	10434	0	0	0
Jul 06, 2020	10914	3	0	0
Jul 07, 2020	11525	4	0	0
Jul 08, 2020	12055	4	0	0
Jul 09, 2020	12675	5	0	0
Jul 10, 2020	13493	2	0	0
Jul 11, 2020	14079	1	0	0
Jul 12, 2020	14608	1	0	0
Jul 13, 2020	15886	1	0	0
Jul 14, 2020	17299	3	0	0
Jul 15, 2020	18884	4	0	0
Jul 16, 2020	20350	3	0	0
Jul 17, 2020	22130	4	0	0
Jul 18, 2020	23667	0	0	0
Jul 19, 2020	25007	0	0	0
Jul 20, 2020	27160	2	0	0
Jul 21, 2020	29327	2	0	0
Jul 22, 2020	31452	2	0	0
Jul 23, 2020	33410	3	0	0
Jul 24, 2020	35605	3	0	0
Jul 25, 2020	37344	1	0	0
Jul 26, 2020	38840	1	0	0
Jul 27, 2020	41562	0	0	0
Jul 28, 2020	44481	2	0	0
Jul 29, 2020	47345	5	0	0
Jul 30, 2020	50070	2	0	0
Jul 31, 2020	53171	2	0	0
Aug 01, 2020	56330	9	0	0
Aug 02, 2020	58531	9	0	0
Aug 03, 2020	62197	9	0	0
Aug 04, 2020	66380	27	0	0
Aug 05, 2020	70254	1	0	0
Aug 06, 2020	73969	1	0	0
Aug 07, 2020	78332	3	0	0
Aug 08, 2020	81540	0	0	0
Aug 09, 2020	84331	0	0	0
Aug 10, 2020	89414	76	0	0
Aug 11, 2020	94842	3	0	0
Aug 12, 2020	99905	0	0	0
Aug 13, 2020	104575	27	0	0
Aug 14, 2020	109710	12	0	0
Aug 15, 2020	113479	15	0	0
Aug 16, 2020	116235	13	0	0
Aug 17, 2020	121383	2	0	0
Aug 18, 2020	128039	25	0	0
Aug 19, 2020	133922	132	0	0
Aug 20, 2020	139829	17	0	0
Aug 21, 2020	146913	26	0	0
Aug 22, 2020	151128	11	0	0
Aug 23, 2020	154341	11	0	0
Aug 24, 2020	160270	12	0	0
Aug 25, 2020	168380	54	0	0
Aug 26, 2020	175017	49	0	0
Aug 27, 2020	181189	26	0	0
Aug 28, 2020	188673	16	0	0
Aug 29, 2020	192636	28	0	0
Aug 30, 2020	195249	29	0	0
Aug 31, 2020	199937	29	0	0
Sep 01, 2020	208372	60	0	0
Sep 02, 2020	214650	44	0	0
Sep 03, 2020	220262	41	0	0
Sep 04, 2020	227018	191	0	0
Sep 05, 2020	231035	34	0	0
Sep 06, 2020	233013	34	0	0
Sep 07, 2020	238073	33	0	0
Sep 08, 2020	245330	81	0	0
Sep 09, 2020	250982	35	0	0
Sep 10, 2020	256137	74	0	0
Sep 11, 2020	261598	50	0	0
Sep 12, 2020	264564	36	0	0
Sep 13, 2020	265431	34	0	0
Sep 14, 2020	270376	34	0	0
Sep 15, 2020	277581	162	0	0
Sep 16, 2020	282620	248	0	0
Sep 17, 2020	285855	168	0	0
Sep 18, 2020	291739	93	0	0
Sep 19, 2020	291788	58	0	0
Sep 20, 2020	289387	58	0	0
Sep 21, 2020	292784	58	0	0
Sep 22, 2020	299175	250	0	0
Sep 23, 2020	302749	135	0	0
Sep 24, 2020	303707	87	0	0
Sep 25, 2020	305669	118	0	0
Sep 26, 2020	303964	62	0	0
Sep 27, 2020	299491	62	0	0
Sep 28, 2020	301446	61	0	0
Sep 29, 2020	305687	210	0	0
Sep 30, 2020	307372	183	0	0
Oct 01, 2020	306722	189	0	0
Oct 02, 2020	307219	117	0	0
Oct 03, 2020	304894	48	0	0
Oct 04, 2020	300790	49	0	0
Oct 05, 2020	303331	48	0	0
Oct 06, 2020	308450	271	0	0
Oct 07, 2020	311458	79	0	0
Oct 08, 2020	312657	131	0	0
Oct 09, 2020	314320	250	0	0
Oct 10, 2020	313527	67	0	0
Oct 11, 2020	310385	67	0	0
Oct 12, 2020	311825	67	0	0
Oct 13, 2020	318012	83	0	0
Oct 14, 2020	323519	217	0	0
Oct 15, 2020	327541	145	0	0
Oct 16, 2020	332584	230	0	0
Oct 17, 2020	335005	75	0	0
Oct 18, 2020	333486	75	0	0
Oct 19, 2020	345385	76	0	0
Oct 20, 2020	360573	226	0	0
Oct 21, 2020	372529	162	0	0
Oct 22, 2020	381321	161	0	0
Oct 23, 2020	391593	239	0	0
Oct 24, 2020	397509	96	0	0
Oct 25, 2020	400884	96	0	0
Oct 26, 2020	415152	96	0	0
Oct 27, 2020	431622	277	0	0
Oct 28, 2020	444246	174	0	0
Oct 29, 2020	453975	179	0	0
Oct 30, 2020	465197	248	0	0
Oct 31, 2020	471151	131	0	0
Nov 01, 2020	475904	131	0	0
Nov 02, 2020	486894	132	0	0
Nov 03, 2020	500583	247	0	0
Nov 04, 2020	509567	297	0	0
Nov 05, 2020	516363	368	0	0
Nov 06, 2020	523066	347	0	0
Nov 07, 2020	525687	171	0	0
Nov 08, 2020	524471	171	0	0
Nov 09, 2020	530604	170	0	0
Nov 10, 2020	539141	411	0	0
Nov 11, 2020	544435	349	0	0
Nov 12, 2020	544638	356	0	0
Nov 13, 2020	542985	308	0	0
Nov 14, 2020	538446	161	0	0
Nov 15, 2020	530438	161	0	0
Nov 16, 2020	529563	162	0	0
Nov 17, 2020	530023	435	0	0
Nov 18, 2020	521463	351	0	0
Nov 19, 2020	508945	252	0	0
Nov 20, 2020	497337	328	0	0
Nov 21, 2020	484223	171	0	0
Nov 22, 2020	468599	171	0	0
Nov 23, 2020	460631	170	0	0
Nov 24, 2020	454572	537	0	0
Nov 25, 2020	440967	369	0	0
Nov 26, 2020	425809	337	0	0
Nov 27, 2020	412475	294	0	0
Nov 28, 2020	398516	134	0	0
Nov 29, 2020	382296	134	0	0
Nov 30, 2020	373251	133	0	0
Dec 01, 2020	365971	442	0	0
Dec 02, 2020	354843	273	0	0
Dec 03, 2020	340650	254	0	0
Dec 04, 2020	327746	214	0	0
Dec 05, 2020	314235	131	0	0
Dec 06, 2020	299975	131	0	0
Dec 07, 2020	291696	132	0	0
Dec 08, 2020	285765	187	0	0
Dec 09, 2020	277691	186	0	0
Dec 10, 2020	269708	325	0	0
Dec 11, 2020	263591	280	0	0
Dec 12, 2020	257325	130	0	0
Dec 13, 2020	249496	130	0	0
Dec 14, 2020	248261	129	0	0
Dec 15, 2020	250158	388	0	0
Dec 16, 2020	247543	195	0	0
Dec 17, 2020	243986	181	0	0
Dec 18, 2020	242813	149	0	0
Dec 19, 2020	241335	111	0	0
Dec 20, 2020	238206	111	0	0
Dec 21, 2020	241155	112	0	0
Dec 22, 2020	246504	260	0	0
Dec 23, 2020	249231	178	0	0
Dec 24, 2020	250463	126	0	0
Dec 25, 2020	249788	73	0	0
Dec 26, 2020	251675	74	0	0
Dec 27, 2020	253039	75	0	0
Dec 28, 2020	262380	76	0	0
Dec 29, 2020	273468	320	0	0
Dec 30, 2020	282228	247	0	0
Dec 31, 2020	286843	148	0	0
Jan 01, 2021	290603	118	0	0
Jan 02, 2021	297485	118	0	0
Jan 03, 2021	304250	118	0	0
Jan 04, 2021	321112	119	0	0
Jan 05, 2021	343710	120	0	0
Jan 06, 2021	354883	122	0	0
Jan 07, 2021	374015	123	0	0
Jan 08, 2021	395988	199	0	0
Jan 09, 2021	410883	134	0	0
Jan 10, 2021	422160	134	0	0
Jan 11, 2021	445759	133	0	0
Jan 12, 2021	472431	408	0	0
Jan 13, 2021	494889	195	0	0
Jan 14, 2021	514726	201	0	0
Jan 15, 2021	538658	235	0	0
Jan 16, 2021	553987	152	0	0
Jan 17, 2021	563805	152	0	0
Jan 18, 2021	585098	151	0	0
Jan 19, 2021	609637	404	0	0
Jan 20, 2021	627414	464	0	0
Jan 21, 2021	641648	404	0	0
Jan 22, 2021	651434	400	0	0
Jan 23, 2021	663279	254	0	0
Jan 24, 2021	674479	256	0	0
Jan 25, 2021	693748	257	0	0
Jan 26, 2021	711065	591	0	0
Jan 27, 2021	725329	492	0	0
Jan 28, 2021	735186	515	0	0
Jan 29, 2021	747261	513	0	0
Jan 30, 2021	753953	254	0	0
Jan 31, 2021	758527	254	0	0
Feb 01, 2021	768327	254	0	0
Feb 02, 2021	780669	724	0	0
Feb 03, 2021	786781	565	0	0
Feb 04, 2021	786681	432	0	0
Feb 05, 2021	794551	584	0	0
Feb 06, 2021	783947	303	0	0
Feb 07, 2021	766027	303	0	0
Feb 08, 2021	760756	303	0	0
Feb 09, 2021	755781	766	0	0
Feb 10, 2021	742086	643	0	0
Feb 11, 2021	726572	513	0	0
Feb 12, 2021	708253	530	0	0
Feb 13, 2021	687443	234	0	0
Feb 14, 2021	661258	234	0	0
Feb 15, 2021	648158	234	0	0
Feb 16, 2021	637741	530	0	0
Feb 17, 2021	618939	337	0	0
Feb 18, 2021	601632	388	0	0
Feb 19, 2021	584381	397	0	0
Feb 20, 2021	565473	178	0	0
Feb 21, 2021	549715	178	0	0
Feb 22, 2021	535845	179	0	0
Feb 23, 2021	524382	443	0	0
Feb 24, 2021	504823	389	0	0
Feb 25, 2021	487267	345	0	0
Feb 26, 2021	465668	329	0	0
Feb 27, 2021	445078	156	0	0
Feb 28, 2021	421156	156	0	0
Mar 01, 2021	407755	155	0	0
Mar 02, 2021	398252	192	0	0
Mar 03, 2021	381184	446	0	0
Mar 04, 2021	361135	254	0	0
Mar 05, 2021	339429	637	0	0
Mar 06, 2021	316498	99	0	0
Mar 07, 2021	294089	99	0	0
Mar 08, 2021	284278	100	0	0
Mar 09, 2021	275542	291	0	0
Mar 10, 2021	282513	192	0	0
Mar 11, 2021	254364	166	0	0
Mar 12, 2021	259584	173	0	0
Mar 13, 2021	263331	55	0	0
Mar 14, 2021	266384	55	0	0
Mar 15, 2021	270873	56	0	0
Mar 16, 2021	275745	141	0	0
Mar 17, 2021	281658	228	0	0
Mar 18, 2021	200075	117	0	0
Mar 19, 2021	205237	158	0	0
Mar 20, 2021	208830	158	0	0
Mar 21, 2021	211742	158	0	0
Mar 22, 2021	174041	159	0	0
Mar 23, 2021	174044	201	0	0
Mar 24, 2021	172991	320	0	0
Mar 25, 2021	172134	356	0	0
Mar 26, 2021	170567	590	0	0
Mar 27, 2021	175695	63	0	0
Mar 28, 2021	179876	63	0	0
Mar 29, 2021	164080	63	0	0
Mar 30, 2021	164855	106	0	0
Mar 31, 2021	167409	154	0	0
Apr 01, 2021	168023	82	0	0
Apr 02, 2021	167607	79	0	0
Apr 03, 2021	165479	78	0	0
Apr 04, 2021	164556	43	0	0
Apr 05, 2021	165181	42	0	0
Apr 06, 2021	168598	128	0	0
Apr 07, 2021	172742	126	0	0
Apr 08, 2021	178688	142	0	0
Apr 09, 2021	182507	149	0	0
Apr 10, 2021	188662	66	0	0
Apr 11, 2021	197728	66	0	0
Apr 12, 2021	190088	65	0	0
Apr 13, 2021	193320	100	0	0
Apr 14, 2021	199347	131	0	0
Apr 15, 2021	204116	126	0	0
Apr 16, 2021	208715	99	0	0
Apr 17, 2021	209401	41	0	0
Apr 18, 2021	212783	40	0	0
Apr 19, 2021	214676	40	0	0
Apr 20, 2021	219196	114	0	0
Apr 21, 2021	225042	148	0	0
Apr 22, 2021	230419	132	0	0
Apr 23, 2021	235226	95	0	0
Apr 24, 2021	234365	49	0	0
Apr 25, 2021	234755	49	0	0
Apr 26, 2021	236024	49	0	0
Apr 27, 2021	239568	117	0	0
Apr 28, 2021	242205	88	0	0
Apr 29, 2021	252270	137	0	0
Apr 30, 2021	248023	136	0	0
May 01, 2021	252471	26	0	0
May 02, 2021	252162	26	0	0
May 03, 2021	247982	25	0	0
May 04, 2021	252446	106	0	0
May 05, 2021	248414	167	0	0
May 06, 2021	249802	160	0	0
May 07, 2021	249336	66	0	0
May 08, 2021	243325	34	0	0
May 09, 2021	238063	34	0	0
May 10, 2021	236492	35	0	0
May 11, 2021	232155	205	0	0
May 12, 2021	231256	108	0	0
May 13, 2021	230727	73	0	0
May 14, 2021	226699	58	0	0
May 15, 2021	220059	31	0	0
May 16, 2021	214722	31	0	0
May 17, 2021	211820	31	0	0
May 18, 2021	207330	70	0	0
May 19, 2021	206543	66	0	0
May 20, 2021	204850	33	0	0
May 21, 2021	199448	19	0	0
May 22, 2021	191645	30	0	0
May 23, 2021	184355	30	0	0
May 24, 2021	182598	31	0	0
May 25, 2021	179980	90	0	0
May 26, 2021	178550	54	0	0
May 27, 2021	176221	33	0	0
May 28, 2021	173078	17	0	0
May 29, 2021	165611	16	0	0
May 30, 2021	160382	16	0	0
May 31, 2021	159144	16	0	0
Jun 01, 2021	156976	30	0	0
Jun 02, 2021	156591	66	0	0
Jun 03, 2021	157362	50	0	0
Jun 04, 2021	155993	97	0	0
Jun 05, 2021	150736	13	0	0
Jun 06, 2021	146374	13	0	0
Jun 07, 2021	145690	14	0	0
Jun 08, 2021	143522	73	0	0
Jun 09, 2021	143420	23	0	0
Jun 10, 2021	143750	133	0	0
Jun 11, 2021	143369	36	0	0
Jun 12, 2021	140653	5	0	0
Jun 13, 2021	137473	5	0	0
Jun 14, 2021	134419	6	0	0
Jun 15, 2021	131416	62	0	0
Jun 16, 2021	132251	36	0	0
Jun 17, 2021	132025	19	0	0
Jun 18, 2021	132585	18	0	0
Jun 19, 2021	130548	12	0	0
Jun 20, 2021	127328	12	0	0
Jun 21, 2021	123928	13	0	0
Jun 22, 2021	123122	30	0	0
Jun 23, 2021	124442	29	0	0
Jun 24, 2021	124519	18	0	0
Jun 25, 2021	125801	13	0	0
Jun 26, 2021	123195	3	0	0
Jun 27, 2021	122237	3	0	0
Jun 28, 2021	120254	4	0	0
Jun 29, 2021	121799	40	0	0
Jun 30, 2021	128361	46	0	0
Jul 01, 2021	136838	8	0	0
Jul 02, 2021	146168	28	0	0
Jul 03, 2021	150662	8	0	0
Jul 04, 2021	158713	8	0	0
Jul 05, 2021	164118	7	0	0
Jul 06, 2021	173260	18	0	0
Jul 07, 2021	188038	17	0	0
Jul 08, 2021	201503	28	0	0
Jul 09, 2021	220282	6	0	0
Jul 10, 2021	228095	6	0	0
Jul 11, 2021	234979	6	0	0
Jul 12, 2021	241666	5	0	0
Jul 13, 2021	281471	13	0	0
Jul 14, 2021	305641	10	0	0
Jul 15, 2021	330028	41	0	0
Jul 16, 2021	358443	12	0	0
Jul 17, 2021	375566	8	0	0
Jul 18, 2021	392277	8	0	0
Jul 19, 2021	408622	7	0	0
Jul 20, 2021	431665	29	0	0
Jul 21, 2021	460301	18	0	0
Jul 22, 2021	486939	28	0	0
Jul 23, 2021	515751	27	0	0
Jul 24, 2021	532280	16	0	0
Jul 25, 2021	548481	16	0	0
Jul 26, 2021	564515	15	0	0
Jul 27, 2021	585935	55	0	0
Jul 28, 2021	610295	73	0	0
Jul 29, 2021	632935	46	0	0
Jul 30, 2021	654358	44	0	0
Jul 31, 2021	665957	52	0	0
Aug 01, 2021	675376	52	0	0
Aug 02, 2021	681678	53	0	0
Aug 03, 2021	689312	130	0	0
Aug 04, 2021	702369	71	0	0
Aug 05, 2021	710684	87	0	0
Aug 06, 2021	721582	75	0	0
Aug 07, 2021	720733	40	0	0
Aug 08, 2021	716562	40	0	0
Aug 09, 2021	712457	39	0	0
Aug 10, 2021	706156	102	0	0
Aug 11, 2021	711877	93	0	0
Aug 12, 2021	717982	87	0	0
Aug 13, 2021	722353	63	0	0
Aug 14, 2021	687031	42	0	0
Aug 15, 2021	669216	42	0	0
Aug 16, 2021	650104	41	0	0
Aug 17, 2021	633236	144	0	0
Aug 18, 2021	624649	144	0	0
Aug 19, 2021	616574	121	0	0
Aug 20, 2021	608471	132	0	0
Aug 21, 2021	589283	67	0	0
Aug 22, 2021	566662	67	0	0
Aug 23, 2021	545094	67	0	0
Aug 24, 2021	523805	190	0	0
Aug 25, 2021	514071	163	0	0
Aug 26, 2021	500636	171	0	0
Aug 27, 2021	489616	139	0	0
Aug 28, 2021	468519	49	0	0
Aug 29, 2021	446533	49	0	0
Aug 30, 2021	425007	48	0	0
Aug 31, 2021	407827	194	0	0
Sep 01, 2021	396061	132	0	0
Sep 02, 2021	386940	168	0	0
Sep 03, 2021	374617	155	0	0
Sep 04, 2021	357658	44	0	0
Sep 05, 2021	338997	44	0	0
Sep 06, 2021	320823	45	0	0
Sep 07, 2021	304370	138	0	0
Sep 08, 2021	296832	81	0	0
Sep 09, 2021	288392	71	0	0
Sep 10, 2021	279619	72	0	0
Sep 11, 2021	266612	34	0	0
Sep 12, 2021	252190	34	0	0
Sep 13, 2021	237382	35	0	0
Sep 14, 2021	224831	155	0	0
Sep 15, 2021	220044	90	0	0
Sep 16, 2021	215533	101	0	0
Sep 17, 2021	210236	44	0	0
Sep 18, 2021	197940	39	0	0
Sep 19, 2021	187980	39	0	0
Sep 20, 2021	177531	40	0	0
Sep 21, 2021	167449	82	0	0
Sep 22, 2021	162303	102	0	0
Sep 23, 2021	157370	100	0	0
Sep 24, 2021	152205	44	0	0
Sep 25, 2021	143857	23	0	0
Sep 26, 2021	134756	23	0	0
Sep 27, 2021	129320	23	0	0
Sep 28, 2021	122061	60	0	0
Sep 29, 2021	119680	39	0	0
Sep 30, 2021	116938	18	0	0
Oct 01, 2021	113753	48	0	0
Oct 02, 2021	107487	21	0	0
Oct 03, 2021	102093	21	0	0
Oct 04, 2021	93955	22	0	0
Oct 05, 2021	89351	94	0	0
Oct 06, 2021	88478	57	0	0
Oct 07, 2021	87106	23	0	0
Oct 08, 2021	86148	77	0	0
Oct 09, 2021	82255	16	0	0
Oct 10, 2021	77913	16	0	0
Oct 11, 2021	74427	17	0	0
Oct 12, 2021	74427	0	0	0
Oct 13, 2021	70102	42	0	0
Oct 14, 2021	69427	48	0	0
Oct 15, 2021	71618	57	0	0
Oct 16, 2021	67357	19	0	0
Oct 17, 2021	65131	19	0	0
Oct 18, 2021	62554	18	0	0
Oct 19, 2021	61200	21	0	0
Oct 20, 2021	61722	31	0	0
Oct 21, 2021	61618	20	0	0
Oct 22, 2021	62168	30	0	0
Oct 23, 2021	61243	18	0	0
Oct 24, 2021	59898	18	0	0
Oct 25, 2021	58362	18	0	0
Oct 26, 2021	57490	52	0	0
Oct 27, 2021	58343	51	0	0
Oct 28, 2021	58893	33	0	0
Oct 29, 2021	59462	46	0	0
Oct 30, 2021	58673	14	0	0
Oct 31, 2021	57367	14	0	0
Nov 01, 2021	56422	14	0	0
Nov 02, 2021	55840	13	0	0
Nov 03, 2021	56664	39	0	0
Nov 04, 2021	58555	15	0	0
Nov 05, 2021	60213	27	0	0
Nov 06, 2021	60578	18	0	0
Nov 07, 2021	60414	18	0	0
Nov 08, 2021	60746	18	0	0
Nov 09, 2021	61304	26	0	0
Nov 10, 2021	63622	33	0	0
Nov 11, 2021	66632	30	0	0
Nov 12, 2021	69708	26	0	0
Nov 13, 2021	71721	14	0	0
Nov 14, 2021	73482	14	0	0
Nov 15, 2021	74816	15	0	0
Nov 16, 2021	76630	29	0	0
Nov 17, 2021	81799	30	0	0
Nov 18, 2021	86618	29	0	0
Nov 19, 2021	91779	6	0	0
Nov 20, 2021	95188	7	0	0
Nov 21, 2021	97952	7	0	0
Nov 22, 2021	101362	8	0	0
Nov 23, 2021	105549	34	0	0
Nov 24, 2021	112577	38	0	0
Nov 25, 2021	120351	27	0	0
Nov 26, 2021	128771	24	0	0
Nov 27, 2021	134506	18	0	0
Nov 28, 2021	139611	18	0	0
Nov 29, 2021	145036	17	0	0
Nov 30, 2021	152992	44	0	0
Dec 01, 2021	162089	28	0	0
Dec 02, 2021	175120	42	0	0
Dec 03, 2021	187408	37	0	0
Dec 04, 2021	196942	20	0	0
Dec 05, 2021	205607	20	0	0
Dec 06, 2021	213268	20	0	0
Dec 07, 2021	221127	18	0	0
Dec 08, 2021	231443	34	0	0
Dec 09, 2021	243261	50	0	0
Dec 10, 2021	258074	60	0	0
Dec 11, 2021	271868	34	0	0
Dec 12, 2021	284875	34	0	0
Dec 13, 2021	297189	35	0	0
Dec 14, 2021	318914	58	0	0
Dec 15, 2021	342769	77	0	0
Dec 16, 2021	368432	48	0	0
Dec 17, 2021	398532	41	0	0
Dec 18, 2021	421050	28	0	0
Dec 19, 2021	440951	28	0	0
Dec 20, 2021	461204	29	0	0
Dec 21, 2021	504297	94	0	0
Dec 22, 2021	559090	50	0	0
Dec 23, 2021	626678	82	0	0
Dec 24, 2021	675124	30	0	0
Dec 25, 2021	722002	30	0	0
Dec 26, 2021	767130	30	0	0
Dec 27, 2021	811526	30	0	0
Dec 28, 2021	901171	114	0	0
Dec 29, 2021	994330	78	0	0
Dec 30, 2021	1148385	74	0	0
Dec 31, 2021	1234014	42	0	0
Jan 01, 2022	1316945	42	0	0
Jan 02, 2022	1399601	42	0	0
Jan 03, 2022	1478291	42	0	0
Jan 04, 2022	1582212	116	0	0
Jan 05, 2022	1708408	148	0	0
Jan 06, 2022	1824144	82	0	0
Jan 07, 2022	1929092	15	0	0
Jan 08, 2022	2015605	67	0	0
Jan 09, 2022	2100615	67	0	0
Jan 10, 2022	2184122	68	0	0
Jan 11, 2022	2301805	247	0	0
Jan 12, 2022	2464451	125	0	0
Jan 13, 2022	2607024	112	0	0
Jan 14, 2022	2752905	139	0	0
Jan 15, 2022	2837397	78	0	0
Jan 16, 2022	2920746	78	0	0
Jan 17, 2022	3002335	78	0	0
Jan 18, 2022	3063164	284	0	0
Jan 19, 2022	3194661	160	0	0
Jan 20, 2022	3325538	162	0	0
Jan 21, 2022	3440085	142	0	0
Jan 22, 2022	3492215	84	0	0
Jan 23, 2022	3533985	84	0	0
Jan 24, 2022	3562883	85	0	0
Jan 25, 2022	3623723	382	0	0
Jan 26, 2022	3703788	215	0	0
Jan 27, 2022	3781060	176	0	0
Jan 28, 2022	3846305	199	0	0
Jan 29, 2022	3807541	86	0	0
Jan 30, 2022	3767489	86	0	0
Jan 31, 2022	3666508	87	0	0
Feb 01, 2022	3650781	408	0	0
Feb 02, 2022	3643995	224	0	0
Feb 03, 2022	3625212	183	0	0
Feb 04, 2022	3606947	195	0	0
Feb 05, 2022	3529640	112	0	0
Feb 06, 2022	3432733	112	0	0
Feb 07, 2022	3346465	111	0	0
Feb 08, 2022	3274035	361	0	0
Feb 09, 2022	3239488	282	0	0
Feb 10, 2022	3194967	393	0	0
Feb 11, 2022	3146511	389	0	0
Feb 12, 2022	3034860	200	0	0
Feb 13, 2022	2878637	200	0	0
Feb 14, 2022	2742378	201	0	0
Feb 15, 2022	2613940	310	0	0
Feb 16, 2022	2540425	444	0	0
Feb 17, 2022	2464233	360	0	0
Feb 18, 2022	2384431	288	0	0
Feb 19, 2022	2306506	155	0	0
Feb 20, 2022	2164824	155	0	0
Feb 21, 2022	2023637	154	0	0
Feb 22, 2022	1904563	173	0	0
Feb 23, 2022	1836535	301	0	0
Feb 24, 2022	1770691	226	0	0
Feb 25, 2022	1696386	248	0	0
Feb 26, 2022	1596397	118	0	0
Feb 27, 2022	1477484	118	0	0
Feb 28, 2022	1361236	118	0	0
Mar 01, 2022	1256955	119	0	0
Mar 02, 2022	1214896	154	0	0
Mar 03, 2022	1177280	202	0	0
Mar 04, 2022	1138983	192	0	0
Mar 05, 2022	1073301	48	0	0
Mar 06, 2022	999078	48	0	0
Mar 07, 2022	936709	47	0	0
Mar 08, 2022	884636	285	0	0
Mar 09, 2022	866451	133	0	0
Mar 10, 2022	848841	85	0	0
Mar 11, 2022	828445	58	0	0
Mar 12, 2022	793689	70	0	0
Mar 13, 2022	739867	70	0	0
Mar 14, 2022	695829	70	0	0
Mar 15, 2022	655840	71	0	0
Mar 16, 2022	654470	96	0	0
Mar 17, 2022	653100	96	0	0
Mar 18, 2022	651731	95	0	0
Mar 19, 2022	630888	88	0	0
Mar 20, 2022	607317	88	0	0
Mar 21, 2022	586641	88	0	0
Mar 22, 2022	569562	86	0	0
Mar 23, 2022	577600	113	0	0
Mar 24, 2022	585638	113	0	0
Mar 25, 2022	593676	113	0	0
Mar 26, 2022	585596	0	0	0
Mar 27, 2022	565799	0	0	0
Mar 28, 2022	544021	0	0	0
Mar 29, 2022	530611	0	0	0
Mar 30, 2022	530567	50	0	0
Mar 31, 2022	530349	50	0	0
Apr 01, 2022	530130	49	0	0
Apr 02, 2022	522259	52	0	0
Apr 03, 2022	510226	52	0	0
Apr 04, 2022	493856	52	0	0
Apr 05, 2022	478225	50	0	0
Apr 06, 2022	482504	119	0	0
Apr 07, 2022	486783	119	0	0
Apr 08, 2022	491062	119	0	0
Apr 09, 2022	476595	41	0	0
Apr 10, 2022	463341	41	0	0
Apr 11, 2022	449408	41	0	0
Apr 12, 2022	438240	39	0	0
Apr 13, 2022	434463	65	0	0
Apr 14, 2022	430686	65	0	0
Apr 15, 2022	426909	65	0	0
Apr 16, 2022	423132	65	0	0
Apr 17, 2022	419354	65	0	0
Apr 18, 2022	415576	65	0	0
Apr 19, 2022	412191	65	0	0
Apr 20, 2022	415100	62	0	0
Apr 21, 2022	417944	62	0	0
Apr 22, 2022	420788	63	0	0
Apr 23, 2022	419107	80	0	0
Apr 24, 2022	406665	80	0	0
Apr 25, 2022	394223	80	0	0
Apr 26, 2022	381781	79	0	0
Apr 27, 2022	388521	76	0	0
Apr 28, 2022	395261	76	0	0
Apr 29, 2022	402002	77	0	0
Apr 30, 2022	402175	53	0	0
May 01, 2022	402085	53	0	0
May 02, 2022	401995	53	0	0
May 03, 2022	401907	53	0	0
May 04, 2022	413663	67	0	0
May 05, 2022	425419	67	0	0
May 06, 2022	437175	67	0	0
May 07, 2022	442863	64	0	0
May 08, 2022	439042	64	0	0
May 09, 2022	435221	64	0	0
May 10, 2022	431401	62	0	0
May 11, 2022	445464	107	0	0
May 12, 2022	459527	107	0	0
May 13, 2022	473589	107	0	0
May 14, 2022	477936	50	0	0
May 15, 2022	480296	50	0	0
May 16, 2022	482656	50	0	0
May 17, 2022	485016	48	0	0
May 18, 2022	493961	102	0	0
May 19, 2022	502906	102	0	0
May 20, 2022	511851	101	0	0
May 21, 2022	511748	40	0	0
May 22, 2022	505935	40	0	0
May 23, 2022	500122	40	0	0
May 24, 2022	494309	38	0	0
May 25, 2022	497760	79	0	0
May 26, 2022	501211	79	0	0
May 27, 2022	504663	78	0	0
May 28, 2022	501305	38	0	0
May 29, 2022	488905	38	0	0
May 30, 2022	476505	38	0	0
May 31, 2022	464104	38	0	0
Jun 01, 2022	464102	101	0	0
Jun 02, 2022	464100	101	0	0
Jun 03, 2022	464097	102	0	0
Jun 04, 2022	458087	29	0	0
Jun 05, 2022	447884	29	0	0
Jun 06, 2022	437681	29	0	0
Jun 07, 2022	427479	30	0	0
Jun 08, 2022	429174	65	0	0
Jun 09, 2022	430869	65	0	0
Jun 10, 2022	432564	64	0	0
Jun 11, 2022	429139	33	0	0
Jun 12, 2022	415427	33	0	0
Jun 13, 2022	401715	33	0	0
Jun 14, 2022	388005	32	0	0
Jun 15, 2022	391068	81	0	0
Jun 16, 2022	394131	81	0	0
Jun 17, 2022	397193	81	0	0
Jun 18, 2022	396724	31	0	0
Jun 19, 2022	389670	31	0	0
Jun 20, 2022	382616	31	0	0
Jun 21, 2022	375561	29	0	0
Jun 22, 2022	387722	65	0	0
Jun 23, 2022	399883	65	0	0
Jun 24, 2022	412043	65	0	0
Jun 25, 2022	414530	27	0	0
Jun 26, 2022	412279	27	0	0
Jun 27, 2022	410028	27	0	0
Jun 28, 2022	407774	26	0	0
Jun 29, 2022	427325	68	0	0
Jun 30, 2022	446876	68	0	0
Jul 01, 2022	466426	69	0	0
Jul 02, 2022	475883	37	0	0
Jul 03, 2022	479508	37	0	0
Jul 04, 2022	483133	37	0	0
Jul 05, 2022	486757	37	0	0
Jul 06, 2022	506305	157	0	0
Jul 07, 2022	525853	157	0	0
Jul 08, 2022	545401	157	0	0
Jul 09, 2022	551884	55	0	0
Jul 10, 2022	552539	55	0	0
Jul 11, 2022	553194	55	0	0
Jul 12, 2022	553847	53	0	0
Jul 13, 2022	564026	133	0	0
Jul 14, 2022	574205	133	0	0
Jul 15, 2022	584383	134	0	0
Jul 16, 2022	585770	74	0	0
Jul 17, 2022	580100	74	0	0
Jul 18, 2022	574430	74	0	0
Jul 19, 2022	568760	72	0	0
Jul 20, 2022	580436	182	0	0
Jul 21, 2022	592112	182	0	0
Jul 22, 2022	603787	181	0	0
Jul 23, 2022	603735	52	0	0
Jul 24, 2022	603683	52	0	0
Jul 25, 2022	603631	52	0	0
Jul 26, 2022	523043	51	0	0
Jul 27, 2022	516137	108	0	0
Jul 28, 2022	510866	108	0	0
Jul 29, 2022	505594	109	0	0
Jul 30, 2022	497395	0	0	0
Jul 31, 2022	474200	0	0	0
Aug 01, 2022	451005	0	0	0
Aug 02, 2022	427812	0	0	0
Aug 03, 2022	416586	121	0	0
Aug 04, 2022	405360	127	0	0
Aug 05, 2022	394135	127	0	0
Aug 06, 2022	379775	61	0	0
Aug 07, 2022	355497	61	0	0
Aug 08, 2022	331219	61	0	0
Aug 09, 2022	306942	62	0	0
Aug 10, 2022	296662	109	0	0
Aug 11, 2022	286382	109	0	0
Aug 12, 2022	276103	110	0	0
Aug 13, 2022	264339	60	0	0
Aug 14, 2022	248168	60	0	0
Aug 15, 2022	231997	60	0	0
Aug 16, 2022	215825	59	0	0
Aug 17, 2022	208225	74	0	0
Aug 18, 2022	200625	74	0	0
Aug 19, 2022	193025	74	0	0
Aug 20, 2022	184860	30	0	0
Aug 21, 2022	162880	30	0	0
Aug 22, 2022	140900	30	0	0
Aug 23, 2022	118921	28	0	0
Aug 24, 2022	121916	69	0	0
Aug 25, 2022	124911	69	0	0
Aug 26, 2022	127905	70	0	0
Aug 27, 2022	130257	37	0	0
Aug 28, 2022	126742	37	0	0
Aug 29, 2022	121347	37	0	0
Aug 30, 2022	115951	35	0	0
Aug 31, 2022	114260	68	0	0
Sep 01, 2022	112569	68	0	0
Sep 02, 2022	110878	68	0	0
Sep 03, 2022	107699	30	0	0
Sep 04, 2022	102646	30	0	0
Sep 05, 2022	97593	30	0	0
Sep 06, 2022	92538	29	0	0
Sep 07, 2022	91920	69	0	0
Sep 08, 2022	91302	69	0	0
Sep 09, 2022	90684	69	0	0
Sep 10, 2022	88707	37	0	0
Sep 11, 2022	85797	37	0	0
Sep 12, 2022	82887	37	0	0
Sep 13, 2022	79977	38	0	0
Sep 14, 2022	80523	149	0	0
Sep 15, 2022	81069	149	0	0
Sep 16, 2022	81614	148	0	0
Sep 17, 2022	80655	30	0	0
Sep 18, 2022	79914	30	0	0
Sep 19, 2022	79173	30	0	0
Sep 20, 2022	78432	30	0	0
Sep 21, 2022	79612	55	0	0
Sep 22, 2022	80792	55	0	0
Sep 23, 2022	81973	54	0	0
Sep 24, 2022	81908	19	0	0
Sep 25, 2022	81034	19	0	0
Sep 26, 2022	80160	19	0	0
Sep 27, 2022	79287	18	0	0
Sep 28, 2022	80472	32	0	0
Sep 29, 2022	81657	32	0	0
Sep 30, 2022	82841	31	0	0
Oct 01, 2022	82483	21	0	0
Oct 02, 2022	81349	21	0	0
Oct 03, 2022	80215	21	0	0
Oct 04, 2022	79079	20	0	0
Oct 05, 2022	81017	69	0	0
Oct 06, 2022	82955	69	0	0
Oct 07, 2022	84894	68	0	0
Oct 08, 2022	86169	25	0	0
Oct 09, 2022	86144	25	0	0
Oct 10, 2022	86119	25	0	0
Oct 11, 2022	86094	25	0	0
Oct 12, 2022	87427	25	0	0
Oct 13, 2022	88760	25	0	0
Oct 14, 2022	90095	23	0	0
Oct 15, 2022	92109	31	0	0
Oct 16, 2022	92154	31	0	0
Oct 17, 2022	92199	31	0	0
Oct 18, 2022	92245	31	0	0
Oct 19, 2022	93797	31	0	0
Oct 20, 2022	95349	31	0	0
Oct 21, 2022	96899	31	0	0
Oct 22, 2022	98212	31	0	0
Oct 23, 2022	98170	31	0	0
Oct 24, 2022	98128	31	0	0
Oct 25, 2022	98085	31	0	0
Oct 26, 2022	99288	31	0	0
Oct 27, 2022	100491	31	0	0
Oct 28, 2022	101696	34	0	0
Oct 29, 2022	102059	23	0	0
Oct 30, 2022	101039	23	0	0
Oct 31, 2022	100019	23	0	0
Nov 01, 2022	99000	23	0	0
Nov 02, 2022	99525	23	0	0
Nov 03, 2022	100050	23	0	0
Nov 04, 2022	100572	23	0	0
Nov 05, 2022	101673	17	0	0
Nov 06, 2022	101187	17	0	0
Nov 07, 2022	100701	17	0	0
Nov 08, 2022	100214	17	0	0
Nov 09, 2022	100392	17	0	0
Nov 10, 2022	100570	17	0	0
Nov 11, 2022	100748	16	0	0
Nov 12, 2022	100967	41	0	0
Nov 13, 2022	101186	41	0	0
Nov 14, 2022	101405	41	0	0
Nov 15, 2022	101622	41	0	0
Nov 16, 2022	101159	41	0	0
Nov 17, 2022	100696	41	0	0
Nov 18, 2022	100232	38	0	0
Nov 19, 2022	99712	37	0	0
Nov 20, 2022	99192	37	0	0
Nov 21, 2022	98672	37	0	0
Nov 22, 2022	98154	37	0	0
Nov 23, 2022	97873	37	0	0
Nov 24, 2022	97592	37	0	0
Nov 25, 2022	97310	38	0	0
Nov 26, 2022	96675	30	0	0
Nov 27, 2022	96040	30	0	0
Nov 28, 2022	95405	30	0	0
Nov 29, 2022	94768	30	0	0
Nov 30, 2022	94972	30	0	0
Dec 01, 2022	95176	30	0	0
Dec 02, 2022	95377	27	0	0
Dec 03, 2022	95370	45	0	0
Dec 04, 2022	95363	45	0	0
Dec 05, 2022	95356	45	0	0
Dec 06, 2022	95352	45	0	0
Dec 07, 2022	94771	45	0	0
Dec 08, 2022	94190	45	0	0
Dec 09, 2022	93608	44	0	0
Dec 10, 2022	93138	34	0	0
Dec 11, 2022	92668	34	0	0
Dec 12, 2022	92198	34	0	0
Dec 13, 2022	91728	34	0	0
Dec 14, 2022	91217	34	0	0
Dec 15, 2022	90706	34	0	0
Dec 16, 2022	90193	32	0	0
Dec 17, 2022	89709	34	0	0
Dec 18, 2022	89225	34	0	0
Dec 19, 2022	88741	34	0	0
Dec 20, 2022	88258	34	0	0
Dec 21, 2022	87831	34	0	0
Dec 22, 2022	87404	34	0	0
Dec 23, 2022	86980	37	0	0
Dec 24, 2022	85900	28	0	0
Dec 25, 2022	84820	28	0	0
Dec 26, 2022	83740	28	0	0
Dec 27, 2022	82661	28	0	0
Dec 28, 2022	81935	28	0	0
Dec 29, 2022	81209	28	0	0
Dec 30, 2022	80480	28	0	0
Dec 31, 2022	79449	45	0	0
Jan 01, 2023	78418	45	0	0
Jan 02, 2023	77387	45	0	0
Jan 03, 2023	76356	45	0	0
Jan 04, 2023	75325	45	0	0
Jan 05, 2023	74294	45	0	0
Jan 06, 2023	73259	48	0	0
Jan 07, 2023	69800	45	0	0
Jan 08, 2023	68570	45	0	0
Jan 09, 2023	67340	45	0	0
Jan 10, 2023	66111	45	0	0
Jan 11, 2023	64770	45	0	0
Jan 12, 2023	63429	45	0	0
Jan 13, 2023	70642	76	0	0
Jan 14, 2023	69301	45	0	0
Jan 15, 2023	67960	45	0	0
Jan 16, 2023	66619	45	0	0
Jan 17, 2023	65280	45	0	0
Jan 18, 2023	63912	45	0	0
Jan 19, 2023	62544	45	0	0
Jan 20, 2023	63383	154	0	0
Jan 21, 2023	61955	36	0	0
Jan 22, 2023	60527	36	0	0
Jan 23, 2023	59099	36	0	0
Jan 24, 2023	57668	36	0	0
Jan 25, 2023	56893	36	0	0
Jan 26, 2023	56118	36	0	0
Jan 27, 2023	55345	35	0	0
Jan 28, 2023	54606	40	0	0
Jan 29, 2023	53867	40	0	0
Jan 30, 2023	53128	40	0	0
Jan 31, 2023	52392	40	0	0
Feb 01, 2023	52368	40	0	0
Feb 02, 2023	52344	40	0	0
Feb 03, 2023	52322	38	0	0
Feb 04, 2023	52203	38	0	0
Feb 05, 2023	52084	38	0	0
Feb 06, 2023	51965	38	0	0
Feb 07, 2023	51845	38	0	0
Feb 08, 2023	51726	38	0	0
Feb 09, 2023	51607	38	0	0
Feb 10, 2023	51489	36	0	0
Feb 11, 2023	51177	30	0	0
Feb 12, 2023	50865	30	0	0
Feb 13, 2023	50553	30	0	0
Feb 14, 2023	41687	30	0	0
Feb 15, 2023	41375	30	0	0
Feb 16, 2023	41063	30	0	0
Feb 17, 2023	40754	30	0	0
Feb 18, 2023	40491	28	0	0
Feb 19, 2023	40228	28	0	0
Feb 20, 2023	39965	28	0	0
Feb 21, 2023	37495	28	0	0
Feb 22, 2023	37292	28	0	0
Feb 23, 2023	37089	28	0	0
Feb 24, 2023	36888	26	0	0
Feb 25, 2023	36644	14	0	0
Feb 26, 2023	36400	14	0	0
Feb 27, 2023	36156	14	0	0
Feb 28, 2023	35910	14	0	0
Mar 01, 2023	35630	14	0	0
Mar 02, 2023	35350	14	0	0
Mar 03, 2023	35072	15	0	0
Mar 04, 2023	34927	20	0	0
Mar 05, 2023	34782	20	0	0
Mar 06, 2023	34637	20	0	0
Mar 07, 2023	34490	20	0	0
Mar 08, 2023	34440	20	0	0
Mar 09, 2023	34390	20	0	0
Mar 10, 2023	34342	19	0	0
Mar 11, 2023	33815	36	0	0
Mar 12, 2023	33288	36	0	0
Mar 13, 2023	32761	36	0	0
Mar 14, 2023	32233	36	0	0
Mar 15, 2023	31899	36	0	0
Mar 16, 2023	31565	36	0	0
Mar 17, 2023	31230	38	0	0
Mar 18, 2023	31285	43	0	0
Mar 19, 2023	31340	43	0	0
Mar 20, 2023	31395	43	0	0
Mar 21, 2023	31447	43	0	0
Mar 22, 2023	31453	43	0	0
Mar 23, 2023	31459	43	0	0
Mar 24, 2023	31462	40	0	0
Mar 25, 2023	31575	37	0	0
Mar 26, 2023	31688	37	0	0
Mar 27, 2023	31801	37	0	0
Mar 28, 2023	31912	37	0	0
Mar 29, 2023	32066	37	0	0
Mar 30, 2023	32220	37	0	0
Mar 31, 2023	32372	34	0	0
Apr 01, 2023	32436	13	0	0
Apr 02, 2023	32500	13	0	0
Apr 03, 2023	32564	13	0	0
Apr 04, 2023	32626	13	0	0
Apr 05, 2023	32555	13	0	0
Apr 06, 2023	32484	13	0	0
Apr 07, 2023	32413	13	0	0
Apr 08, 2023	32342	13	0	0
Apr 09, 2023	32271	13	0	0
Apr 10, 2023	32200	13	0	0
Apr 11, 2023	32127	13	0	0
Apr 12, 2023	32533	13	0	0
Apr 13, 2023	32939	13	0	0
Apr 14, 2023	33350	11	0	0
Apr 15, 2023	34282	16	0	0
Apr 16, 2023	35214	16	0	0
Apr 17, 2023	36146	16	0	0
Apr 18, 2023	37079	16	0	0
Apr 19, 2023	37622	16	0	0
Apr 20, 2023	38165	16	0	0
Apr 21, 2023	38709	13	0	0
Apr 22, 2023	39133	18	0	0
Apr 23, 2023	39557	18	0	0
Apr 24, 2023	39981	18	0	0
Apr 25, 2023	40408	18	0	0
Apr 26, 2023	40725	18	0	0
Apr 27, 2023	41042	18	0	0
Apr 28, 2023	41359	18	0	0
Apr 29, 2023	41676	18	0	0
Apr 30, 2023	41993	18	0	0
May 01, 2023	42310	18	0	0
May 02, 2023	42629	18	0	0
May 03, 2023	43036	18	0	0
May 04, 2023	43443	18	0	0
May 05, 2023	43847	15	0	0
May 06, 2023	44370	18	0	0
May 07, 2023	44893	18	0	0
May 08, 2023	45416	18	0	0
May 09, 2023	45939	18	0	0
May 10, 2023	46462	18	0	0
May 11, 2023	46985	18	0	0
May 12, 2023	47508	18	0	0
May 13, 2023	48031	18	0	0
May 14, 2023	48554	18	0	0
May 15, 2023	49077	18	0	0
May 16, 2023	49595	18	0	0
May 17, 2023	49592	18	0	0
May 18, 2023	49589	18	0	0
May 19, 2023	49588	15	0	0
May 20, 2023	49580	15	0	0
May 21, 2023	49572	15	0	0
May 22, 2023	49564	15	0	0
May 23, 2023	49555	15	0	0
May 24, 2023	49666	15	0	0
May 25, 2023	49777	15	0	0
May 26, 2023	49888	15	0	0
May 27, 2023	49999	14	0	0
May 28, 2023	50110	14	0	0
May 29, 2023	50221	14	0	0
May 30, 2023	50332	14	0	0
May 31, 2023	50443	15	0	0
Jun 01, 2023	50554	15	0	0
Jun 02, 2023	50663	12	0	0
Jun 03, 2023	50214	15	0	0
Jun 04, 2023	49765	15	0	0
Jun 05, 2023	49316	15	0	0
Jun 06, 2023	48870	15	0	0
Jun 07, 2023	48305	15	0	0
Jun 08, 2023	47740	15	0	0
Jun 09, 2023	47175	15	0	0
Jun 10, 2023	46610	14	0	0
Jun 11, 2023	46045	14	0	0
Jun 12, 2023	45480	14	0	0
Jun 13, 2023	44915	14	0	0
Jun 14, 2023	44350	15	0	0
Jun 15, 2023	43785	15	0	0
Jun 16, 2023	43223	15	0	0
Jun 17, 2023	42320	10	0	0
Jun 18, 2023	41417	10	0	0
Jun 19, 2023	40514	10	0	0
Jun 20, 2023	39609	10	0	0
Jun 21, 2023	38711	10	0	0
Jun 22, 2023	37813	10	0	0
Jun 23, 2023	36915	10	0	0
Jun 24, 2023	36017	10	0	0
Jun 25, 2023	35119	10	0	0
Jun 26, 2023	34221	10	0	0
Jun 27, 2023	33323	10	0	0
Jun 28, 2023	32425	10	0	0
Jun 29, 2023	31527	10	0	0
Jun 30, 2023	30634	8	0	0
Jul 01, 2023	30634	0	0	0
Jul 02, 2023	30634	0	0	0
Jul 03, 2023	30634	0	0	0
Jul 04, 2023	30634	0	0	0
Jul 05, 2023	30634	0	0	0
Jul 06, 2023	30634	0	0	0
Jul 07, 2023	30634	0	0	0
Jul 08, 2023	30634	0	0	0
Jul 09, 2023	30634	0	0	0
Jul 10, 2023	30634	0	0	0
Jul 11, 2023	30634	0	0	0
Jul 12, 2023	30634	0	0	0
Jul 13, 2023	30634	0	0	0
Jul 14, 2023	30634	0	0	0
Jul 15, 2023	30634	0	0	0
Jul 16, 2023	30634	0	0	0
Jul 17, 2023	30634	0	0	0
Jul 18, 2023	30634	0	0	0
Jul 19, 2023	30634	0	0	0
Jul 20, 2023	30634	0	0	0
Jul 21, 2023	30634	0	0	0
Jul 22, 2023	30634	0	0	0
Jul 23, 2023	30634	0	0	0
Jul 24, 2023	30634	0	0	0
Jul 25, 2023	30634	0	0	0
Jul 26, 2023	30634	0	0	0
Jul 27, 2023	30634	0	0	0
Jul 28, 2023	30634	0	0	0
Jul 29, 2023	30634	0	0	0
Jul 30, 2023	30634	0	0	0
Jul 31, 2023	30634	0	0	0
Aug 01, 2023	30634	0	0	0
Aug 02, 2023	30634	0	0	0
Aug 03, 2023	30634	0	0	0
Aug 04, 2023	30634	0	0	0
Aug 05, 2023	30634	0	0	0
Aug 06, 2023	30634	0	0	0
Aug 07, 2023	30634	0	0	0
Aug 08, 2023	30634	0	0	0
Aug 09, 2023	30634	0	0	0
Aug 10, 2023	30634	0	0	0
Aug 11, 2023	30634	0	0	0
Aug 12, 2023	30634	0	0	0
Aug 13, 2023	30634	0	0	0
Aug 14, 2023	30634	0	0	0
Aug 15, 2023	30634	0	0	0
Aug 16, 2023	30634	0	0	0
Aug 17, 2023	30634	0	0	0
Aug 18, 2023	30634	0	0	0
Aug 19, 2023	30634	0	0	0
Aug 20, 2023	30634	0	0	0
Aug 21, 2023	30634	0	0	0
Aug 22, 2023	30634	0	0	0
Aug 23, 2023	30634	0	0	0
Aug 24, 2023	30634	0	0	0
Aug 25, 2023	30634	0	0	0
Aug 26, 2023	30634	0	0	0
Aug 27, 2023	30634	0	0	0
Aug 28, 2023	30634	0	0	0
Aug 29, 2023	30634	0	0	0
Aug 30, 2023	30634	0	0	0
Aug 31, 2023	30634	0	0	0
Sep 01, 2023	30634	0	0	0
Sep 02, 2023	30634	0	0	0
Sep 03, 2023	30634	0	0	0
Sep 04, 2023	30634	0	0	0
Sep 05, 2023	30634	0	0	0
Sep 06, 2023	30634	0	0	0
Sep 07, 2023	30634	0	0	0
Sep 08, 2023	30634	0	0	0
Sep 09, 2023	30634	0	0	0
Sep 10, 2023	30634	0	0	0
Sep 11, 2023	30634	0	0	0
Sep 12, 2023	30634	0	0	0
Sep 13, 2023	30634	0	0	0
Sep 14, 2023	30634	0	0	0
Sep 15, 2023	30634	0	0	0
Sep 16, 2023	30634	0	0	0
Sep 17, 2023	30634	0	0	0
Sep 18, 2023	30634	0	0	0
Sep 19, 2023	30634	0	0	0
Sep 20, 2023	30634	0	0	0
Sep 21, 2023	30634	0	0	0
Sep 22, 2023	30634	0	0	0
Sep 23, 2023	30634	0	0	0
Sep 24, 2023	30634	0	0	0
Sep 25, 2023	30634	0	0	0
Sep 26, 2023	30634	0	0	0
Sep 27, 2023	30634	0	0	0
Sep 28, 2023	30634	0	0	0
Sep 29, 2023	30634	0	0	0
Sep 30, 2023	30634	0	0	0
Oct 01, 2023	30634	0	0	0
Oct 02, 2023	30634	0	0	0
Oct 03, 2023	30634	0	0	0
Oct 04, 2023	30634	0	0	0
Oct 05, 2023	30634	0	0	0
Oct 06, 2023	30634	0	0	0
Oct 07, 2023	30634	0	0	0
Oct 08, 2023	30634	0	0	0
Oct 09, 2023	30634	0	0	0
Oct 10, 2023	30634	0	0	0
Oct 11, 2023	30634	0	0	0
Oct 12, 2023	30634	0	0	0
Oct 13, 2023	30634	0	0	0
Oct 14, 2023	30634	0	0	0
Oct 15, 2023	30634	0	0	0
Oct 16, 2023	30634	0	0	0
Oct 17, 2023	30634	0	0	0
Oct 18, 2023	30634	0	0	0
Oct 19, 2023	30634	0	0	0
Oct 20, 2023	30634	0	0	0
Oct 21, 2023	30634	0	0	0
Oct 22, 2023	30634	0	0	0
Oct 23, 2023	30634	0	0	0
Oct 24, 2023	30634	0	0	0
Oct 25, 2023	30634	0	0	0
Oct 26, 2023	30634	0	0	0
Oct 27, 2023	30634	0	0	0
Oct 28, 2023	30634	0	0	0
Oct 29, 2023	30634	0	0	0
Oct 30, 2023	30634	0	0	0
Oct 31, 2023	30634	0	0	0
Nov 01, 2023	30634	0	0	0
Nov 02, 2023	30634	0	0	0
Nov 03, 2023	30634	0	0	0
Nov 04, 2023	30634	0	0	0
Nov 05, 2023	30634	0	0	0
Nov 06, 2023	30634	0	0	0
Nov 07, 2023	30634	0	0	0
Nov 08, 2023	30634	0	0	0
Nov 09, 2023	30634	0	0	0
Nov 10, 2023	30634	0	0	0
Nov 11, 2023	30634	0	0	0
Nov 12, 2023	30634	0	0	0
Nov 13, 2023	30634	0	0	0
Nov 14, 2023	30634	0	0	0
Nov 15, 2023	30634	0	0	0
Nov 16, 2023	30634	0	0	0
Nov 17, 2023	30634	0	0	0
Nov 18, 2023	30634	0	0	0
Nov 19, 2023	30634	0	0	0
Nov 20, 2023	30634	0	0	0
Nov 21, 2023	30634	0	0	0
Nov 22, 2023	30634	0	0	0
Nov 23, 2023	30634	0	0	0
Nov 24, 2023	30634	0	0	0
Nov 25, 2023	30634	0	0	0
Nov 26, 2023	30634	0	0	0
Nov 27, 2023	30634	0	0	0
Nov 28, 2023	30634	0	0	0
Nov 29, 2023	30634	0	0	0
Nov 30, 2023	30634	0	0	0
Dec 01, 2023	30634	0	0	0
Dec 02, 2023	30634	0	0	0
Dec 03, 2023	30634	0	0	0
Dec 04, 2023	30634	0	0	0
Dec 05, 2023	30634	0	0	0
Dec 06, 2023	30634	0	0	0
Dec 07, 2023	30634	0	0	0
Dec 08, 2023	30634	0	0	0
Dec 09, 2023	30634	0	0	0
Dec 10, 2023	30634	0	0	0
Dec 11, 2023	30634	0	0	0
Dec 12, 2023	30634	0	0	0
Dec 13, 2023	30634	0	0	0
Dec 14, 2023	30634	0	0	0
Dec 15, 2023	30634	0	0	0
Dec 16, 2023	30634	0	0	0
Dec 17, 2023	30634	0	0	0
Dec 18, 2023	30634	0	0	0
Dec 19, 2023	30634	0	0	0
Dec 20, 2023	30634	0	0	0
Dec 21, 2023	30634	0	0	0
Dec 22, 2023	30634	0	0	0
Dec 23, 2023	30634	0	0	0
Dec 24, 2023	30634	0	0	0
Dec 25, 2023	30634	0	0	0
Dec 26, 2023	30634	0	0	0
Dec 27, 2023	30634	0	0	0
Dec 28, 2023	30634	0	0	0
Dec 29, 2023	30634	0	0	0
Dec 30, 2023	30634	0	0	0
Dec 31, 2023	30634	0	0	0
Jan 01, 2024	30634	0	0	0
Jan 02, 2024	30634	0	0	0
Jan 03, 2024	30634	0	0	0
Jan 04, 2024	30634	0	0	0
Jan 05, 2024	30634	0	0	0
Jan 06, 2024	30634	0	0	0
Jan 07, 2024	30634	0	0	0
Jan 08, 2024	30634	0	0	0
Jan 09, 2024	30634	0	0	0
Jan 10, 2024	30634	0	0	0
Jan 11, 2024	30634	0	0	0
Jan 12, 2024	30634	0	0	0
Jan 13, 2024	30634	0	0	0
Jan 14, 2024	30634	0	0	0
Jan 15, 2024	30634	0	0	0
Jan 16, 2024	30634	0	0	0
Jan 17, 2024	30634	0	0	0
Jan 18, 2024	30634	0	0	0
Jan 19, 2024	30634	0	0	0
Jan 20, 2024	30634	0	0	0
Jan 21, 2024	30634	0	0	0
Jan 22, 2024	30634	0	0	0
Jan 23, 2024	30634	0	0	0
Jan 24, 2024	30634	0	0	0
Jan 25, 2024	30634	0	0	0
Jan 26, 2024	30634	0	0	0
Jan 27, 2024	30634	0	0	0
Jan 28, 2024	30634	0	0	0
Jan 29, 2024	30634	0	0	0
Jan 30, 2024	30634	0	0	0
Jan 31, 2024	30634	0	0	0
Feb 01, 2024	30634	0	0	0
Feb 02, 2024	30634	0	0	0
Feb 03, 2024	30634	0	0	0
Feb 04, 2024	30634	0	0	0
Feb 05, 2024	30634	0	0	0
Feb 06, 2024	30634	0	0	0
Feb 07, 2024	30634	0	0	0
Feb 08, 2024	30634	0	0	0
Feb 09, 2024	30634	0	0	0
Feb 10, 2024	30634	0	0	0
Feb 11, 2024	30634	0	0	0
Feb 12, 2024	30634	0	0	0
Feb 13, 2024	30634	0	0	0
Feb 14, 2024	30634	0	0	0
Feb 15, 2024	30634	0	0	0
Feb 16, 2024	30634	0	0	0
Feb 17, 2024	30634	0	0	0
Feb 18, 2024	30634	0	0	0
Feb 19, 2024	30634	0	0	0
Feb 20, 2024	30634	0	0	0
Feb 21, 2024	30634	0	0	0
Feb 22, 2024	30634	0	0	0
Feb 23, 2024	30634	0	0	0
Feb 24, 2024	30634	0	0	0
Feb 25, 2024	30634	0	0	0
Feb 26, 2024	30634	0	0	0
Feb 27, 2024	30634	0	0	0
Feb 28, 2024	30634	0	0	0
Feb 29, 2024	30634	0	0	0
Mar 01, 2024	30634	0	0	0
Mar 02, 2024	30634	0	0	0
Mar 03, 2024	30634	0	0	0
Mar 04, 2024	30634	0	0	0
Mar 05, 2024	30634	0	0	0
Mar 06, 2024	30634	0	0	0
Mar 07, 2024	30634	0	0	0
Mar 08, 2024	30634	0	0	0
Mar 09, 2024	30634	0	0	0
Mar 10, 2024	30634	0	0	0
Mar 11, 2024	30634	0	0	0
Mar 12, 2024	30634	0	0	0
Mar 13, 2024	30634	0	0	0
Mar 14, 2024	30634	0	0	0
Mar 15, 2024	30634	0	0	0
Mar 16, 2024	30634	0	0	0
Mar 17, 2024	30634	0	0	0
Mar 18, 2024	30634	0	0	0
Mar 19, 2024	30634	0	0	0
Mar 20, 2024	30634	0	0	0
Mar 21, 2024	30634	0	0	0
Mar 22, 2024	30634	0	0	0
Mar 23, 2024	30634	0	0	0
