Feb 15, 2020	20	null	null	null
Feb 16, 2020	20	0	0	0
Feb 17, 2020	20	0	1	0
Feb 18, 2020	18	0	2	0
Feb 19, 2020	18	0	0	0
Feb 20, 2020	18	0	0	0
Feb 21, 2020	16	0	0	0
Feb 22, 2020	15	0	3	0
Feb 23, 2020	14	0	0	0
Feb 24, 2020	20	0	1	0
Feb 25, 2020	15	0	0	2
Feb 26, 2020	18	0	0	4
Feb 27, 2020	12	0	0	19
Feb 28, 2020	13	0	0	18
Feb 29, 2020	14	0	1	39
Mar 01, 2020	11	0	0	27
Mar 02, 2020	12	0	0	56
Mar 03, 2020	12	0	0	20
Mar 04, 2020	12	0	0	67
Mar 05, 2020	15	0	0	126
Mar 06, 2020	16	0	0	209
Mar 07, 2020	18	5	0	269
Mar 08, 2020	16	3	0	236
Mar 09, 2020	16	11	0	185
Mar 10, 2020	19	3	0	338
Mar 11, 2020	24	15	0	452
Mar 12, 2020	34	13	0	540
Mar 13, 2020	39	18	0	714
Mar 14, 2020	46	12	0	761
Mar 15, 2020	78	36	0	840
Mar 16, 2020	111	21	0	1100
Mar 17, 2020	135	27	590	997
Mar 18, 2020	169	89	0	1277
Mar 19, 2020	229	108	693	1691
Mar 20, 2020	279	78	292	1469
Mar 21, 2020	366	112	0	1678
Mar 22, 2020	554	112	613	1417
Mar 23, 2020	668	186	0	3488
Mar 24, 2020	771	240	1081	2224
Mar 25, 2020	860	231	619	2662
Mar 26, 2020	953	365	1048	3564
Mar 27, 2020	1034	299	752	3462
Mar 28, 2020	1142	319	0	4191
Mar 29, 2020	1152	292	1502	2362
Mar 30, 2020	1286	418	725	3977
Mar 31, 2020	1299	498	1517	6887
Apr 01, 2020	1254	508	1491	4418
Apr 02, 2020	1355	1354	1493	1923
Apr 03, 2020	1347	1119	1580	4755
Apr 04, 2020	1373	1052	1430	3877
Apr 05, 2020	1353	517	745	1703
Apr 06, 2020	1401	832	1067	3555
Apr 07, 2020	1343	1416	2087	3432
Apr 08, 2020	1451	540	1917	3526
Apr 09, 2020	1451	1339	1952	3895
Apr 10, 2020	1427	986	1726	3946
Apr 11, 2020	1348	634	1459	2829
Apr 12, 2020	1295	561	795	1466
Apr 13, 2020	1251	574	532	2428
Apr 14, 2020	1167	761	1087	4996
Apr 15, 2020	1103	1437	2150	2393
Apr 16, 2020	1033	752	1857	2400
Apr 17, 2020	964	760	1608	368
Apr 18, 2020	899	641	1563	2335
Apr 19, 2020	790	395	595	714
Apr 20, 2020	746	546	831	1864
Apr 21, 2020	655	530	1772	2423
Apr 22, 2020	425	543	1476	1661
Apr 23, 2020	359	515	1431	1502
Apr 24, 2020	314	389	1405	1611
Apr 25, 2020	309	369	1101	1397
Apr 26, 2020	277	242	309	419
Apr 27, 2020	270	436	610	3420
Apr 28, 2020	232	367	1373	1381
Apr 29, 2020	228	426	1342	1675
Apr 30, 2020	213	289	1248	1061
May 01, 2020	187	218	736	563
May 02, 2020	180	166	350	740
May 03, 2020	176	135	222	287
May 04, 2020	193	306	587	537
May 05, 2020	187	330	1365	1029
May 06, 2020	173	278	1236	3898
May 07, 2020	165	178	1055	586
May 08, 2020	161	243	815	598
May 09, 2020	161	80	4206	403
May 10, 2020	159	70	4272	195
May 11, 2020	163	263	2851	425
May 12, 2020	163	348	1265	659
May 13, 2020	117	83	2590	473
May 14, 2020	112	351	5146	580
May 15, 2020	115	104	2529	524
May 16, 2020	114	96	2468	347
May 17, 2020	116	146	77	112
May 18, 2020	118	131	2361	459
May 19, 2020	120	119	1002	489
May 20, 2020	90	110	1941	389
May 21, 2020	84	83	2584	296
May 22, 2020	71	74	1753	366
May 23, 2020	68	43	1610	233
May 24, 2020	63	35	1738	107
May 25, 2020	57	65	1267	334
May 26, 2020	59	98	3800	257
May 27, 2020	66	66	520	178
May 28, 2020	63	66	532	3098
May 29, 2020	74	52	351	556
May 30, 2020	59	57	138	1703
May 31, 2020	61	31	394	239
Jun 01, 2020	60	31	628	315
Jun 02, 2020	59	107	366	283
Jun 03, 2020	58	81	499	330
Jun 04, 2020	75	44	480	720
Jun 05, 2020	73	46	301	573
Jun 06, 2020	75	31	81	543
Jun 07, 2020	82	13	446	322
Jun 08, 2020	88	54	435	198
Jun 09, 2020	90	87	302	378
Jun 10, 2020	86	23	273	511
Jun 11, 2020	80	27	339	399
Jun 12, 2020	84	28	205	681
Jun 13, 2020	89	24	83	494
Jun 14, 2020	90	9	325	382
Jun 15, 2020	90	29	228	143
Jun 16, 2020	84	111	67	323
Jun 17, 2020	81	28	3070	430
Jun 18, 2020	86	28	528	438
Jun 19, 2020	80	14	1689	761
Jun 20, 2020	71	16	223	602
Jun 21, 2020	72	7	308	267
Jun 22, 2020	71	23	260	350
Jun 23, 2020	75	57	273	485
Jun 24, 2020	73	11	709	76
Jun 25, 2020	62	21	552	0
Jun 26, 2020	64	26	517	1490
Jun 27, 2020	51	8	314	490
Jun 28, 2020	51	9	189	490
Jun 29, 2020	58	18	360	263
Jun 30, 2020	57	30	481	508
Jul 01, 2020	56	18	381	861
Jul 02, 2020	62	14	667	618
Jul 03, 2020	56	18	476	546
Jul 04, 2020	61	7	375	526
Jul 05, 2020	61	7	136	600
Jul 06, 2020	65	13	310	165
Jul 07, 2020	65	13	417	446
Jul 08, 2020	65	32	406	622
Jul 09, 2020	59	14	747	583
Jul 10, 2020	57	25	577	617
Jul 11, 2020	70	4	263	628
Jul 12, 2020	71	3	347	627
Jul 13, 2020	72	18	467	270
Jul 14, 2020	78	71	5	480
Jul 15, 2020	82	20	-20	390
Jul 16, 2020	83	18	1472	501
Jul 17, 2020	85	14	476	785
Jul 18, 2020	92	9	481	812
Jul 19, 2020	95	8	255	812
Jul 20, 2020	96	8	500	328
Jul 21, 2020	92	13	848	548
Jul 22, 2020	98	7	611	937
Jul 23, 2020	106	10	536	997
Jul 24, 2020	114	10	516	1060
Jul 25, 2020	115	4	596	956
Jul 26, 2020	124	4	161	955
Jul 27, 2020	126	9	437	482
Jul 28, 2020	128	14	608	680
Jul 29, 2020	129	15	568	1306
Jul 30, 2020	135	16	601	1292
Jul 31, 2020	127	11	617	1263
Aug 01, 2020	119	3	624	0
Aug 02, 2020	117	4	266	2646
Aug 03, 2020	120	22	458	522
Aug 04, 2020	121	2	388	975
Aug 05, 2020	126	9	492	1591
Aug 06, 2020	124	7	778	1505
Aug 07, 2020	139	12	800	2147
Aug 08, 2020	140	1	811	1910
Aug 09, 2020	142	1	327	1909
Aug 10, 2020	133	14	534	737
Aug 11, 2020	130	14	923	1311
Aug 12, 2020	129	17	980	2369
Aug 13, 2020	132	17	1043	2505
Aug 14, 2020	145	17	939	2671
Aug 15, 2020	125	4	951	3106
Aug 16, 2020	125	1	481	2829
Aug 17, 2020	126	24	656	463
Aug 18, 2020	125	17	1289	2100
Aug 19, 2020	125	17	1275	3544
Aug 20, 2020	113	12	1251	4477
Aug 21, 2020	113	23	-23	4304
Aug 22, 2020	112	9	2637	3380
Aug 23, 2020	116	1	521	4596
Aug 24, 2020	117	15	960	1835
Aug 25, 2020	115	16	1575	3101
Aug 26, 2020	108	0	1505	5095
Aug 27, 2020	109	32	2115	5735
Aug 28, 2020	115	20	1890	6925
Aug 29, 2020	111	6	1903	5117
Aug 30, 2020	101	4	733	5080
Aug 31, 2020	102	29	1282	2892
Sep 01, 2020	85	26	2343	4675
Sep 02, 2020	93	25	2480	6585
Sep 03, 2020	92	0	2671	6716
Sep 04, 2020	96	0	3106	8423
Sep 05, 2020	101	12	2817	8024
Sep 06, 2020	105	3	460	6636
Sep 07, 2020	106	25	2075	3944
Sep 08, 2020	104	38	3506	6141
Sep 09, 2020	103	30	4447	8049
Sep 10, 2020	86	19	4285	9237
Sep 11, 2020	91	80	3300	8827
Sep 12, 2020	96	17	4579	9911
Sep 13, 2020	103	6	1829	6741
Sep 14, 2020	105	34	3067	5779
Sep 15, 2020	107	49	5046	7369
Sep 16, 2020	116	46	5689	9182
Sep 17, 2020	107	50	6875	9941
Sep 18, 2020	111	153	4964	12402
Sep 19, 2020	103	26	5054	12667
Sep 20, 2020	107	11	2881	9918
Sep 21, 2020	105	53	4622	4972
Sep 22, 2020	109	78	6507	9392
Sep 23, 2020	110	43	6673	12267
Sep 24, 2020	104	52	8371	15105
Sep 25, 2020	100	150	7874	14825
Sep 26, 2020	101	39	6597	13525
Sep 27, 2020	97	27	3917	10438
Sep 28, 2020	117	81	6060	3819
Sep 29, 2020	130	85	7964	7555
Sep 30, 2020	131	63	9174	12054
Oct 01, 2020	131	63	8764	13110
Oct 02, 2020	132	130	9781	11400
Oct 03, 2020	138	49	6692	15927
Oct 04, 2020	138	32	5747	11792
Oct 05, 2020	141	69	7300	4771
Oct 06, 2020	151	66	9116	9843
Oct 07, 2020	165	80	9861	17592
Oct 08, 2020	124	76	12326	17013
Oct 09, 2020	128	109	12558	19087
Oct 10, 2020	130	54	9864	25240
Oct 11, 2020	126	46	4926	15110
Oct 12, 2020	128	95	9297	7981
Oct 13, 2020	127	108	12159	12193
Oct 14, 2020	136	104	15001	21200
Oct 15, 2020	143	88	14737	28736
Oct 16, 2020	143	178	13347	23542
Oct 17, 2020	142	89	10349	30431
Oct 18, 2020	146	85	3734	28000
Oct 19, 2020	144	146	7409	12428
Oct 20, 2020	150	262	11792	19208
Oct 21, 2020	155	163	12947	25034
Oct 22, 2020	146	162	11238	39060
Oct 23, 2020	150	298	15629	39445
Oct 24, 2020	143	137	11655	42626
Oct 25, 2020	147	116	4655	48808
Oct 26, 2020	141	257	9586	25123
Oct 27, 2020	136	523	17069	31360
Oct 28, 2020	139	244	16769	34194
Oct 29, 2020	134	235	18852	44705
Oct 30, 2020	131	545	24695	46185
Oct 31, 2020	131	223	14887	33447
Nov 01, 2020	133	231	7750	45258
Nov 02, 2020	133	467	11726	51104
Nov 03, 2020	133	906	20294	35912
Nov 04, 2020	133	437	28299	39880
Nov 05, 2020	128	415	23127	56292
Nov 06, 2020	119	880	29551	58581
Nov 07, 2020	126	356	27644	83324
Nov 08, 2020	123	322	12106	38059
Nov 09, 2020	119	548	18660	20732
Nov 10, 2020	114	857	24177	22632
Nov 11, 2020	102	328	38732	35488
Nov 12, 2020	99	425	39020	32948
Nov 13, 2020	104	932	41694	24147
Nov 14, 2020	99	552	48256	31937
Nov 15, 2020	99	500	24623	27370
Nov 16, 2020	94	704	30656	10645
Nov 17, 2020	94	625	33569	13630
Nov 18, 2020	91	677	44028	26636
Nov 19, 2020	86	681	45504	19848
Nov 20, 2020	87	634	32813	21473
Nov 21, 2020	86	390	44868	16780
Nov 22, 2020	92	352	50752	12347
Nov 23, 2020	94	638	35274	4178
Nov 24, 2020	90	592	39288	8591
Nov 25, 2020	86	569	55723	15280
Nov 26, 2020	94	527	58054	12728
Nov 27, 2020	111	581	82743	11692
Nov 28, 2020	108	316	37743	11806
Nov 29, 2020	117	301	20431	9182
Nov 30, 2020	135	509	22123	3758
Dec 01, 2020	137	466	35022	7585
Dec 02, 2020	144	425	32523	13198
Dec 03, 2020	147	439	23708	11914
Dec 04, 2020	154	397	31540	10530
Dec 05, 2020	164	327	27043	12127
Dec 06, 2020	173	287	10358	10344
Dec 07, 2020	179	480	13150	3201
Dec 08, 2020	192	491	26145	12869
Dec 09, 2020	211	403	19445	13697
Dec 10, 2020	221	400	21073	12904
Dec 11, 2020	217	412	16368	12581
Dec 12, 2020	217	314	12033	13088
Dec 13, 2020	226	271	3907	10823
Dec 14, 2020	237	492	8099	2874
Dec 15, 2020	237	428	14852	10822
Dec 16, 2020	224	407	12321	16531
Dec 17, 2020	232	376	11316	17130
Dec 18, 2020	232	374	11432	14709
Dec 19, 2020	247	294	8888	16484
Dec 20, 2020	806	236	3522	12011
Dec 21, 2020	1176	456	7129	5440
Dec 22, 2020	1578	487	12711	11069
Dec 23, 2020	1607	359	11555	14010
Dec 24, 2020	1653	373	10157	20302
Dec 25, 2020	1720	242	11885	19015
Dec 26, 2020	1808	230	10114	2903
Dec 27, 2020	1920	257	2944	8279
Dec 28, 2020	2045	447	12422	2778
Dec 29, 2020	2195	468	13229	10694
Dec 30, 2020	2417	377	12527	24828
Dec 31, 2020	2583	325	12256	18700
Jan 01, 2021	2827	207	12881	18157
Jan 02, 2021	3016	231	10592	3253
Jan 03, 2021	3293	191	2683	11720
Jan 04, 2021	4022	453	10369	3774
Jan 05, 2021	4504	420	16111	19228
Jan 06, 2021	4847	387	16743	23817
Jan 07, 2021	5048	381	14328	20367
Jan 08, 2021	4519	381	16103	18594
Jan 09, 2021	4440	264	11747	18935
Jan 10, 2021	3803	248	5192	14963
Jan 11, 2021	3914	407	10662	3362
Jan 12, 2021	4035	452	13558	18536
Jan 13, 2021	3981	347	19955	22384
Jan 14, 2021	3533	401	18614	19921
Jan 15, 2021	3093	399	2504	19962
Jan 16, 2021	2704	264	8015	20088
Jan 17, 2021	2969	213	2565	15618
Jan 18, 2021	3147	475	10219	3506
Jan 19, 2021	3168	441	24387	22155
Jan 20, 2021	2961	420	18280	25135
Jan 21, 2021	2882	456	17701	21442
Jan 22, 2021	2809	429	2824	21858
Jan 23, 2021	2782	295	11425	22451
Jan 24, 2021	2860	237	3537	17301
Jan 25, 2021	2950	510	18718	3979
Jan 26, 2021	3679	417	23400	20726
Jan 27, 2021	4335	505	19862	25259
Jan 28, 2021	4858	499	18095	22307
Jan 29, 2021	5551	510	18425	21451
Jan 30, 2021	6371	322	14641	22890
Jan 31, 2021	7090	275	3087	18051
Feb 01, 2021	7027	536	18000	4079
Feb 02, 2021	7158	485	21899	21900
Feb 03, 2021	7169	476	19445	24739
Feb 04, 2021	7181	476	19486	22005
Feb 05, 2021	7234	413	19675	20776
Feb 06, 2021	6781	263	15355	19319
Feb 07, 2021	6350	243	3263	18501
Feb 08, 2021	6068	530	21625	4051
Feb 09, 2021	5301	508	24627	17708
Feb 10, 2021	4909	404	21038	23824
Feb 11, 2021	4225	468	21390	19766
Feb 12, 2021	3989	429	22022	19427
Feb 13, 2021	3145	257	17044	19924
Feb 14, 2021	2380	226	3753	15527
Feb 15, 2021	1749	471	20255	4107
Feb 16, 2021	1141	410	24849	18384
Feb 17, 2021	1182	391	21916	23478
Feb 18, 2021	1083	352	21099	21116
Feb 19, 2021	1088	409	22481	22631
Feb 20, 2021	1111	213	17838	20994
Feb 21, 2021	1047	163	3916	20689
Feb 22, 2021	1060	363	21537	4360
Feb 23, 2021	1070	341	24398	18829
Feb 24, 2021	1067	370	21635	29579
Feb 25, 2021	947	354	20422	23839
Feb 26, 2021	774	379	18940	23655
Feb 27, 2021	776	214	18287	22519
Feb 28, 2021	740	125	3926	18724
Mar 01, 2021	624	404	17304	4413
Mar 02, 2021	569	330	23494	21450
Mar 03, 2021	541	389	19377	25139
Mar 04, 2021	515	360	19067	23723
Mar 05, 2021	515	305	19619	22060
Mar 06, 2021	534	187	15340	21871
Mar 07, 2021	541	147	3960	20482
Mar 08, 2021	579	377	18007	4999
Mar 09, 2021	565	316	23162	21868
Mar 10, 2021	509	295	20821	28438
Mar 11, 2021	513	296	22335	25494
Mar 12, 2021	538	254	20740	23676
Mar 13, 2021	585	192	20497	27927
Mar 14, 2021	687	137	4223	24721
Mar 15, 2021	684	357	18472	6073
Mar 16, 2021	768	338	29241	28130
Mar 17, 2021	975	300	23539	36131
Mar 18, 2021	1028	327	23328	32844
Mar 19, 2021	1054	362	22157	32911
Mar 20, 2021	1111	244	18480	33169
Mar 21, 2021	1115	170	4243	28699
Mar 22, 2021	1122	402	21048	35259
Mar 23, 2021	1419	347	24792	23350
Mar 24, 2021	1381	305	23418	31334
Mar 25, 2021	1405	285	21775	42831
Mar 26, 2021	1453	363	21508	39292
Mar 27, 2021	1428	201	20281	39995
Mar 28, 2021	1401	142	4857	34736
Mar 29, 2021	1366	371	21497	26843
Mar 30, 2021	1348	348	28090	26580
Mar 31, 2021	1343	325	25169	39327
Apr 01, 2021	1247	314	23362	47541
Apr 02, 2021	1247	304	27623	43804
Apr 03, 2021	1268	213	24508	18571
Apr 04, 2021	1258	185	5888	57172
Apr 05, 2021	1386	197	27933	11576
Apr 06, 2021	1528	414	35717	54241
Apr 07, 2021	1741	431	32413	28890
Apr 08, 2021	2114	374	32537	14892
Apr 09, 2021	2645	301	32868	38704
Apr 10, 2021	3400	179	28520	40620
Apr 11, 2021	4314	176	35083	32747
Apr 12, 2021	5265	385	22965	8011
Apr 13, 2021	6190	351	30983	36705
Apr 14, 2021	7491	303	42528	40827
Apr 15, 2021	8973	302	38990	35703
Apr 16, 2021	10461	313	39682	34199
Apr 17, 2021	11736	189	34547	33653
Apr 18, 2021	13501	140	26703	27538
Apr 19, 2021	14851	489	26091	6847
Apr 20, 2021	16119	346	38981	39882
Apr 21, 2021	17162	313	47228	32815
Apr 22, 2021	18148	283	43521	32205
Apr 23, 2021	19873	332	18239	30349
Apr 24, 2021	22327	217	56955	30624
Apr 25, 2021	24207	152	11424	22959
Apr 26, 2021	25767	405	53836	5586
Apr 27, 2021	25973	333	28557	28451
Apr 28, 2021	27119	322	14570	29598
Apr 29, 2021	27988	313	38391	24904
Apr 30, 2021	28696	276	40344	22803
May 01, 2021	28745	195	32552	24090
May 02, 2021	29258	116	7895	9279
May 03, 2021	29765	315	36390	3529
May 04, 2021	30011	247	40580	22871
May 05, 2021	30222	252	35451	24400
May 06, 2021	29680	227	33972	20375
May 07, 2021	29320	235	33418	17947
May 08, 2021	29473	179	27359	19468
May 09, 2021	29371	119	6728	8566
May 10, 2021	29376	296	39586	3089
May 11, 2021	29435	240	32575	18573
May 12, 2021	29378	184	32021	20175
May 13, 2021	32661	131	30218	18263
May 14, 2021	33186	173	30451	6593
May 15, 2021	34913	122	22837	14719
May 16, 2021	35055	91	5495	13089
May 17, 2021	43268	206	28245	3144
May 18, 2021	42988	198	29400	16151
May 19, 2021	41903	146	24763	17877
May 20, 2021	42246	138	22803	15415
May 21, 2021	42827	113	23947	12800
May 22, 2021	42955	95	9166	12611
May 23, 2021	44189	76	3440	9704
May 24, 2021	45307	68	22801	2229
May 25, 2021	45413	203	24320	3155
May 26, 2021	45256	153	20172	12646
May 27, 2021	46469	151	17803	13933
May 28, 2021	46150	107	19308	11268
May 29, 2021	46480	69	8459	10675
May 30, 2021	48051	46	3021	8541
May 31, 2021	50416	128	18529	1211
Jun 01, 2021	49218	129	20044	9848
Jun 02, 2021	49777	98	18134	8743
Jun 03, 2021	49998	72	6469	8161
Jun 04, 2021	50105	84	14673	6953
Jun 05, 2021	49490	57	13005	6654
Jun 06, 2021	49714	26	3087	5070
Jun 07, 2021	49101	65	16126	1166
Jun 08, 2021	49252	73	17811	6016
Jun 09, 2021	47644	66	15342	5557
Jun 10, 2021	46876	70	12735	4475
Jun 11, 2021	43428	71	12540	3871
Jun 12, 2021	41403	34	9604	3972
Jun 13, 2021	40046	13	2195	2855
Jun 14, 2021	39854	63	3171	689
Jun 15, 2021	38061	80	12583	3235
Jun 16, 2021	35405	50	13853	3058
Jun 17, 2021	33853	62	11224	2044
Jun 18, 2021	32795	56	10607	3181
Jun 19, 2021	31482	22	8485	2624
Jun 20, 2021	32743	14	1189	1815
Jun 21, 2021	33859	40	9834	487
Jun 22, 2021	35836	51	8703	2204
Jun 23, 2021	37018	33	8110	2320
Jun 24, 2021	39517	44	6920	2007
Jun 25, 2021	41366	33	6610	1986
Jun 26, 2021	41907	16	5037	2128
Jun 27, 2021	43607	21	1154	1578
Jun 28, 2021	45648	48	5999	509
Jun 29, 2021	47481	33	5501	2314
Jun 30, 2021	49799	25	4442	2457
Jul 01, 2021	52052	29	3846	2664
Jul 02, 2021	54440	24	3943	2683
Jul 03, 2021	57470	17	2831	3006
Jul 04, 2021	59938	9	672	2549
Jul 05, 2021	63520	36	3226	796
Jul 06, 2021	65297	34	3022	3585
Jul 07, 2021	67614	28	2010	4081
Jul 08, 2021	69619	25	3153	4442
Jul 09, 2021	74895	18	2599	4580
Jul 10, 2021	80289	19	1797	4696
Jul 11, 2021	85689	4	468	4256
Jul 12, 2021	90578	28	2200	1260
Jul 13, 2021	95410	54	2292	6950
Jul 14, 2021	99511	6	1953	8875
Jul 15, 2021	103056	16	1980	3617
Jul 16, 2021	106951	22	2112	10908
Jul 17, 2021	110565	16	1556	10949
Jul 18, 2021	116135	5	493	12532
Jul 19, 2021	122097	20	2309	4151
Jul 20, 2021	126765	33	2437	18181
Jul 21, 2021	131411	29	2631	21539
Jul 22, 2021	137058	11	2654	21909
Jul 23, 2021	143744	26	2995	19561
Jul 24, 2021	150248	25	2523	25624
Jul 25, 2021	158550	7	771	15242
Jul 26, 2021	167057	50	3579	5307
Jul 27, 2021	171921	31	4036	26871
Jul 28, 2021	178270	44	4414	27934
Jul 29, 2021	185976	32	4540	25190
Jul 30, 2021	192526	66	4667	24309
Jul 31, 2021	200510	47	4196	23471
Aug 01, 2021	205002	20	1217	19600
Aug 02, 2021	208875	56	6932	5184
Aug 03, 2021	209039	63	8824	26829
Aug 04, 2021	211076	59	3560	28784
Aug 05, 2021	213910	57	10855	26460
Aug 06, 2021	212926	66	10897	25077
Aug 07, 2021	213444	35	12472	25755
Aug 08, 2021	214786	33	4119	20450
Aug 09, 2021	214421	75	18151	5775
Aug 10, 2021	211223	75	21471	28576
Aug 11, 2021	210042	60	21841	30920
Aug 12, 2021	209028	85	19507	28554
Aug 13, 2021	212179	82	25547	26453
Aug 14, 2021	210376	56	15168	24427
Aug 15, 2021	210943	49	5256	21172
Aug 16, 2021	210934	107	26827	5829
Aug 17, 2021	210032	123	27837	28114
Aug 18, 2021	207553	124	25079	28405
Aug 19, 2021	205946	140	24197	23973
Aug 20, 2021	205079	92	23344	22319
Aug 21, 2021	202230	89	19517	22636
Aug 22, 2021	200339	49	5103	17300
Aug 23, 2021	195454	119	26785	5166
Aug 24, 2021	192334	169	28676	24853
Aug 25, 2021	189268	102	26307	23706
Aug 26, 2021	186934	110	24984	19683
Aug 27, 2021	185200	109	25432	18249
Aug 28, 2021	182357	85	20355	17590
Aug 29, 2021	177702	61	5701	13630
Aug 30, 2021	176137	112	28523	3795
Aug 31, 2021	171368	136	30822	19425
Sep 01, 2021	166922	86	28418	17621
Sep 02, 2021	163680	103	26320	15911
Sep 03, 2021	159800	93	24324	13466
Sep 04, 2021	155134	83	21079	13336
Sep 05, 2021	152105	49	5746	10410
Sep 06, 2021	148622	102	28065	3042
Sep 07, 2021	145465	152	28303	14534
Sep 08, 2021	142644	100	23821	12828
Sep 09, 2021	143038	103	22219	10969
Sep 10, 2021	141642	80	22533	9966
Sep 11, 2021	137859	46	17220	9601
Sep 12, 2021	135966	29	5120	7679
Sep 13, 2021	132113	86	24824	2062
Sep 14, 2021	129025	147	23620	10327
Sep 15, 2021	128546	79	19536	9144
Sep 16, 2021	128728	65	18170	8128
Sep 17, 2021	129421	66	17525	7373
Sep 18, 2021	130128	42	13564	7414
Sep 19, 2021	131095	28	3753	5814
Sep 20, 2021	132573	68	19397	1515
Sep 21, 2021	131655	153	17553	7851
Sep 22, 2021	129071	58	15758	6794
Sep 23, 2021	128367	62	13408	6229
Sep 24, 2021	127392	49	13274	5879
Sep 25, 2021	124540	29	10361	6012
Sep 26, 2021	122463	14	3013	4706
Sep 27, 2021	120156	92	14520	1309
Sep 28, 2021	116711	60	12736	6765
Sep 29, 2021	115423	42	10909	5835
Sep 30, 2021	116075	56	9924	5204
Oct 01, 2021	115233	46	9545	4935
Oct 02, 2021	113394	30	7633	4948
Oct 03, 2021	112251	9	2032	3744
Oct 04, 2021	109748	50	10318	1138
Oct 05, 2021	108373	75	9094	5558
Oct 06, 2021	108022	34	8053	4946
Oct 07, 2021	109022	34	7339	4615
Oct 08, 2021	110113	38	7380	4470
Oct 09, 2021	110128	15	5776	4734
Oct 10, 2021	110880	8	1500	3991
Oct 11, 2021	110265	30	7843	1120
Oct 12, 2021	108174	68	6764	5880
Oct 13, 2021	107168	23	6161	5578
Oct 14, 2021	107925	38	5856	5187
Oct 15, 2021	107606	34	5974	6099
Oct 16, 2021	107378	15	4672	4899
Oct 17, 2021	107790	5	1294	3778
Oct 18, 2021	107226	41	6760	1057
Oct 19, 2021	105546	49	5794	5934
Oct 20, 2021	103507	21	5155	6036
Oct 21, 2021	103086	35	4914	6127
Oct 22, 2021	102317	29	4913	6366
Oct 23, 2021	101803	23	3715	6291
Oct 24, 2021	101000	4	1115	5005
Oct 25, 2021	100042	41	5554	1295
Oct 26, 2021	98150	47	4905	6603
Oct 27, 2021	98096	34	4568	6528
Oct 28, 2021	99144	33	4436	6461
Oct 29, 2021	99301	27	4701	6433
Oct 30, 2021	100132	22	3964	7360
Oct 31, 2021	100691	12	1098	6329
Nov 01, 2021	99227	6	5868	1866
Nov 02, 2021	98444	74	5572	2039
Nov 03, 2021	97585	39	5113	10050
Nov 04, 2021	97470	47	6060	9502
Nov 05, 2021	97300	26	4852	8998
Nov 06, 2021	97410	25	3752	9605
Nov 07, 2021	98367	10	1032	8547
Nov 08, 2021	98425	55	5924	2197
Nov 09, 2021	97244	58	5981	12476
Nov 10, 2021	96463	33	6069	11883
Nov 11, 2021	96450	17	6333	12603
Nov 12, 2021	95804	48	6274	3860
Nov 13, 2021	95413	16	4957	14646
Nov 14, 2021	95528	17	1279	12496
Nov 15, 2021	94163	70	6586	3241
Nov 16, 2021	92105	47	6458	19778
Nov 17, 2021	91382	50	6414	20294
Nov 18, 2021	90672	52	6383	20366
Nov 19, 2021	89821	50	7308	21220
Nov 20, 2021	87885	23	6279	22678
Nov 21, 2021	87271	15	1843	19749
Nov 22, 2021	85768	94	2024	5266
Nov 23, 2021	83093	98	9956	30454
Nov 24, 2021	81577	81	9404	32591
Nov 25, 2021	80657	43	8917	33464
Nov 26, 2021	80277	60	9562	34436
Nov 27, 2021	79780	34	8487	37218
Nov 28, 2021	79250	23	2163	31648
Nov 29, 2021	77811	122	12453	8279
Nov 30, 2021	75673	115	11761	47177
Dec 01, 2021	74190	96	12488	49610
Dec 02, 2021	73726	103	3764	48416
Dec 03, 2021	72761	127	14543	49858
Dec 04, 2021	72954	49	12369	51624
Dec 05, 2021	71482	29	3192	42252
Dec 06, 2021	69010	192	19749	11308
Dec 07, 2021	66395	172	20102	59019
Dec 08, 2021	64200	133	20194	61340
Dec 09, 2021	60415	136	21087	56854
Dec 10, 2021	56717	150	-136	55339
Dec 11, 2021	53455	65	42277	53720
Dec 12, 2021	51616	48	5201	43848
Dec 13, 2021	49524	243	30406	12036
Dec 14, 2021	47531	158	32348	63405
Dec 15, 2021	46315	151	33306	65713
Dec 16, 2021	45442	188	34285	60866
Dec 17, 2021	43479	162	37030	58128
Dec 18, 2021	43305	85	31486	58536
Dec 19, 2021	41793	75	8194	48473
Dec 20, 2021	40097	224	47102	15075
Dec 21, 2021	38892	229	49386	72832
Dec 22, 2021	38202	170	48187	84272
Dec 23, 2021	38314	179	49688	91608
Dec 24, 2021	38192	167	51445	94124
Dec 25, 2021	37123	84	42085	104611
Dec 26, 2021	35862	96	11224	27697
Dec 27, 2021	34436	256	58923	30383
Dec 28, 2021	33639	290	61084	179807
Dec 29, 2021	33502	184	56564	208099
Dec 30, 2021	33399	180	55155	206243
Dec 31, 2021	33243	189	53540	232200
Jan 01, 2022	32929	110	43659	219126
Jan 02, 2022	33108	91	11926	58432
Jan 03, 2022	33114	270	63314	67461
Jan 04, 2022	33505	351	65443	271686
Jan 05, 2022	34877	246	60515	332252
Jan 06, 2022	37968	204	57882	261481
Jan 07, 2022	42580	193	58332	328214
Jan 08, 2022	47964	142	48280	303669
Jan 09, 2022	53858	90	14933	296097
Jan 10, 2022	58159	280	72742	93896
Jan 11, 2022	61974	341	83992	368149
Jan 12, 2022	66283	246	91267	361719
Jan 13, 2022	70591	225	93878	305322
Jan 14, 2022	74792	191	104386	329371
Jan 15, 2022	77365	148	27506	324580
Jan 16, 2022	80546	98	30235	278129
Jan 17, 2022	82207	296	179709	102144
Jan 18, 2022	81949	375	207803	464769
Jan 19, 2022	81599	231	205868	436167
Jan 20, 2022	82731	245	231969	425183
Jan 21, 2022	82717	233	218881	400851
Jan 22, 2022	83228	167	58199	389320
Jan 23, 2022	83456	115	67294	301614
Jan 24, 2022	82482	393	271571	108481
Jan 25, 2022	81529	467	331859	501635
Jan 26, 2022	81296	258	261014	428008
Jan 27, 2022	82757	268	327956	392168
Jan 28, 2022	83695	263	303401	353503
Jan 29, 2022	83936	178	295834	332398
Jan 30, 2022	84539	127	93718	249448
Jan 31, 2022	84316	348	368022	82657
Feb 01, 2022	83011	381	361371	416896
Feb 02, 2022	83091	276	304941	315363
Feb 03, 2022	84410	264	329095	274352
Feb 04, 2022	86470	355	324316	241049
Feb 05, 2022	88460	170	277774	214542
Feb 06, 2022	91034	129	101974	155439
Feb 07, 2022	92781	417	464640	46001
Feb 08, 2022	94240	691	435750	235267
Feb 09, 2022	98827	283	412530	179614
Feb 10, 2022	105126	310	412530	153025
Feb 11, 2022	111390	329	389010	131376
Feb 12, 2022	118490	161	301285	118611
Feb 13, 2022	124866	107	108320	86562
Feb 14, 2022	129930	385	501528	26475
Feb 15, 2022	132725	390	427623	142253
Feb 16, 2022	138292	276	391778	98735
Feb 17, 2022	144058	287	353227	92345
Feb 18, 2022	149586	304	332111	82553
Feb 19, 2022	157496	148	249144	76638
Feb 20, 2022	162457	114	82509	59003
Feb 21, 2022	166394	283	416896	17195
Feb 22, 2022	169071	285	319295	97382
Feb 23, 2022	173602	213	269738	66833
Feb 24, 2022	180990	281	240836	66732
Feb 25, 2022	190107	188	214261	58138
Feb 26, 2022	201041	101	155251	53623
Feb 27, 2022	208843	76	45900	42600
Feb 28, 2022	213642	232	235191	13483
Mar 01, 2022	215722	209	179382	79794
Mar 02, 2022	218781	186	152816	57697
Mar 03, 2022	223411	180	131190	60225
Mar 04, 2022	227840	181	118431	57789
Mar 05, 2022	232144	120	86381	53678
Mar 06, 2022	232518	32	26355	45328
Mar 07, 2022	230456	176	142221	14496
Mar 08, 2022	224325	167	98559	93050
Mar 09, 2022	221582	155	92178	69190
Mar 10, 2022	220331	107	82398	74818
Mar 11, 2022	222995	149	76531	72399
Mar 12, 2022	226148	51	58854	72443
Mar 13, 2022	227333	29	17144	60422
Mar 14, 2022	225886	185	97353	18853
Mar 15, 2022	221433	146	66648	116618
Mar 16, 2022	221969	173	66586	108832
Mar 17, 2022	225131	116	57965	101747
Mar 18, 2022	230600	112	53507	97579
Mar 19, 2022	237516	62	42488	98104
Mar 20, 2022	240136	30	13421	81283
Mar 21, 2022	240336	152	79764	24179
Mar 22, 2022	236811	133	57545	180777
Mar 23, 2022	237125	101	60092	145560
Mar 24, 2022	240346	124	57688	148635
Mar 25, 2022	244108	121	53554	143571
Mar 26, 2022	250262	67	45207	139517
Mar 27, 2022	251933	41	14429	110174
Mar 28, 2022	250734	149	93009	29455
Mar 29, 2022	245151	164	69041	217480
Mar 30, 2022	244369	149	74654	169024
Mar 31, 2022	246767	139	72250	169311
Apr 01, 2022	251211	134	72304	148629
Apr 02, 2022	255792	68	60288	132114
Apr 03, 2022	259123	31	18785	102266
Apr 04, 2022	256664	149	116587	27648
Apr 05, 2022	250142	129	108683	203021
Apr 06, 2022	248075	128	101618	161950
Apr 07, 2022	248054	105	97451	158792
Apr 08, 2022	248251	139	97999	148768
Apr 09, 2022	251448	87	81144	141690
Apr 10, 2022	250970	45	24092	107654
Apr 11, 2022	245572	178	180732	25492
Apr 12, 2022	237396	159	145382	190762
Apr 13, 2022	232679	152	148476	146426
Apr 14, 2022	229701	133	143419	137342
Apr 15, 2022	224902	151	139384	125394
Apr 16, 2022	221449	61	110023	111583
Apr 17, 2022	214551	35	29394	86650
Apr 18, 2022	205511	48	217445	19810
Apr 19, 2022	197346	182	168976	25465
Apr 20, 2022	191740	227	169129	155711
Apr 21, 2022	188923	185	148402	104007
Apr 22, 2022	190777	146	131929	88389
Apr 23, 2022	188339	75	102120	80571
Apr 24, 2022	183151	40	27573	58954
Apr 25, 2022	174497	197	202981	13984
Apr 26, 2022	167121	170	161753	97498
Apr 27, 2022	162964	152	158622	67711
Apr 28, 2022	158765	132	148616	59760
Apr 29, 2022	155907	158	141558	52919
Apr 30, 2022	151564	61	107496	49482
May 01, 2022	140986	32	25431	36726
May 02, 2022	129065	180	190730	8737
May 03, 2022	118564	120	146246	67017
May 04, 2022	108651	114	137222	47925
May 05, 2022	101278	122	125280	44225
May 06, 2022	97669	110	111461	40224
May 07, 2022	93837	62	86540	37958
May 08, 2022	91276	54	19748	29324
May 09, 2022	84954	132	25411	7354
May 10, 2022	79999	123	155579	56449
May 11, 2022	78271	96	103884	40299
May 12, 2022	77424	84	88293	36047
May 13, 2022	75861	98	80487	32773
May 14, 2022	73330	74	58856	30459
May 15, 2022	70772	21	13984	22844
May 16, 2022	66802	126	97403	5936
May 17, 2022	63334	90	67585	43727
May 18, 2022	60880	80	59670	29995
May 19, 2022	59576	67	52839	27842
May 20, 2022	58907	65	49415	24332
May 21, 2022	58472	44	36661	22507
May 22, 2022	55789	11	8737	16965
May 23, 2022	51003	82	66962	4386
May 24, 2022	47876	88	47843	32029
May 25, 2022	47265	51	44137	22006
May 26, 2022	46592	28	40173	21234
May 27, 2022	46202	45	37930	4811
May 28, 2022	46731	23	29279	23582
May 29, 2022	44734	14	7354	16440
May 30, 2022	42531	85	56412	4673
May 31, 2022	39858	76	40214	35142
Jun 01, 2022	39268	58	35971	26144
Jun 02, 2022	36189	41	32715	25365
Jun 03, 2022	34895	38	30418	25130
Jun 04, 2022	34053	34	22806	25172
Jun 05, 2022	32250	10	5936	20542
Jun 06, 2022	29506	9	43727	6184
Jun 07, 2022	26886	74	29942	11627
Jun 08, 2022	25423	77	27768	53802
Jun 09, 2022	25259	42	24255	40151
Jun 10, 2022	24553	39	-42	17152
Jun 11, 2022	24109	0	39433	0
Jun 12, 2022	22327	0	4386	79397
Jun 13, 2022	21783	92	32029	8474
Jun 14, 2022	21442	57	21914	65425
Jun 15, 2022	21578	49	21177	51954
Jun 16, 2022	21202	49	4762	53081
Jun 17, 2022	21027	43	23533	50605
Jun 18, 2022	21312	19	-43	50266
Jun 19, 2022	21308	3	16440	40125
Jun 20, 2022	20908	45	39793	11566
Jun 21, 2022	20464	56	26099	95217
Jun 22, 2022	21149	66	25309	77967
Jun 23, 2022	21647	40	25064	79852
Jun 24, 2022	22455	49	25132	79262
Jun 25, 2022	22783	30	-49	80926
Jun 26, 2022	23310	11	20542	66301
Jun 27, 2022	22892	48	17770	17601
Jun 28, 2022	22455	37	53754	147248
Jun 29, 2022	23026	48	40114	124724
Jun 30, 2022	23928	42	17104	133346
Jul 01, 2022	24112	52	-42	125066
Jul 02, 2022	24720	30	-52	122639
Jul 03, 2022	24986	14	79397	96191
Jul 04, 2022	24815	97	73899	24418
Jul 05, 2022	24432	75	51813	206554
Jul 06, 2022	24789	53	53006	154615
Jul 07, 2022	24901	89	50552	161265
Jul 08, 2022	25079	74	50177	140997
Jul 09, 2022	24731	39	-74	116405
Jul 10, 2022	24554	15	40125	110589
Jul 11, 2022	24073	108	106783	24343
Jul 12, 2022	23614	126	77805	182006
Jul 13, 2022	24079	109	79726	127642
Jul 14, 2022	24188	54	79153	119285
Jul 15, 2022	24040	108	80872	23027
Jul 16, 2022	23864	59	66193	124009
Jul 17, 2022	23296	26	17601	73668
Jul 18, 2022	22732	174	147163	17733
Jul 19, 2022	22338	144	124550	134188
Jul 20, 2022	23176	125	133202	89982
Jul 21, 2022	23442	133	124941	80869
Jul 22, 2022	24025	113	122506	74348
Jul 23, 2022	24697	57	96078	68532
Jul 24, 2022	24699	23	24418	50032
Jul 25, 2022	23982	130	206474	11195
Jul 26, 2022	23602	119	154485	87562
Jul 27, 2022	24216	103	161146	58638
Jul 28, 2022	23957	112	140894	51594
Jul 29, 2022	24547	89	116293	45515
Jul 30, 2022	24320	55	110500	41274
Jul 31, 2022	23158	20	24343	31535
Aug 01, 2022	22707	121	181931	7249
Aug 02, 2022	22009	101	127521	54519
Aug 03, 2022	21937	90	119184	38788
Aug 04, 2022	21374	87	22937	33799
Aug 05, 2022	21110	80	123922	30592
Aug 06, 2022	21247	45	73588	28518
Aug 07, 2022	21523	20	17733	21528
Aug 08, 2022	21316	109	134123	5090
Aug 09, 2022	20944	111	89873	38230
Aug 10, 2022	21096	88	80758	27081
Aug 11, 2022	21301	80	74260	24312
Aug 12, 2022	21581	74	68452	22638
Aug 13, 2022	21788	0	49958	21175
Aug 14, 2022	20955	0	11195	16347
Aug 15, 2022	20253	65	87562	4564
Aug 16, 2022	19709	113	58573	6331
Aug 17, 2022	19899	93	51481	35745
Aug 18, 2022	19990	92	45422	23605
Aug 19, 2022	20045	74	41182	20236
Aug 20, 2022	19932	40	31461	19870
Aug 21, 2022	19621	0	7249	14820
Aug 22, 2022	18826	76	54479	4012
Aug 23, 2022	17894	88	38712	28988
Aug 24, 2022	17828	57	33711	21289
Aug 25, 2022	18059	44	30535	19837
Aug 26, 2022	18179	51	28474	18116
Aug 27, 2022	18114	23	21477	17833
Aug 28, 2022	17551	9	5090	14110
Aug 29, 2022	16600	78	38198	3806
Aug 30, 2022	15456	72	27003	27358
Aug 31, 2022	15751	54	24240	19240
Sep 01, 2022	15987	41	22584	18646
Sep 02, 2022	16444	55	21134	16399
Sep 03, 2022	16720	14	16292	15597
Sep 04, 2022	16183	3	4564	12894
Sep 05, 2022	15415	67	6314	3443
Sep 06, 2022	14492	60	35678	26918
Sep 07, 2022	14459	46	23545	20142
Sep 08, 2022	14058	58	20190	19866
Sep 09, 2022	13902	31	19812	19087
Sep 10, 2022	13790	15	14789	19517
Sep 11, 2022	12763	6	4012	16422
Sep 12, 2022	11480	40	28967	4579
Sep 13, 2022	10262	49	21249	41850
Sep 14, 2022	10318	33	19788	33575
Sep 15, 2022	10406	33	18083	33263
Sep 16, 2022	10144	28	17800	28686
Sep 17, 2022	9925	11	14082	33162
Sep 18, 2022	9220	2	3806	23137
Sep 19, 2022	8346	58	27345	5219
Sep 20, 2022	8186	48	19182	51816
Sep 21, 2022	8368	33	18598	38250
Sep 22, 2022	8283	30	16366	38464
Sep 23, 2022	8232	33	15567	37524
Sep 24, 2022	8080	14	12861	38024
Sep 25, 2022	7691	8	3443	31365
Sep 26, 2022	6857	51	26896	7489
Sep 27, 2022	6397	40	20091	73639
Sep 28, 2022	6525	45	19826	53410
Sep 29, 2022	6362	33	19042	51366
Sep 30, 2022	6459	34	19484	48261
Oct 01, 2022	6467	17	16388	46596
Oct 02, 2022	6249	7	4579	37453
Oct 03, 2022	6031	62	41826	8690
Oct 04, 2022	5815	74	33513	89185
Oct 05, 2022	5598	47	33189	66564
Oct 06, 2022	5381	50	28639	65537
Oct 07, 2022	5163	53	33112	61121
Oct 08, 2022	4943	26	23084	57270
Oct 09, 2022	5254	8	5219	42626
Oct 10, 2022	5565	79	51782	9373
Oct 11, 2022	5876	85	38171	94753
Oct 12, 2022	6188	55	38379	67948
Oct 13, 2022	6499	62	37469	64218
Oct 14, 2022	6811	79	37962	58695
Oct 15, 2022	4890	35	31286	55394
Oct 16, 2022	5257	17	7489	41973
Oct 17, 2022	5250	112	73587	9421
Oct 18, 2022	5244	101	53298	87666
Oct 19, 2022	5237	106	51265	63031
Oct 20, 2022	5231	69	48155	56793
Oct 21, 2022	5224	81	46527	49087
Oct 22, 2022	5224	33	37372	43746
Oct 23, 2022	4850	17	8690	31470
Oct 24, 2022	4486	122	89135	6907
Oct 25, 2022	4121	131	66442	59653
Oct 26, 2022	3757	60	65406	41185
Oct 27, 2022	3392	71	61061	37089
Oct 28, 2022	3028	61	57199	25783
Oct 29, 2022	2663	41	42565	22723
Oct 30, 2022	2299	9	9373	16456
Oct 31, 2022	4423	112	94703	3768
Nov 01, 2022	4414	53	67836	29525
Nov 02, 2022	4395	97	64165	5691
Nov 03, 2022	4484	55	58598	42025
Nov 04, 2022	4529	78	55339	29438
Nov 05, 2022	4554	34	41895	26840
Nov 06, 2022	4638	9	0	21178
Nov 07, 2022	4325	109	97044	3645
Nov 08, 2022	4318	117	62922	40591
Nov 09, 2022	4312	72	56676	28702
Nov 10, 2022	4306	53	49015	27068
Nov 11, 2022	4300	33	43693	26353
Nov 12, 2022	4293	15	31437	5577
Nov 13, 2022	4287	2	6907	27155
Nov 14, 2022	4735	100	59636	6017
Nov 15, 2022	4725	110	41085	48971
Nov 16, 2022	4715	71	36979	34878
Nov 17, 2022	4705	87	25712	33331
Nov 18, 2022	4696	74	22636	37177
Nov 19, 2022	4686	75	16382	47088
Nov 20, 2022	4676	6	3768	14204
Nov 21, 2022	4666	94	29444	29335
Nov 22, 2022	4655	89	5597	64772
Nov 23, 2022	4645	84	41936	49188
Nov 24, 2022	4634	60	-84	50530
Nov 25, 2022	4624	68	56218	48629
Nov 26, 2022	4613	29	21110	48331
Nov 27, 2022	4603	8	3645	37675
Nov 28, 2022	4592	95	40554	9304
Nov 29, 2022	4577	88	28607	91814
Nov 30, 2022	4562	91	26980	68382
Dec 01, 2022	4547	76	26262	69253
Dec 02, 2022	4532	67	5501	59008
Dec 03, 2022	4517	38	27088	52908
Dec 04, 2022	4502	10	6017	40006
Dec 05, 2022	4487	104	48923	10591
Dec 06, 2022	4472	117	34774	105516
Dec 07, 2022	4456	93	33214	75752
Dec 08, 2022	4441	62	37084	71597
Dec 09, 2022	4426	94	47026	65509
Dec 10, 2022	4411	62	14110	61482
Dec 11, 2022	4395	30	29335	46422
Dec 12, 2022	4380	167	64680	10878
Dec 13, 2022	403	138	49021	97037
Dec 14, 2022	387	114	50392	70224
Dec 15, 2022	371	106	48515	62541
Dec 16, 2022	354	131	48225	56361
Dec 17, 2022	338	45	37544	52544
Dec 18, 2022	322	35	9304	37264
Dec 19, 2022	306	178	91734	8213
Dec 20, 2022	293	130	68204	71212
Dec 21, 2022	281	127	69123	54613
Dec 22, 2022	268	120	58881	49517
Dec 23, 2022	255	158	52788	43766
Dec 24, 2022	242	58	39848	40744
Dec 25, 2022	230	24	0	23681
Dec 26, 2022	217	133	10591	5429
Dec 27, 2022	206	208	105516	30989
Dec 28, 2022	196	140	147349	26081
Dec 29, 2022	185	132	64946	24436
Dec 30, 2022	174	115	61350	23808
Dec 31, 2022	163	52	46307	21836
Jan 01, 2023	153	28	10878	15005
Jan 02, 2023	142	172	96957	2246
Jan 03, 2023	276	163	70052	22916
Jan 04, 2023	410	123	62378	14105
Jan 05, 2023	544	143	56238	11537
Jan 06, 2023	679	126	52401	10383
Jan 07, 2023	813	54	37264	8961
Jan 08, 2023	947	22	8213	6557
Jan 09, 2023	1081	145	71010	1702
Jan 10, 2023	929	115	54468	11715
Jan 11, 2023	777	88	49402	7635
Jan 12, 2023	625	53	43678	7159
Jan 13, 2023	475	101	40691	6238
Jan 14, 2023	323	27	23580	5429
Jan 15, 2023	171	9	5429	4166
Jan 16, 2023	19	80	30953	1235
Jan 17, 2023	13	99	26001	8381
Jan 18, 2023	95	82	24337	5894
Jan 19, 2023	179	64	23726	4992
Jan 20, 2023	262	44	21772	4475
Jan 21, 2023	346	54	14961	4324
Jan 22, 2023	428	9	2246	3477
Jan 23, 2023	512	134	22853	1027
Jan 24, 2023	508	59	13971	7263
Jan 25, 2023	504	0	11478	5347
Jan 26, 2023	500	28	10383	5287
Jan 27, 2023	495	44	8933	4681
Jan 28, 2023	491	0	6513	4513
Jan 29, 2023	487	0	1702	3802
Jan 30, 2023	483	96	11715	982
Jan 31, 2023	483	57	7539	6860
Feb 01, 2023	483	53	7102	4506
Feb 02, 2023	483	52	6185	4021
Feb 03, 2023	483	28	0	3618
Feb 04, 2023	483	21	5429	3312
Feb 05, 2023	483	0	4166	2632
Feb 06, 2023	718	40	9616	718
Feb 07, 2023	718	42	5753	4999
Feb 08, 2023	718	31	4950	3991
Feb 09, 2023	718	17	4444	3653
Feb 10, 2023	718	20	4307	3366
Feb 11, 2023	718	0	3457	3187
Feb 12, 2023	718	0	1027	2469
Feb 13, 2023	1098	50	7263	706
Feb 14, 2023	1098	35	5297	4986
Feb 15, 2023	1098	35	5252	3972
Feb 16, 2023	1098	27	4646	4021
Feb 17, 2023	1098	28	4486	3589
Feb 18, 2023	1098	0	3774	4236
Feb 19, 2023	1098	0	982	2999
Feb 20, 2023	1293	47	6860	898
Feb 21, 2023	1293	32	4459	5774
Feb 22, 2023	1293	38	3989	4584
Feb 23, 2023	1293	19	3580	4489
Feb 24, 2023	1293	29	3293	3917
Feb 25, 2023	1293	0	2603	3843
Feb 26, 2023	1293	0	718	2942
Feb 27, 2023	1488	52	4999	841
Feb 28, 2023	1488	34	3939	5651
Mar 01, 2023	1488	25	3619	4525
Mar 02, 2023	1488	21	3341	4196
Mar 03, 2023	1488	21	3166	3194
Mar 04, 2023	1488	0	2448	4013
Mar 05, 2023	1488	0	0	0
Mar 06, 2023	1628	43	5692	953
Mar 07, 2023	1628	0	-43	0
Mar 08, 2023	1628	0	3972	0
Mar 09, 2023	1628	0	4021	0
Mar 10, 2023	1628	90	7825	6188
Mar 11, 2023	1628	0	2909	6072
Mar 12, 2023	1628	0	898	4558
Mar 13, 2023	1744	50	5774	1235
Mar 14, 2023	1744	27	4534	9937
Mar 15, 2023	1744	24	4462	8348
Mar 16, 2023	1744	24	3893	7932
Mar 17, 2023	1744	26	3819	7228
Mar 18, 2023	1744	0	2916	7210
Mar 19, 2023	1744	0	841	5459
Mar 20, 2023	1917	63	5651	1470
Mar 21, 2023	1917	35	4462	11519
Mar 22, 2023	1917	13	4161	9762
Mar 23, 2023	1917	29	3181	9249
Mar 24, 2023	1917	15	3984	8839
Mar 25, 2023	1917	0	-15	8435
Mar 26, 2023	1917	0	953	6211
Mar 27, 2023	2061	65	0	7
Mar 28, 2023	2061	39	-65	12933
Mar 29, 2023	2061	36	-39	10885
Mar 30, 2023	2061	0	-36	0
Mar 31, 2023	2061	69	12260	9211
Apr 01, 2023	2061	0	4489	8455
Apr 02, 2023	2061	0	1235	6027
Apr 03, 2023	2225	58	9937	1453
Apr 04, 2023	2225	0	-58	0
Apr 05, 2023	2225	58	16280	9922
Apr 06, 2023	2225	35	7170	9374
Apr 07, 2023	2225	28	7175	8786
Apr 08, 2023	2225	0	5431	7739
Apr 09, 2023	2225	0	1470	6474
Apr 10, 2023	2391	0	11519	1342
Apr 11, 2023	2391	0	9762	1884
Apr 12, 2023	2391	59	9249	14207
Apr 13, 2023	2391	0	8780	10678
Apr 14, 2023	2391	108	8435	9467
Apr 15, 2023	2391	0	6103	8595
Apr 16, 2023	2391	0	7	5805
Apr 17, 2023	2824	0	12933	1411
Apr 18, 2023	2824	140	10885	10616
Apr 19, 2023	2824	0	-140	8807
Apr 20, 2023	2824	0	9211	8201
Apr 21, 2023	2824	125	8455	7400
Apr 22, 2023	2824	0	5902	6796
Apr 23, 2023	2824	0	1453	5008
Apr 24, 2023	3907	0	0	1185
Apr 25, 2023	3907	136	9922	8895
Apr 26, 2023	3907	0	9238	7490
Apr 27, 2023	3907	0	8786	6609
Apr 28, 2023	3907	131	7739	6144
Apr 29, 2023	3907	0	6343	5642
Apr 30, 2023	3907	0	1342	4030
May 01, 2023	5708	0	1884	1098
May 02, 2023	5708	89	14207	1065
May 03, 2023	5708	0	10589	8715
May 04, 2023	5708	0	9467	6161
May 05, 2023	5708	166	8595	5505
May 06, 2023	5708	0	5639	5103
May 07, 2023	5708	0	1411	3301
May 08, 2023	7397	0	10616	759
May 09, 2023	7397	51	8807	1044
May 10, 2023	7397	0	8150	6708
May 11, 2023	7397	0	0	0
May 12, 2023	7397	108	14196	9003
May 13, 2023	7397	0	4900	3706
May 14, 2023	7397	0	1185	2563
May 15, 2023	9731	0	8895	623
May 16, 2023	9731	82	7490	5118
May 17, 2023	9731	0	6527	4149
May 18, 2023	9731	0	0	0
May 19, 2023	9731	0	6144	0
May 20, 2023	9731	0	5642	0
May 21, 2023	9731	0	4030	0
May 22, 2023	12299	76	2163	677
May 23, 2023	12299	79	8639	5901
May 24, 2023	12299	0	6082	4905
May 25, 2023	12299	0	5505	4220
May 26, 2023	12299	56	5103	3724
May 27, 2023	12299	0	3245	3317
May 28, 2023	12299	0	759	2284
May 29, 2023	15227	0	1044	592
May 30, 2023	15227	48	6708	902
May 31, 2023	15227	0	-48	5210
Jun 01, 2023	15227	0	9003	3735
Jun 02, 2023	15227	62	3706	3204
Jun 03, 2023	15227	0	2501	2797
Jun 04, 2023	15227	0	623	2082
Jun 05, 2023	18244	0	5118	443
Jun 06, 2023	18244	51	4149	3590
Jun 07, 2023	18244	0	-51	2762
Jun 08, 2023	18244	0	0	2603
Jun 09, 2023	18244	56	0	2357
Jun 10, 2023	18244	0	-56	2135
Jun 11, 2023	18244	0	677	1282
Jun 12, 2023	20884	0	5901	332
Jun 13, 2023	20884	28	4905	2631
Jun 14, 2023	20884	0	4192	2069
Jun 15, 2023	20884	0	3724	545
Jun 16, 2023	20884	40	3317	2895
Jun 17, 2023	20884	0	2244	1482
Jun 18, 2023	20884	0	592	1080
Jun 19, 2023	22982	0	902	270
Jun 20, 2023	22982	45	5210	2071
Jun 21, 2023	22982	0	3690	1702
Jun 22, 2023	22982	0	3204	1420
Jun 23, 2023	22982	23	2797	1232
Jun 24, 2023	22982	0	2059	1217
Jun 25, 2023	22982	0	443	776
Jun 26, 2023	24599	0	3590	213
Jun 27, 2023	24599	26	2762	1680
Jun 28, 2023	24599	0	2577	1148
Jun 29, 2023	24599	0	2357	1106
Jun 30, 2023	24599	0	2135	1106
Jul 01, 2023	24599	0	0	0
Jul 02, 2023	24599	0	1282	0
Jul 03, 2023	25415	0	332	0
Jul 04, 2023	25415	0	2631	0
Jul 05, 2023	25415	0	2069	0
Jul 06, 2023	25415	0	545	0
Jul 07, 2023	25415	0	2895	0
Jul 08, 2023	25415	0	1482	0
Jul 09, 2023	25415	0	1080	0
Jul 10, 2023	26583	0	270	0
Jul 11, 2023	26583	0	2071	0
Jul 12, 2023	26583	0	1702	0
Jul 13, 2023	26583	0	1420	0
Jul 14, 2023	26583	0	1232	0
Jul 15, 2023	26583	0	1217	0
Jul 16, 2023	26583	0	776	0
Jul 17, 2023	27182	0	213	0
Jul 18, 2023	27182	0	1680	0
Jul 19, 2023	27182	0	1148	0
Jul 20, 2023	27182	0	1106	0
Jul 21, 2023	27182	0	1106	0
Jul 22, 2023	27182	0	0	0
Jul 23, 2023	27182	0	0	0
Jul 24, 2023	27730	0	0	0
Jul 25, 2023	27730	0	0	0
Jul 26, 2023	27730	0	0	0
Jul 27, 2023	27730	0	0	0
Jul 28, 2023	27730	0	0	0
Jul 29, 2023	27730	0	0	0
Jul 30, 2023	27730	0	0	0
Jul 31, 2023	28114	0	0	0
Aug 01, 2023	28114	0	0	0
Aug 02, 2023	28114	0	0	0
Aug 03, 2023	28114	0	0	0
Aug 04, 2023	28114	0	0	0
Aug 05, 2023	28114	0	0	0
Aug 06, 2023	28114	0	0	0
Aug 07, 2023	28370	0	0	0
Aug 08, 2023	28370	0	0	0
Aug 09, 2023	28370	0	0	0
Aug 10, 2023	28370	0	0	0
Aug 11, 2023	28370	0	0	0
Aug 12, 2023	28370	0	0	0
Aug 13, 2023	28370	0	0	0
Aug 14, 2023	28681	0	0	0
Aug 15, 2023	28681	0	0	0
Aug 16, 2023	28681	0	0	0
Aug 17, 2023	28681	0	0	0
Aug 18, 2023	28681	0	0	0
Aug 19, 2023	28681	0	0	0
Aug 20, 2023	28681	0	0	0
Aug 21, 2023	29061	0	0	0
Aug 22, 2023	29061	0	0	0
Aug 23, 2023	29061	0	0	0
Aug 24, 2023	29061	0	0	0
Aug 25, 2023	29061	0	0	0
Aug 26, 2023	29061	0	0	0
Aug 27, 2023	29061	0	0	0
Aug 28, 2023	29311	0	0	0
Aug 29, 2023	29311	0	0	0
Aug 30, 2023	29311	0	0	0
Aug 31, 2023	29311	0	0	0
Sep 01, 2023	29311	0	0	0
Sep 02, 2023	29311	0	0	0
Sep 03, 2023	29311	0	0	0
Sep 04, 2023	29492	0	0	0
Sep 05, 2023	29492	0	0	0
Sep 06, 2023	29492	0	0	0
Sep 07, 2023	29492	0	0	0
Sep 08, 2023	29492	0	0	0
Sep 09, 2023	29492	0	0	0
Sep 10, 2023	29492	0	0	0
Sep 11, 2023	29733	0	0	0
Sep 12, 2023	29733	0	0	0
Sep 13, 2023	29733	0	0	0
Sep 14, 2023	29733	0	0	0
Sep 15, 2023	29733	0	0	0
Sep 16, 2023	29733	0	0	0
Sep 17, 2023	29733	0	0	0
Sep 18, 2023	29942	0	0	0
Sep 19, 2023	29942	0	0	0
Sep 20, 2023	29942	0	0	0
Sep 21, 2023	29942	0	0	0
Sep 22, 2023	29942	0	0	0
Sep 23, 2023	29942	0	0	0
Sep 24, 2023	29942	0	0	0
Sep 25, 2023	30173	0	0	0
Sep 26, 2023	30173	0	0	0
Sep 27, 2023	30173	0	0	0
Sep 28, 2023	30173	0	0	0
Sep 29, 2023	30173	0	0	0
Sep 30, 2023	30173	0	0	0
Oct 01, 2023	30173	0	0	0
Oct 02, 2023	30362	0	0	0
Oct 03, 2023	30362	0	0	0
Oct 04, 2023	30362	0	0	0
Oct 05, 2023	30362	0	0	0
Oct 06, 2023	30362	0	0	0
Oct 07, 2023	30362	0	0	0
Oct 08, 2023	30362	0	0	0
Oct 09, 2023	30488	0	0	0
Oct 10, 2023	30488	0	0	0
Oct 11, 2023	30488	0	0	0
Oct 12, 2023	30488	0	0	0
Oct 13, 2023	30488	0	0	0
Oct 14, 2023	30488	0	0	0
Oct 15, 2023	30488	0	0	0
Oct 16, 2023	30609	0	0	0
Oct 17, 2023	30609	0	0	0
Oct 18, 2023	30609	0	0	0
Oct 19, 2023	30609	0	0	0
Oct 20, 2023	30609	0	0	0
Oct 21, 2023	30609	0	0	0
Oct 22, 2023	30609	0	0	0
Oct 23, 2023	30797	0	0	0
Oct 24, 2023	30797	0	0	0
Oct 25, 2023	30797	0	0	0
Oct 26, 2023	30797	0	0	0
Oct 27, 2023	30797	0	0	0
Oct 28, 2023	30797	0	0	0
Oct 29, 2023	30797	0	0	0
Oct 30, 2023	31001	0	0	0
Oct 31, 2023	31001	0	0	0
Nov 01, 2023	31001	0	0	0
Nov 02, 2023	31001	0	0	0
Nov 03, 2023	31001	0	0	0
Nov 04, 2023	31001	0	0	0
Nov 05, 2023	31001	0	0	0
Nov 06, 2023	31001	0	0	0
Nov 07, 2023	31304	0	0	0
Nov 08, 2023	31304	0	0	0
Nov 09, 2023	31304	0	0	0
Nov 10, 2023	31304	0	0	0
Nov 11, 2023	31304	0	0	0
Nov 12, 2023	31304	0	0	0
Nov 13, 2023	31590	0	0	0
Nov 14, 2023	31590	0	0	0
Nov 15, 2023	31590	0	0	0
Nov 16, 2023	31590	0	0	0
Nov 17, 2023	31590	0	0	0
Nov 18, 2023	31590	0	0	0
Nov 19, 2023	31590	0	0	0
Nov 20, 2023	31979	0	0	0
Nov 21, 2023	31979	0	0	0
Nov 22, 2023	31979	0	0	0
Nov 23, 2023	31979	0	0	0
Nov 24, 2023	31979	0	0	0
Nov 25, 2023	31979	0	0	0
Nov 26, 2023	31979	0	0	0
Nov 27, 2023	32457	0	0	0
Nov 28, 2023	32457	0	0	0
Nov 29, 2023	32457	0	0	0
Nov 30, 2023	32457	0	0	0
Dec 01, 2023	32457	0	0	0
Dec 02, 2023	32457	0	0	0
Dec 03, 2023	32457	0	0	0
Dec 04, 2023	32990	0	0	0
Dec 05, 2023	32990	0	0	0
Dec 06, 2023	32990	0	0	0
Dec 07, 2023	32990	0	0	0
Dec 08, 2023	32990	0	0	0
Dec 09, 2023	32990	0	0	0
Dec 10, 2023	32990	0	0	0
Dec 11, 2023	33576	0	0	0
Dec 12, 2023	33576	0	0	0
Dec 13, 2023	33576	0	0	0
Dec 14, 2023	33576	0	0	0
Dec 15, 2023	33576	0	0	0
Dec 16, 2023	33576	0	0	0
Dec 17, 2023	33576	0	0	0
Dec 18, 2023	34084	0	0	0
Dec 19, 2023	34084	0	0	0
Dec 20, 2023	34084	0	0	0
Dec 21, 2023	34084	0	0	0
Dec 22, 2023	34084	0	0	0
Dec 23, 2023	34084	0	0	0
Dec 24, 2023	34631	0	0	0
Dec 25, 2023	34631	0	0	0
Dec 26, 2023	34631	0	0	0
Dec 27, 2023	34631	0	0	0
Dec 28, 2023	34631	0	0	0
Dec 29, 2023	34631	0	0	0
Dec 30, 2023	34631	0	0	0
Dec 31, 2023	34631	0	0	0
Jan 01, 2024	35222	0	0	0
Jan 02, 2024	35222	0	0	0
Jan 03, 2024	35222	0	0	0
Jan 04, 2024	35222	0	0	0
Jan 05, 2024	35222	0	0	0
Jan 06, 2024	35222	0	0	0
Jan 07, 2024	35222	0	0	0
Jan 08, 2024	35882	0	0	0
Jan 09, 2024	35882	0	0	0
Jan 10, 2024	35882	0	0	0
Jan 11, 2024	35882	0	0	0
Jan 12, 2024	35882	0	0	0
Jan 13, 2024	35882	0	0	0
Jan 14, 2024	35882	0	0	0
Jan 15, 2024	36500	0	0	0
Jan 16, 2024	36500	0	0	0
Jan 17, 2024	36500	0	0	0
Jan 18, 2024	36500	0	0	0
Jan 19, 2024	36500	0	0	0
Jan 20, 2024	36500	0	0	0
Jan 21, 2024	36500	0	0	0
Jan 22, 2024	37207	0	0	0
Jan 23, 2024	37207	0	0	0
Jan 24, 2024	37207	0	0	0
Jan 25, 2024	37207	0	0	0
Jan 26, 2024	37207	0	0	0
Jan 27, 2024	37207	0	0	0
Jan 28, 2024	37207	0	0	0
Jan 29, 2024	37820	0	0	0
Jan 30, 2024	37820	0	0	0
Jan 31, 2024	37820	0	0	0
Feb 01, 2024	37820	0	0	0
Feb 02, 2024	37820	0	0	0
Feb 03, 2024	37820	0	0	0
Feb 04, 2024	38527	0	0	0
Feb 05, 2024	38527	0	0	0
Feb 06, 2024	38527	0	0	0
Feb 07, 2024	38527	0	0	0
Feb 08, 2024	38527	0	0	0
Feb 09, 2024	38527	0	0	0
Feb 10, 2024	38527	0	0	0
Feb 11, 2024	38527	0	0	0
Feb 12, 2024	39059	0	0	0
Feb 13, 2024	39059	0	0	0
Feb 14, 2024	39059	0	0	0
Feb 15, 2024	39059	0	0	0
Feb 16, 2024	39059	0	0	0
Feb 17, 2024	39059	0	0	0
Feb 18, 2024	39059	0	0	0
Feb 19, 2024	39551	0	0	0
Feb 20, 2024	39551	0	0	0
Feb 21, 2024	39551	0	0	0
Feb 22, 2024	39551	0	0	0
Feb 23, 2024	39551	0	0	0
Feb 24, 2024	39551	0	0	0
Feb 25, 2024	39551	0	0	0
Feb 26, 2024	40035	0	0	0
Feb 27, 2024	40035	0	0	0
Feb 28, 2024	40035	0	0	0
Feb 29, 2024	40035	0	0	0
Mar 01, 2024	40035	0	0	0
Mar 02, 2024	40035	0	0	0
Mar 03, 2024	40035	0	0	0
Mar 04, 2024	40035	0	0	0
Mar 05, 2024	40495	0	0	0
Mar 06, 2024	40495	0	0	0
Mar 07, 2024	40495	0	0	0
Mar 08, 2024	40495	0	0	0
Mar 09, 2024	40495	0	0	0
Mar 10, 2024	40938	0	0	0
Mar 11, 2024	40938	0	0	0
Mar 12, 2024	40938	0	0	0
Mar 13, 2024	40938	0	0	0
Mar 14, 2024	40938	0	0	0
Mar 15, 2024	40938	0	0	0
Mar 16, 2024	40938	0	0	0
Mar 17, 2024	40938	0	0	0
Mar 18, 2024	41435	0	0	0
Mar 19, 2024	41435	0	0	0
Mar 20, 2024	41435	0	0	0
Mar 21, 2024	41435	0	0	0
Mar 22, 2024	41435	0	0	0
Mar 23, 2024	41435	0	0	0
