Feb 15, 2020	0	null	0	0
Feb 16, 2020	0	null	0	0
Feb 17, 2020	0	null	0	0
Feb 18, 2020	0	null	0	0
Feb 19, 2020	0	null	0	0
Feb 20, 2020	0	null	0	0
Feb 21, 2020	0	null	0	0
Feb 22, 2020	0	null	0	0
Feb 23, 2020	0	null	0	0
Feb 24, 2020	0	null	0	0
Feb 25, 2020	0	null	0	0
Feb 26, 2020	0	null	0	0
Feb 27, 2020	0	null	0	0
Feb 28, 2020	0	null	0	0
Feb 29, 2020	0	null	0	0
Mar 01, 2020	0	null	0	0
Mar 02, 2020	0	null	0	0
Mar 03, 2020	0	null	0	0
Mar 04, 2020	0	null	0	0
Mar 05, 2020	0	null	0	0
Mar 06, 2020	0	null	0	0
Mar 07, 2020	0	null	0	0
Mar 08, 2020	0	null	0	0
Mar 09, 2020	0	null	0	0
Mar 10, 2020	0	null	0	0
Mar 11, 2020	0	null	0	0
Mar 12, 2020	0	null	0	0
Mar 13, 2020	0	null	0	0
Mar 14, 2020	0	null	0	0
Mar 15, 2020	0	null	0	0
Mar 16, 2020	0	null	0	0
Mar 17, 2020	0	null	0	0
Mar 18, 2020	0	1	0	0
Mar 19, 2020	0	2	0	0
Mar 20, 2020	0	5	0	0
Mar 21, 2020	0	12	0	0
Mar 22, 2020	0	9	0	0
Mar 23, 2020	0	7	0	0
Mar 24, 2020	0	7	0	0
Mar 25, 2020	0	15	0	0
Mar 26, 2020	0	16	0	0
Mar 27, 2020	0	17	0	0
Mar 28, 2020	0	16	0	0
Mar 29, 2020	0	23	0	0
Mar 30, 2020	0	37	0	0
Mar 31, 2020	0	46	0	0
Apr 01, 2020	0	63	0	0
Apr 02, 2020	0	79	0	0
Apr 03, 2020	0	69	0	0
Apr 04, 2020	0	76	0	0
Apr 05, 2020	0	73	0	0
Apr 06, 2020	0	75	0	0
Apr 07, 2020	0	76	0	0
Apr 08, 2020	0	87	0	0
Apr 09, 2020	0	96	0	0
Apr 10, 2020	0	98	0	0
Apr 11, 2020	0	95	0	0
Apr 12, 2020	0	97	0	0
Apr 13, 2020	0	98	0	0
Apr 14, 2020	0	107	0	0
Apr 15, 2020	0	115	0	0
Apr 16, 2020	0	125	0	0
Apr 17, 2020	0	126	0	0
Apr 18, 2020	0	121	0	0
Apr 19, 2020	0	127	0	0
Apr 20, 2020	0	123	0	0
Apr 21, 2020	0	119	0	0
Apr 22, 2020	0	117	0	0
Apr 23, 2020	0	115	0	0
Apr 24, 2020	0	109	0	0
Apr 25, 2020	0	106	0	0
Apr 26, 2020	0	99	0	0
Apr 27, 2020	0	95	0	0
Apr 28, 2020	0	92	0	0
Apr 29, 2020	0	89	0	0
Apr 30, 2020	0	93	0	0
May 01, 2020	0	84	0	0
May 02, 2020	0	78	0	0
May 03, 2020	0	61	0	0
May 04, 2020	0	64	0	0
May 05, 2020	0	59	0	0
May 06, 2020	0	64	0	0
May 07, 2020	0	57	0	0
May 08, 2020	0	48	0	0
May 09, 2020	0	50	0	0
May 10, 2020	0	47	0	0
May 11, 2020	0	55	0	0
May 12, 2020	0	53	0	0
May 13, 2020	0	58	0	0
May 14, 2020	0	55	0	0
May 15, 2020	0	48	0	0
May 16, 2020	0	41	0	0
May 17, 2020	0	44	0	0
May 18, 2020	0	31	0	0
May 19, 2020	0	28	0	0
May 20, 2020	0	23	0	0
May 21, 2020	0	27	0	0
May 22, 2020	0	27	0	0
May 23, 2020	0	32	0	0
May 24, 2020	0	32	0	0
May 25, 2020	0	29	0	0
May 26, 2020	0	28	0	0
May 27, 2020	0	34	0	0
May 28, 2020	0	30	0	0
May 29, 2020	0	28	0	0
May 30, 2020	0	26	0	0
May 31, 2020	0	25	0	0
Jun 01, 2020	0	23	0	0
Jun 02, 2020	0	22	0	0
Jun 03, 2020	0	24	0	0
Jun 04, 2020	0	21	0	0
Jun 05, 2020	0	18	0	0
Jun 06, 2020	0	21	0	0
Jun 07, 2020	0	23	0	0
Jun 08, 2020	0	19	0	0
Jun 09, 2020	0	18	0	0
Jun 10, 2020	0	17	0	0
Jun 11, 2020	0	17	0	0
Jun 12, 2020	0	15	0	0
Jun 13, 2020	0	14	0	0
Jun 14, 2020	0	15	0	0
Jun 15, 2020	0	18	0	0
Jun 16, 2020	0	17	0	0
Jun 17, 2020	0	19	0	0
Jun 18, 2020	0	21	0	0
Jun 19, 2020	0	23	0	0
Jun 20, 2020	0	22	0	0
Jun 21, 2020	0	23	0	0
Jun 22, 2020	0	24	0	0
Jun 23, 2020	0	27	0	0
Jun 24, 2020	0	24	0	0
Jun 25, 2020	0	21	0	0
Jun 26, 2020	0	19	0	0
Jun 27, 2020	0	17	0	0
Jun 28, 2020	0	15	0	0
Jun 29, 2020	0	18	0	0
Jun 30, 2020	0	16	0	0
Jul 01, 2020	0	19	0	0
Jul 02, 2020	0	17	0	0
Jul 03, 2020	0	19	0	0
Jul 04, 2020	0	20	0	0
Jul 05, 2020	0	19	0	0
Jul 06, 2020	0	16	0	0
Jul 07, 2020	0	19	0	0
Jul 08, 2020	0	22	0	0
Jul 09, 2020	0	18	0	0
Jul 10, 2020	0	23	0	0
Jul 11, 2020	0	21	0	0
Jul 12, 2020	0	19	0	0
Jul 13, 2020	0	19	0	0
Jul 14, 2020	0	20	0	0
Jul 15, 2020	0	17	0	0
Jul 16, 2020	0	21	0	0
Jul 17, 2020	0	18	0	0
Jul 18, 2020	0	17	0	0
Jul 19, 2020	0	16	0	0
Jul 20, 2020	0	17	0	0
Jul 21, 2020	0	18	0	0
Jul 22, 2020	0	19	0	0
Jul 23, 2020	0	18	0	0
Jul 24, 2020	0	17	0	0
Jul 25, 2020	0	16	0	0
Jul 26, 2020	0	17	0	0
Jul 27, 2020	0	17	0	0
Jul 28, 2020	0	15	0	0
Jul 29, 2020	0	14	0	0
Jul 30, 2020	0	15	0	0
Jul 31, 2020	0	17	0	0
Aug 01, 2020	0	19	0	0
Aug 02, 2020	0	18	0	0
Aug 03, 2020	0	19	0	0
Aug 04, 2020	0	18	0	0
Aug 05, 2020	0	19	0	0
Aug 06, 2020	0	14	0	0
Aug 07, 2020	0	15	0	0
Aug 08, 2020	0	16	0	0
Aug 09, 2020	0	15	0	0
Aug 10, 2020	0	14	0	0
Aug 11, 2020	0	15	0	0
Aug 12, 2020	0	18	0	0
Aug 13, 2020	0	21	0	0
Aug 14, 2020	0	22	0	0
Aug 15, 2020	0	21	0	0
Aug 16, 2020	0	19	0	0
Aug 17, 2020	0	22	0	0
Aug 18, 2020	0	20	0	0
Aug 19, 2020	0	23	0	0
Aug 20, 2020	0	19	0	0
Aug 21, 2020	0	22	0	0
Aug 22, 2020	0	22	0	0
Aug 23, 2020	0	19	0	0
Aug 24, 2020	0	18	0	0
Aug 25, 2020	0	24	0	0
Aug 26, 2020	0	20	0	0
Aug 27, 2020	0	26	0	0
Aug 28, 2020	0	36	0	0
Aug 29, 2020	0	39	0	0
Aug 30, 2020	0	42	0	0
Aug 31, 2020	0	44	0	0
Sep 01, 2020	0	47	0	0
Sep 02, 2020	0	45	0	0
Sep 03, 2020	0	49	0	0
Sep 04, 2020	0	53	0	0
Sep 05, 2020	0	56	0	0
Sep 06, 2020	0	53	0	0
Sep 07, 2020	0	57	0	0
Sep 08, 2020	0	52	0	0
Sep 09, 2020	0	55	0	0
Sep 10, 2020	0	58	0	0
Sep 11, 2020	0	56	0	0
Sep 12, 2020	0	48	0	0
Sep 13, 2020	0	57	0	0
Sep 14, 2020	0	63	0	0
Sep 15, 2020	0	67	0	0
Sep 16, 2020	0	63	0	0
Sep 17, 2020	0	66	0	0
Sep 18, 2020	0	62	0	0
Sep 19, 2020	0	68	0	0
Sep 20, 2020	0	61	0	0
Sep 21, 2020	0	68	0	0
Sep 22, 2020	0	65	0	0
Sep 23, 2020	0	72	0	0
Sep 24, 2020	0	74	0	0
Sep 25, 2020	0	73	0	0
Sep 26, 2020	0	71	0	0
Sep 27, 2020	0	68	0	0
Sep 28, 2020	0	65	0	0
Sep 29, 2020	0	68	0	0
Sep 30, 2020	0	65	0	0
Oct 01, 2020	0	67	0	0
Oct 02, 2020	0	63	0	0
Oct 03, 2020	0	59	0	0
Oct 04, 2020	0	57	0	0
Oct 05, 2020	0	57	0	0
Oct 06, 2020	0	55	0	0
Oct 07, 2020	0	56	0	0
Oct 08, 2020	0	58	0	0
Oct 09, 2020	0	55	0	0
Oct 10, 2020	0	56	0	0
Oct 11, 2020	0	59	0	0
Oct 12, 2020	0	58	0	0
Oct 13, 2020	0	62	0	0
Oct 14, 2020	0	57	0	0
Oct 15, 2020	0	66	0	0
Oct 16, 2020	0	73	0	0
Oct 17, 2020	0	71	0	0
Oct 18, 2020	0	72	0	0
Oct 19, 2020	0	75	0	0
Oct 20, 2020	0	74	0	0
Oct 21, 2020	0	68	0	0
Oct 22, 2020	0	71	0	0
Oct 23, 2020	0	74	0	0
Oct 24, 2020	0	69	0	0
Oct 25, 2020	0	72	0	0
Oct 26, 2020	0	75	0	0
Oct 27, 2020	0	76	0	0
Oct 28, 2020	0	77	0	0
Oct 29, 2020	0	72	0	0
Oct 30, 2020	0	78	0	0
Oct 31, 2020	0	75	0	0
Nov 01, 2020	0	74	0	0
Nov 02, 2020	0	76	0	0
Nov 03, 2020	0	79	0	0
Nov 04, 2020	0	77	0	0
Nov 05, 2020	0	81	0	0
Nov 06, 2020	0	83	0	0
Nov 07, 2020	0	81	0	0
Nov 08, 2020	0	84	0	0
Nov 09, 2020	0	85	0	0
Nov 10, 2020	0	87	0	0
Nov 11, 2020	0	86	0	0
Nov 12, 2020	0	88	0	0
Nov 13, 2020	0	93	0	0
Nov 14, 2020	0	92	0	0
Nov 15, 2020	0	89	0	0
Nov 16, 2020	0	94	0	0
Nov 17, 2020	0	103	0	0
Nov 18, 2020	0	116	0	0
Nov 19, 2020	0	123	0	0
Nov 20, 2020	0	141	0	0
Nov 21, 2020	0	135	0	0
Nov 22, 2020	0	139	0	0
Nov 23, 2020	0	153	0	0
Nov 24, 2020	0	161	0	0
Nov 25, 2020	0	168	0	0
Nov 26, 2020	0	174	0	0
Nov 27, 2020	0	177	0	0
Nov 28, 2020	0	182	0	0
Nov 29, 2020	0	185	0	0
Nov 30, 2020	0	188	0	0
Dec 01, 2020	0	190	0	0
Dec 02, 2020	0	193	0	0
Dec 03, 2020	0	187	0	0
Dec 04, 2020	0	193	0	0
Dec 05, 2020	0	196	0	0
Dec 06, 2020	0	195	0	0
Dec 07, 2020	0	203	0	0
Dec 08, 2020	0	211	0	0
Dec 09, 2020	0	217	0	0
Dec 10, 2020	0	220	0	0
Dec 11, 2020	0	226	0	0
Dec 12, 2020	0	222	0	0
Dec 13, 2020	0	218	0	0
Dec 14, 2020	0	229	0	0
Dec 15, 2020	0	235	0	0
Dec 16, 2020	0	240	0	0
Dec 17, 2020	0	243	0	0
Dec 18, 2020	0	246	0	0
Dec 19, 2020	0	241	0	0
Dec 20, 2020	0	246	0	0
Dec 21, 2020	0	254	0	0
Dec 22, 2020	0	251	0	0
Dec 23, 2020	0	259	0	0
Dec 24, 2020	0	254	0	0
Dec 25, 2020	0	256	0	0
Dec 26, 2020	0	253	0	0
Dec 27, 2020	0	254	0	0
Dec 28, 2020	0	257	0	0
Dec 29, 2020	0	253	0	0
Dec 30, 2020	0	254	0	0
Dec 31, 2020	0	239	0	0
Jan 01, 2021	0	212	0	0
Jan 02, 2021	0	202	0	0
Jan 03, 2021	0	193	0	0
Jan 04, 2021	0	197	0	0
Jan 05, 2021	0	194	0	0
Jan 06, 2021	0	191	0	0
Jan 07, 2021	0	194	0	0
Jan 08, 2021	0	186	0	0
Jan 09, 2021	0	181	0	0
Jan 10, 2021	0	176	0	0
Jan 11, 2021	0	174	0	0
Jan 12, 2021	0	171	0	0
Jan 13, 2021	0	173	0	0
Jan 14, 2021	0	170	0	0
Jan 15, 2021	0	169	0	0
Jan 16, 2021	0	168	0	0
Jan 17, 2021	0	165	0	0
Jan 18, 2021	0	164	0	0
Jan 19, 2021	0	167	0	0
Jan 20, 2021	0	159	0	0
Jan 21, 2021	0	153	0	0
Jan 22, 2021	0	149	0	0
Jan 23, 2021	0	144	0	0
Jan 24, 2021	0	140	0	0
Jan 25, 2021	0	137	0	0
Jan 26, 2021	0	134	0	0
Jan 27, 2021	0	132	0	0
Jan 28, 2021	0	129	0	0
Jan 29, 2021	0	131	0	0
Jan 30, 2021	0	129	0	0
Jan 31, 2021	0	128	0	0
Feb 01, 2021	0	124	0	0
Feb 02, 2021	0	120	0	0
Feb 03, 2021	0	117	0	0
Feb 04, 2021	0	113	0	0
Feb 05, 2021	0	110	0	0
Feb 06, 2021	0	108	0	0
Feb 07, 2021	0	112	0	0
Feb 08, 2021	0	103	0	0
Feb 09, 2021	0	98	0	0
Feb 10, 2021	0	95	0	0
Feb 11, 2021	0	94	0	0
Feb 12, 2021	0	97	0	0
Feb 13, 2021	0	93	0	0
Feb 14, 2021	0	94	0	0
Feb 15, 2021	0	91	0	0
Feb 16, 2021	0	90	0	0
Feb 17, 2021	0	86	0	0
Feb 18, 2021	0	83	0	0
Feb 19, 2021	0	82	0	0
Feb 20, 2021	0	80	0	0
Feb 21, 2021	0	77	0	0
Feb 22, 2021	0	78	0	0
Feb 23, 2021	0	75	0	0
Feb 24, 2021	0	72	0	0
Feb 25, 2021	0	73	0	0
Feb 26, 2021	0	74	0	0
Feb 27, 2021	0	71	0	0
Feb 28, 2021	0	66	0	0
Mar 01, 2021	0	69	0	0
Mar 02, 2021	0	68	0	0
Mar 03, 2021	0	65	0	0
Mar 04, 2021	0	68	0	0
Mar 05, 2021	0	62	0	0
Mar 06, 2021	0	64	0	0
Mar 07, 2021	0	65	0	0
Mar 08, 2021	0	64	0	0
Mar 09, 2021	0	66	0	0
Mar 10, 2021	0	67	0	0
Mar 11, 2021	0	63	0	0
Mar 12, 2021	0	66	0	0
Mar 13, 2021	0	65	0	0
Mar 14, 2021	0	68	0	0
Mar 15, 2021	0	63	0	0
Mar 16, 2021	0	71	0	0
Mar 17, 2021	0	73	0	0
Mar 18, 2021	0	81	0	0
Mar 19, 2021	0	87	0	0
Mar 20, 2021	0	95	0	0
Mar 21, 2021	0	102	0	0
Mar 22, 2021	0	117	0	0
Mar 23, 2021	0	138	0	0
Mar 24, 2021	0	146	0	0
Mar 25, 2021	0	157	0	0
Mar 26, 2021	0	153	0	0
Mar 27, 2021	0	151	0	0
Mar 28, 2021	0	153	0	0
Mar 29, 2021	0	154	0	0
Mar 30, 2021	0	155	0	0
Mar 31, 2021	0	152	0	0
Apr 01, 2021	0	176	0	0
Apr 02, 2021	0	179	0	0
Apr 03, 2021	0	186	0	0
Apr 04, 2021	0	185	0	0
Apr 05, 2021	0	193	0	0
Apr 06, 2021	0	211	0	0
Apr 07, 2021	0	276	0	0
Apr 08, 2021	0	258	0	0
Apr 09, 2021	0	253	0	0
Apr 10, 2021	0	248	0	0
Apr 11, 2021	0	237	0	0
Apr 12, 2021	0	243	0	0
Apr 13, 2021	0	273	0	0
Apr 14, 2021	0	279	0	0
Apr 15, 2021	0	297	0	0
Apr 16, 2021	0	289	0	0
Apr 17, 2021	0	288	0	0
Apr 18, 2021	0	318	0	0
Apr 19, 2021	0	341	0	0
Apr 20, 2021	0	346	0	0
Apr 21, 2021	0	362	0	0
Apr 22, 2021	0	354	0	0
Apr 23, 2021	0	343	0	0
Apr 24, 2021	0	339	0	0
Apr 25, 2021	0	347	0	0
Apr 26, 2021	0	353	0	0
Apr 27, 2021	0	346	0	0
Apr 28, 2021	0	341	0	0
Apr 29, 2021	0	339	0	0
Apr 30, 2021	0	394	0	0
May 01, 2021	0	373	0	0
May 02, 2021	0	340	0	0
May 03, 2021	0	347	0	0
May 04, 2021	0	336	0	0
May 05, 2021	0	356	0	0
May 06, 2021	0	304	0	0
May 07, 2021	0	278	0	0
May 08, 2021	0	281	0	0
May 09, 2021	0	283	0	0
May 10, 2021	0	282	0	0
May 11, 2021	0	278	0	0
May 12, 2021	0	232	0	0
May 13, 2021	0	238	0	0
May 14, 2021	0	242	0	0
May 15, 2021	0	236	0	0
May 16, 2021	0	223	0	0
May 17, 2021	0	223	0	0
May 18, 2021	0	203	0	0
May 19, 2021	0	233	0	0
May 20, 2021	0	207	0	0
May 21, 2021	0	214	0	0
May 22, 2021	0	231	0	0
May 23, 2021	0	197	0	0
May 24, 2021	0	178	0	0
May 25, 2021	0	175	0	0
May 26, 2021	0	166	0	0
May 27, 2021	0	183	0	0
May 28, 2021	0	164	0	0
May 29, 2021	0	137	0	0
May 30, 2021	0	134	0	0
May 31, 2021	0	122	0	0
Jun 01, 2021	0	129	0	0
Jun 02, 2021	0	112	0	0
Jun 03, 2021	0	114	0	0
Jun 04, 2021	0	94	0	0
Jun 05, 2021	0	92	0	0
Jun 06, 2021	0	96	0	0
Jun 07, 2021	0	91	0	0
Jun 08, 2021	0	86	0	0
Jun 09, 2021	0	87	0	0
Jun 10, 2021	0	96	0	0
Jun 11, 2021	0	69	0	0
Jun 12, 2021	0	75	0	0
Jun 13, 2021	0	53	0	0
Jun 14, 2021	0	74	0	0
Jun 15, 2021	0	84	0	0
Jun 16, 2021	0	71	0	0
Jun 17, 2021	0	62	0	0
Jun 18, 2021	0	59	0	0
Jun 19, 2021	0	51	0	0
Jun 20, 2021	0	63	0	0
Jun 21, 2021	0	51	0	0
Jun 22, 2021	0	57	0	0
Jun 23, 2021	0	65	0	0
Jun 24, 2021	0	59	0	0
Jun 25, 2021	0	56	0	0
Jun 26, 2021	0	51	0	0
Jun 27, 2021	0	52	0	0
Jun 28, 2021	0	58	0	0
Jun 29, 2021	0	53	0	0
Jun 30, 2021	0	45	0	0
Jul 01, 2021	0	42	0	0
Jul 02, 2021	0	55	0	0
Jul 03, 2021	0	45	0	0
Jul 04, 2021	0	50	0	0
Jul 05, 2021	0	35	0	0
Jul 06, 2021	0	37	0	0
Jul 07, 2021	0	52	0	0
Jul 08, 2021	0	48	0	0
Jul 09, 2021	0	59	0	0
Jul 10, 2021	0	37	0	0
Jul 11, 2021	0	37	0	0
Jul 12, 2021	0	49	0	0
Jul 13, 2021	0	46	0	0
Jul 14, 2021	0	43	0	0
Jul 15, 2021	0	48	0	0
Jul 16, 2021	0	35	0	0
Jul 17, 2021	0	38	0	0
Jul 18, 2021	0	66	0	0
Jul 19, 2021	0	50	0	0
Jul 20, 2021	0	46	0	0
Jul 21, 2021	0	59	0	0
Jul 22, 2021	0	52	0	0
Jul 23, 2021	0	60	0	0
Jul 24, 2021	0	58	0	0
Jul 25, 2021	0	55	0	0
Jul 26, 2021	0	63	0	0
Jul 27, 2021	0	51	0	0
Jul 28, 2021	0	76	0	0
Jul 29, 2021	0	60	0	0
Jul 30, 2021	0	69	0	0
Jul 31, 2021	0	79	0	0
Aug 01, 2021	0	96	0	0
Aug 02, 2021	0	91	0	0
Aug 03, 2021	0	126	0	0
Aug 04, 2021	0	122	0	0
Aug 05, 2021	0	108	0	0
Aug 06, 2021	0	101	0	0
Aug 07, 2021	0	112	0	0
Aug 08, 2021	0	108	0	0
Aug 09, 2021	0	117	0	0
Aug 10, 2021	0	124	0	0
Aug 11, 2021	0	128	0	0
Aug 12, 2021	0	138	0	0
Aug 13, 2021	0	157	0	0
Aug 14, 2021	0	145	0	0
Aug 15, 2021	0	154	0	0
Aug 16, 2021	0	165	0	0
Aug 17, 2021	0	183	0	0
Aug 18, 2021	0	168	0	0
Aug 19, 2021	0	216	0	0
Aug 20, 2021	0	204	0	0
Aug 21, 2021	0	232	0	0
Aug 22, 2021	0	206	0	0
Aug 23, 2021	0	232	0	0
Aug 24, 2021	0	230	0	0
Aug 25, 2021	0	217	0	0
Aug 26, 2021	0	257	0	0
Aug 27, 2021	0	244	0	0
Aug 28, 2021	0	245	0	0
Aug 29, 2021	0	255	0	0
Aug 30, 2021	0	245	0	0
Aug 31, 2021	0	252	0	0
Sep 01, 2021	0	290	0	0
Sep 02, 2021	0	283	0	0
Sep 03, 2021	0	276	0	0
Sep 04, 2021	0	278	0	0
Sep 05, 2021	0	269	0	0
Sep 06, 2021	0	271	0	0
Sep 07, 2021	0	274	0	0
Sep 08, 2021	0	262	0	0
Sep 09, 2021	0	257	0	0
Sep 10, 2021	0	214	0	0
Sep 11, 2021	0	259	0	0
Sep 12, 2021	0	243	0	0
Sep 13, 2021	0	231	0	0
Sep 14, 2021	0	276	0	0
Sep 15, 2021	0	248	0	0
Sep 16, 2021	0	262	0	0
Sep 17, 2021	0	237	0	0
Sep 18, 2021	0	221	0	0
Sep 19, 2021	0	213	0	0
Sep 20, 2021	0	231	0	0
Sep 21, 2021	0	260	0	0
Sep 22, 2021	0	242	0	0
Sep 23, 2021	0	217	0	0
Sep 24, 2021	0	221	0	0
Sep 25, 2021	0	193	0	0
Sep 26, 2021	0	228	0	0
Sep 27, 2021	0	206	0	0
Sep 28, 2021	0	239	0	0
Sep 29, 2021	0	227	0	0
Sep 30, 2021	0	216	0	0
Oct 01, 2021	0	210	0	0
Oct 02, 2021	0	203	0	0
Oct 03, 2021	0	194	0	0
Oct 04, 2021	0	248	0	0
Oct 05, 2021	0	228	0	0
Oct 06, 2021	0	236	0	0
Oct 07, 2021	0	217	0	0
Oct 08, 2021	0	188	0	0
Oct 09, 2021	0	206	0	0
Oct 10, 2021	0	196	0	0
Oct 11, 2021	0	188	0	0
Oct 12, 2021	0	237	0	0
Oct 13, 2021	0	236	0	0
Oct 14, 2021	0	203	0	0
Oct 15, 2021	0	181	0	0
Oct 16, 2021	0	212	0	0
Oct 17, 2021	0	186	0	0
Oct 18, 2021	0	214	0	0
Oct 19, 2021	0	223	0	0
Oct 20, 2021	0	214	0	0
Oct 21, 2021	0	198	0	0
Oct 22, 2021	0	228	0	0
Oct 23, 2021	0	217	0	0
Oct 24, 2021	0	195	0	0
Oct 25, 2021	0	232	0	0
Oct 26, 2021	0	215	0	0
Oct 27, 2021	0	210	0	0
Oct 28, 2021	0	229	0	0
Oct 29, 2021	0	209	0	0
Oct 30, 2021	0	203	0	0
Oct 31, 2021	0	201	0	0
Nov 01, 2021	0	217	0	0
Nov 02, 2021	0	224	0	0
Nov 03, 2021	0	246	0	0
Nov 04, 2021	0	228	0	0
Nov 05, 2021	0	198	0	0
Nov 06, 2021	0	203	0	0
Nov 07, 2021	0	200	0	0
Nov 08, 2021	0	187	0	0
Nov 09, 2021	0	196	0	0
Nov 10, 2021	0	203	0	0
Nov 11, 2021	0	197	0	0
Nov 12, 2021	0	217	0	0
Nov 13, 2021	0	215	0	0
Nov 14, 2021	0	189	0	0
Nov 15, 2021	0	215	0	0
Nov 16, 2021	0	227	0	0
Nov 17, 2021	0	229	0	0
Nov 18, 2021	0	226	0	0
Nov 19, 2021	0	218	0	0
Nov 20, 2021	0	201	0	0
Nov 21, 2021	0	195	0	0
Nov 22, 2021	0	193	0	0
Nov 23, 2021	0	208	0	0
Nov 24, 2021	0	175	0	0
Nov 25, 2021	0	222	0	0
Nov 26, 2021	0	201	0	0
Nov 27, 2021	0	192	0	0
Nov 28, 2021	0	213	0	0
Nov 29, 2021	0	189	0	0
Nov 30, 2021	0	207	0	0
Dec 01, 2021	0	196	0	0
Dec 02, 2021	0	192	0	0
Dec 03, 2021	0	187	0	0
Dec 04, 2021	0	228	0	0
Dec 05, 2021	0	185	0	0
Dec 06, 2021	0	187	0	0
Dec 07, 2021	0	198	0	0
Dec 08, 2021	0	192	0	0
Dec 09, 2021	0	195	0	0
Dec 10, 2021	0	176	0	0
Dec 11, 2021	0	191	0	0
Dec 12, 2021	0	182	0	0
Dec 13, 2021	0	171	0	0
Dec 14, 2021	0	181	0	0
Dec 15, 2021	0	193	0	0
Dec 16, 2021	0	167	0	0
Dec 17, 2021	0	190	0	0
Dec 18, 2021	0	191	0	0
Dec 19, 2021	0	171	0	0
Dec 20, 2021	0	176	0	0
Dec 21, 2021	0	187	0	0
Dec 22, 2021	0	179	0	0
Dec 23, 2021	0	168	0	0
Dec 24, 2021	0	133	0	0
Dec 25, 2021	0	145	0	0
Dec 26, 2021	0	173	0	0
Dec 27, 2021	0	157	0	0
Dec 28, 2021	0	184	0	0
Dec 29, 2021	0	142	0	0
Dec 30, 2021	0	139	0	0
Dec 31, 2021	0	163	0	0
Jan 01, 2022	0	145	0	0
Jan 02, 2022	0	129	0	0
Jan 03, 2022	0	160	0	0
Jan 04, 2022	0	137	0	0
Jan 05, 2022	0	143	0	0
Jan 06, 2022	0	156	0	0
Jan 07, 2022	0	157	0	0
Jan 08, 2022	0	141	0	0
Jan 09, 2022	0	173	0	0
Jan 10, 2022	0	141	0	0
Jan 11, 2022	0	137	0	0
Jan 12, 2022	0	145	0	0
Jan 13, 2022	0	153	0	0
Jan 14, 2022	0	167	0	0
Jan 15, 2022	0	177	0	0
Jan 16, 2022	0	136	0	0
Jan 17, 2022	0	162	0	0
Jan 18, 2022	0	157	0	0
Jan 19, 2022	0	176	0	0
Jan 20, 2022	0	166	0	0
Jan 21, 2022	0	181	0	0
Jan 22, 2022	0	184	0	0
Jan 23, 2022	0	185	0	0
Jan 24, 2022	0	156	0	0
Jan 25, 2022	0	174	0	0
Jan 26, 2022	0	188	0	0
Jan 27, 2022	0	174	0	0
Jan 28, 2022	0	210	0	0
Jan 29, 2022	0	174	0	0
Jan 30, 2022	0	189	0	0
Jan 31, 2022	0	182	0	0
Feb 01, 2022	0	198	0	0
Feb 02, 2022	0	217	0	0
Feb 03, 2022	0	233	0	0
Feb 04, 2022	0	248	0	0
Feb 05, 2022	0	221	0	0
Feb 06, 2022	0	201	0	0
Feb 07, 2022	0	236	0	0
Feb 08, 2022	0	241	0	0
Feb 09, 2022	0	266	0	0
Feb 10, 2022	0	264	0	0
Feb 11, 2022	0	253	0	0
Feb 12, 2022	0	272	0	0
Feb 13, 2022	0	276	0	0
Feb 14, 2022	0	266	0	0
Feb 15, 2022	0	309	0	0
Feb 16, 2022	0	271	0	0
Feb 17, 2022	0	258	0	0
Feb 18, 2022	0	264	0	0
Feb 19, 2022	0	278	0	0
Feb 20, 2022	0	263	0	0
Feb 21, 2022	0	268	0	0
Feb 22, 2022	0	271	0	0
Feb 23, 2022	0	268	0	0
Feb 24, 2022	0	281	0	0
Feb 25, 2022	0	266	0	0
Feb 26, 2022	0	221	0	0
Feb 27, 2022	0	206	0	0
Feb 28, 2022	0	213	0	0
Mar 01, 2022	0	203	0	0
Mar 02, 2022	0	189	0	0
Mar 03, 2022	0	188	0	0
Mar 04, 2022	0	180	0	0
Mar 05, 2022	0	174	0	0
Mar 06, 2022	0	170	0	0
Mar 07, 2022	0	132	0	0
Mar 08, 2022	0	130	0	0
Mar 09, 2022	0	143	0	0
Mar 10, 2022	0	140	0	0
Mar 11, 2022	0	123	0	0
Mar 12, 2022	0	132	0	0
Mar 13, 2022	0	138	0	0
Mar 14, 2022	0	133	0	0
Mar 15, 2022	0	115	0	0
Mar 16, 2022	0	118	0	0
Mar 17, 2022	0	101	0	0
Mar 18, 2022	0	123	0	0
Mar 19, 2022	0	105	0	0
Mar 20, 2022	0	85	0	0
Mar 21, 2022	0	80	0	0
Mar 22, 2022	0	90	0	0
Mar 23, 2022	0	84	0	0
Mar 24, 2022	0	77	0	0
Mar 25, 2022	0	68	0	0
Mar 26, 2022	0	70	0	0
Mar 27, 2022	0	64	0	0
Mar 28, 2022	0	61	0	0
Mar 29, 2022	0	63	0	0
Mar 30, 2022	0	53	0	0
Mar 31, 2022	0	56	0	0
Apr 01, 2022	0	45	0	0
Apr 02, 2022	0	41	0	0
Apr 03, 2022	0	38	0	0
Apr 04, 2022	0	40	0	0
Apr 05, 2022	0	37	0	0
Apr 06, 2022	0	41	0	0
Apr 07, 2022	0	36	0	0
Apr 08, 2022	0	31	0	0
Apr 09, 2022	0	35	0	0
Apr 10, 2022	0	32	0	0
Apr 11, 2022	0	28	0	0
Apr 12, 2022	0	25	0	0
Apr 13, 2022	0	31	0	0
Apr 14, 2022	0	21	0	0
Apr 15, 2022	0	18	0	0
Apr 16, 2022	0	19	0	0
Apr 17, 2022	0	17	0	0
Apr 18, 2022	0	19	0	0
Apr 19, 2022	0	23	0	0
Apr 20, 2022	0	18	0	0
Apr 21, 2022	0	17	0	0
Apr 22, 2022	0	15	0	0
Apr 23, 2022	0	16	0	0
Apr 24, 2022	0	15	0	0
Apr 25, 2022	0	15	0	0
Apr 26, 2022	0	14	0	0
Apr 27, 2022	0	16	0	0
Apr 28, 2022	0	15	0	0
Apr 29, 2022	0	9	0	0
Apr 30, 2022	0	11	0	0
May 01, 2022	0	12	0	0
May 02, 2022	0	8	0	0
May 03, 2022	0	10	0	0
May 04, 2022	0	7	0	0
May 05, 2022	0	11	0	0
May 06, 2022	0	7	0	0
May 07, 2022	0	11	0	0
May 08, 2022	0	9	0	0
May 09, 2022	0	8	0	0
May 10, 2022	0	7	0	0
May 11, 2022	0	9	0	0
May 12, 2022	0	8	0	0
May 13, 2022	0	7	0	0
May 14, 2022	0	5	0	0
May 15, 2022	0	10	0	0
May 16, 2022	0	4	0	0
May 17, 2022	0	7	0	0
May 18, 2022	0	3	0	0
May 19, 2022	0	4	0	0
May 20, 2022	0	4	0	0
May 21, 2022	0	3	0	0
May 22, 2022	0	5	0	0
May 23, 2022	0	3	0	0
May 24, 2022	0	6	0	0
May 25, 2022	0	4	0	0
May 26, 2022	0	5	0	0
May 27, 2022	0	4	0	0
May 28, 2022	0	3	0	0
May 29, 2022	0	2	0	0
May 30, 2022	0	4	0	0
May 31, 2022	0	4	0	0
Jun 01, 2022	0	4	0	0
Jun 02, 2022	0	0	0	0
Jun 03, 2022	0	0	0	0
Jun 04, 2022	0	0	0	0
Jun 05, 2022	0	7	0	0
Jun 06, 2022	0	2	0	0
Jun 07, 2022	0	3	0	0
Jun 08, 2022	0	3	0	0
Jun 09, 2022	0	3	0	0
Jun 10, 2022	0	3	0	0
Jun 11, 2022	0	3	0	0
Jun 12, 2022	0	3	0	0
Jun 13, 2022	0	2	0	0
Jun 14, 2022	0	2	0	0
Jun 15, 2022	0	3	0	0
Jun 16, 2022	0	3	0	0
Jun 17, 2022	0	3	0	0
Jun 18, 2022	0	3	0	0
Jun 19, 2022	0	3	0	0
Jun 20, 2022	0	3	0	0
Jun 21, 2022	0	3	0	0
Jun 22, 2022	0	3	0	0
Jun 23, 2022	0	2	0	0
Jun 24, 2022	0	2	0	0
Jun 25, 2022	0	2	0	0
Jun 26, 2022	0	2	0	0
Jun 27, 2022	0	4	0	0
Jun 28, 2022	0	4	0	0
Jun 29, 2022	0	4	0	0
Jun 30, 2022	0	3	0	0
Jul 01, 2022	0	3	0	0
Jul 02, 2022	0	3	0	0
Jul 03, 2022	0	4	0	0
Jul 04, 2022	0	5	0	0
Jul 05, 2022	0	5	0	0
Jul 06, 2022	0	5	0	0
Jul 07, 2022	0	4	0	0
Jul 08, 2022	0	4	0	0
Jul 09, 2022	0	4	0	0
Jul 10, 2022	0	4	0	0
Jul 11, 2022	0	13	0	0
Jul 12, 2022	0	13	0	0
Jul 13, 2022	0	14	0	0
Jul 14, 2022	0	14	0	0
Jul 15, 2022	0	14	0	0
Jul 16, 2022	0	14	0	0
Jul 17, 2022	0	14	0	0
Jul 18, 2022	0	22	0	0
Jul 19, 2022	0	22	0	0
Jul 20, 2022	0	22	0	0
Jul 21, 2022	0	22	0	0
Jul 22, 2022	0	23	0	0
Jul 23, 2022	0	23	0	0
Jul 24, 2022	0	23	0	0
Jul 25, 2022	0	42	0	0
Jul 26, 2022	0	42	0	0
Jul 27, 2022	0	42	0	0
Jul 28, 2022	0	42	0	0
Jul 29, 2022	0	42	0	0
Jul 30, 2022	0	42	0	0
Jul 31, 2022	0	42	0	0
Aug 01, 2022	0	43	0	0
Aug 02, 2022	0	54	0	0
Aug 03, 2022	0	54	0	0
Aug 04, 2022	0	54	0	0
Aug 05, 2022	0	54	0	0
Aug 06, 2022	0	54	0	0
Aug 07, 2022	0	55	0	0
Aug 08, 2022	0	55	0	0
Aug 09, 2022	0	48	0	0
Aug 10, 2022	0	49	0	0
Aug 11, 2022	0	49	0	0
Aug 12, 2022	0	49	0	0
Aug 13, 2022	0	49	0	0
Aug 14, 2022	0	49	0	0
Aug 15, 2022	0	49	0	0
Aug 16, 2022	0	33	0	0
Aug 17, 2022	0	33	0	0
Aug 18, 2022	0	33	0	0
Aug 19, 2022	0	33	0	0
Aug 20, 2022	0	33	0	0
Aug 21, 2022	0	33	0	0
Aug 22, 2022	0	33	0	0
Aug 23, 2022	0	29	0	0
Aug 24, 2022	0	30	0	0
Aug 25, 2022	0	30	0	0
Aug 26, 2022	0	30	0	0
Aug 27, 2022	0	30	0	0
Aug 28, 2022	0	30	0	0
Aug 29, 2022	0	30	0	0
Aug 30, 2022	0	20	0	0
Aug 31, 2022	0	19	0	0
Sep 01, 2022	0	20	0	0
Sep 02, 2022	0	21	0	0
Sep 03, 2022	0	20	0	0
Sep 04, 2022	0	20	0	0
Sep 05, 2022	0	19	0	0
Sep 06, 2022	0	13	0	0
Sep 07, 2022	0	13	0	0
Sep 08, 2022	0	13	0	0
Sep 09, 2022	0	12	0	0
Sep 10, 2022	0	14	0	0
Sep 11, 2022	0	12	0	0
Sep 12, 2022	0	12	0	0
Sep 13, 2022	0	10	0	0
Sep 14, 2022	0	10	0	0
Sep 15, 2022	0	10	0	0
Sep 16, 2022	0	10	0	0
Sep 17, 2022	0	10	0	0
Sep 18, 2022	0	10	0	0
Sep 19, 2022	0	11	0	0
Sep 20, 2022	0	5	0	0
Sep 21, 2022	0	5	0	0
Sep 22, 2022	0	6	0	0
Sep 23, 2022	0	6	0	0
Sep 24, 2022	0	6	0	0
Sep 25, 2022	0	6	0	0
Sep 26, 2022	0	6	0	0
Sep 27, 2022	0	3	0	0
Sep 28, 2022	0	3	0	0
Sep 29, 2022	0	3	0	0
Sep 30, 2022	0	3	0	0
Oct 01, 2022	0	4	0	0
Oct 02, 2022	0	4	0	0
Oct 03, 2022	0	4	0	0
Oct 04, 2022	0	4	0	0
Oct 05, 2022	0	4	0	0
Oct 06, 2022	0	4	0	0
Oct 07, 2022	0	4	0	0
Oct 08, 2022	0	4	0	0
Oct 09, 2022	0	4	0	0
Oct 10, 2022	0	4	0	0
Oct 11, 2022	0	4	0	0
Oct 12, 2022	0	4	0	0
Oct 13, 2022	0	4	0	0
Oct 14, 2022	0	5	0	0
Oct 15, 2022	0	5	0	0
Oct 16, 2022	0	5	0	0
Oct 17, 2022	0	5	0	0
Oct 18, 2022	0	4	0	0
Oct 19, 2022	0	4	0	0
Oct 20, 2022	0	4	0	0
Oct 21, 2022	0	4	0	0
Oct 22, 2022	0	4	0	0
Oct 23, 2022	0	4	0	0
Oct 24, 2022	0	5	0	0
Oct 25, 2022	0	5	0	0
Oct 26, 2022	0	5	0	0
Oct 27, 2022	0	5	0	0
Oct 28, 2022	0	5	0	0
Oct 29, 2022	0	5	0	0
Oct 30, 2022	0	5	0	0
Oct 31, 2022	0	5	0	0
Nov 01, 2022	0	6	0	0
Nov 02, 2022	0	6	0	0
Nov 03, 2022	0	6	0	0
Nov 04, 2022	0	6	0	0
Nov 05, 2022	0	6	0	0
Nov 06, 2022	0	6	0	0
Nov 07, 2022	0	6	0	0
Nov 08, 2022	0	6	0	0
Nov 09, 2022	0	5	0	0
Nov 10, 2022	0	5	0	0
Nov 11, 2022	0	5	0	0
Nov 12, 2022	0	5	0	0
Nov 13, 2022	0	5	0	0
Nov 14, 2022	0	6	0	0
Nov 15, 2022	0	6	0	0
Nov 16, 2022	0	6	0	0
Nov 17, 2022	0	6	0	0
Nov 18, 2022	0	6	0	0
Nov 19, 2022	0	6	0	0
Nov 20, 2022	0	7	0	0
Nov 21, 2022	0	7	0	0
Nov 22, 2022	0	7	0	0
Nov 23, 2022	0	7	0	0
Nov 24, 2022	0	7	0	0
Nov 25, 2022	0	7	0	0
Nov 26, 2022	0	7	0	0
Nov 27, 2022	0	7	0	0
Nov 28, 2022	0	6	0	0
Nov 29, 2022	0	6	0	0
Nov 30, 2022	0	7	0	0
Dec 01, 2022	0	9	0	0
Dec 02, 2022	0	9	0	0
Dec 03, 2022	0	9	0	0
Dec 04, 2022	0	9	0	0
Dec 05, 2022	0	8	0	0
Dec 06, 2022	0	8	0	0
Dec 07, 2022	0	8	0	0
Dec 08, 2022	0	8	0	0
Dec 09, 2022	0	8	0	0
Dec 10, 2022	0	8	0	0
Dec 11, 2022	0	8	0	0
Dec 12, 2022	0	8	0	0
Dec 13, 2022	0	8	0	0
Dec 14, 2022	0	8	0	0
Dec 15, 2022	0	8	0	0
Dec 16, 2022	0	8	0	0
Dec 17, 2022	0	8	0	0
Dec 18, 2022	0	8	0	0
Dec 19, 2022	0	8	0	0
Dec 20, 2022	0	8	0	0
Dec 21, 2022	0	8	0	0
Dec 22, 2022	0	8	0	0
Dec 23, 2022	0	8	0	0
Dec 24, 2022	0	8	0	0
Dec 25, 2022	0	8	0	0
Dec 26, 2022	0	8	0	0
Dec 27, 2022	0	8	0	0
Dec 28, 2022	0	8	0	0
Dec 29, 2022	0	8	0	0
Dec 30, 2022	0	8	0	0
Dec 31, 2022	0	8	0	0
Jan 01, 2023	0	8	0	0
Jan 02, 2023	0	8	0	0
Jan 03, 2023	0	8	0	0
Jan 04, 2023	0	8	0	0
Jan 05, 2023	0	8	0	0
Jan 06, 2023	0	8	0	0
Jan 07, 2023	0	8	0	0
Jan 08, 2023	0	8	0	0
Jan 09, 2023	0	8	0	0
Jan 10, 2023	0	8	0	0
Jan 11, 2023	0	8	0	0
Jan 12, 2023	0	8	0	0
Jan 13, 2023	0	8	0	0
Jan 14, 2023	0	8	0	0
Jan 15, 2023	0	7	0	0
Jan 16, 2023	0	7	0	0
Jan 17, 2023	0	7	0	0
Jan 18, 2023	0	7	0	0
Jan 19, 2023	0	7	0	0
Jan 20, 2023	0	7	0	0
Jan 21, 2023	0	7	0	0
Jan 22, 2023	0	7	0	0
Jan 23, 2023	0	7	0	0
Jan 24, 2023	0	7	0	0
Jan 25, 2023	0	7	0	0
Jan 26, 2023	0	7	0	0
Jan 27, 2023	0	7	0	0
Jan 28, 2023	0	7	0	0
Jan 29, 2023	0	7	0	0
Jan 30, 2023	0	7	0	0
Jan 31, 2023	0	7	0	0
Feb 01, 2023	0	4	0	0
Feb 02, 2023	0	4	0	0
Feb 03, 2023	0	4	0	0
Feb 04, 2023	0	4	0	0
Feb 05, 2023	0	4	0	0
Feb 06, 2023	0	4	0	0
Feb 07, 2023	0	4	0	0
Feb 08, 2023	0	4	0	0
Feb 09, 2023	0	4	0	0
Feb 10, 2023	0	4	0	0
Feb 11, 2023	0	4	0	0
Feb 12, 2023	0	3	0	0
Feb 13, 2023	0	3	0	0
Feb 14, 2023	0	3	0	0
Feb 15, 2023	0	3	0	0
Feb 16, 2023	0	3	0	0
Feb 17, 2023	0	3	0	0
Feb 18, 2023	0	3	0	0
Feb 19, 2023	0	3	0	0
Feb 20, 2023	0	3	0	0
Feb 21, 2023	0	3	0	0
Feb 22, 2023	0	3	0	0
Feb 23, 2023	0	3	0	0
Feb 24, 2023	0	3	0	0
Feb 25, 2023	0	3	0	0
Feb 26, 2023	0	3	0	0
Feb 27, 2023	0	3	0	0
Feb 28, 2023	0	3	0	0
Mar 01, 2023	0	3	0	0
Mar 02, 2023	0	3	0	0
Mar 03, 2023	0	3	0	0
Mar 04, 2023	0	3	0	0
Mar 05, 2023	0	3	0	0
Mar 06, 2023	0	3	0	0
Mar 07, 2023	0	3	0	0
Mar 08, 2023	0	3	0	0
Mar 09, 2023	0	3	0	0
Mar 10, 2023	0	3	0	0
Mar 11, 2023	0	3	0	0
Mar 12, 2023	0	3	0	0
Mar 13, 2023	0	3	0	0
Mar 14, 2023	0	3	0	0
Mar 15, 2023	0	3	0	0
Mar 16, 2023	0	3	0	0
Mar 17, 2023	0	3	0	0
Mar 18, 2023	0	3	0	0
Mar 19, 2023	0	3	0	0
Mar 20, 2023	0	3	0	0
Mar 21, 2023	0	3	0	0
Mar 22, 2023	0	3	0	0
Mar 23, 2023	0	3	0	0
Mar 24, 2023	0	2	0	0
Mar 25, 2023	0	2	0	0
Mar 26, 2023	0	2	0	0
Mar 27, 2023	0	2	0	0
Mar 28, 2023	0	2	0	0
Mar 29, 2023	0	2	0	0
Mar 30, 2023	0	2	0	0
Mar 31, 2023	0	2	0	0
Apr 01, 2023	0	0	0	0
Apr 02, 2023	0	0	0	0
Apr 03, 2023	0	0	0	0
Apr 04, 2023	0	0	0	0
Apr 05, 2023	0	0	0	0
Apr 06, 2023	0	0	0	0
Apr 07, 2023	0	0	0	0
Apr 08, 2023	0	0	0	0
Apr 09, 2023	0	0	0	0
Apr 10, 2023	0	0	0	0
Apr 11, 2023	0	0	0	0
Apr 12, 2023	0	0	0	0
Apr 13, 2023	0	0	0	0
Apr 14, 2023	0	0	0	0
Apr 15, 2023	0	0	0	0
Apr 16, 2023	0	0	0	0
Apr 17, 2023	0	0	0	0
Apr 18, 2023	0	0	0	0
Apr 19, 2023	0	0	0	0
Apr 20, 2023	0	0	0	0
Apr 21, 2023	0	0	0	0
Apr 22, 2023	0	0	0	0
Apr 23, 2023	0	0	0	0
Apr 24, 2023	0	0	0	0
Apr 25, 2023	0	0	0	0
Apr 26, 2023	0	0	0	0
Apr 27, 2023	0	0	0	0
Apr 28, 2023	0	0	0	0
Apr 29, 2023	0	0	0	0
Apr 30, 2023	0	0	0	0
May 01, 2023	0	0	0	0
May 02, 2023	0	0	0	0
May 03, 2023	0	0	0	0
May 04, 2023	0	0	0	0
May 05, 2023	0	0	0	0
May 06, 2023	0	0	0	0
May 07, 2023	0	0	0	0
May 08, 2023	0	0	0	0
May 09, 2023	0	0	0	0
May 10, 2023	0	0	0	0
May 11, 2023	0	0	0	0
May 12, 2023	0	0	0	0
May 13, 2023	0	0	0	0
May 14, 2023	0	0	0	0
May 15, 2023	0	0	0	0
May 16, 2023	0	0	0	0
May 17, 2023	0	0	0	0
May 18, 2023	0	0	0	0
May 19, 2023	0	0	0	0
May 20, 2023	0	0	0	0
May 21, 2023	0	0	0	0
May 22, 2023	0	0	0	0
May 23, 2023	0	0	0	0
May 24, 2023	0	0	0	0
May 25, 2023	0	0	0	0
May 26, 2023	0	0	0	0
May 27, 2023	0	0	0	0
May 28, 2023	0	0	0	0
May 29, 2023	0	0	0	0
May 30, 2023	0	0	0	0
May 31, 2023	0	0	0	0
Jun 01, 2023	0	0	0	0
Jun 02, 2023	0	0	0	0
Jun 03, 2023	0	0	0	0
Jun 04, 2023	0	0	0	0
Jun 05, 2023	0	0	0	0
Jun 06, 2023	0	0	0	0
Jun 07, 2023	0	0	0	0
Jun 08, 2023	0	0	0	0
Jun 09, 2023	0	0	0	0
Jun 10, 2023	0	0	0	0
Jun 11, 2023	0	0	0	0
Jun 12, 2023	0	0	0	0
Jun 13, 2023	0	0	0	0
Jun 14, 2023	0	0	0	0
Jun 15, 2023	0	0	0	0
Jun 16, 2023	0	0	0	0
Jun 17, 2023	0	0	0	0
Jun 18, 2023	0	0	0	0
Jun 19, 2023	0	0	0	0
Jun 20, 2023	0	0	0	0
Jun 21, 2023	0	0	0	0
Jun 22, 2023	0	0	0	0
Jun 23, 2023	0	0	0	0
Jun 24, 2023	0	0	0	0
Jun 25, 2023	0	0	0	0
Jun 26, 2023	0	0	0	0
Jun 27, 2023	0	0	0	0
Jun 28, 2023	0	0	0	0
Jun 29, 2023	0	0	0	0
Jun 30, 2023	0	0	0	0
Jul 01, 2023	0	0	0	0
Jul 02, 2023	0	0	0	0
Jul 03, 2023	0	0	0	0
Jul 04, 2023	0	0	0	0
Jul 05, 2023	0	0	0	0
Jul 06, 2023	0	0	0	0
Jul 07, 2023	0	0	0	0
Jul 08, 2023	0	0	0	0
Jul 09, 2023	0	0	0	0
Jul 10, 2023	0	0	0	0
Jul 11, 2023	0	0	0	0
Jul 12, 2023	0	0	0	0
Jul 13, 2023	0	0	0	0
Jul 14, 2023	0	0	0	0
Jul 15, 2023	0	0	0	0
Jul 16, 2023	0	0	0	0
Jul 17, 2023	0	0	0	0
Jul 18, 2023	0	0	0	0
Jul 19, 2023	0	0	0	0
Jul 20, 2023	0	0	0	0
Jul 21, 2023	0	0	0	0
Jul 22, 2023	0	0	0	0
Jul 23, 2023	0	0	0	0
Jul 24, 2023	0	0	0	0
Jul 25, 2023	0	0	0	0
Jul 26, 2023	0	0	0	0
Jul 27, 2023	0	0	0	0
Jul 28, 2023	0	0	0	0
Jul 29, 2023	0	0	0	0
Jul 30, 2023	0	0	0	0
Jul 31, 2023	0	0	0	0
Aug 01, 2023	0	0	0	0
Aug 02, 2023	0	0	0	0
Aug 03, 2023	0	0	0	0
Aug 04, 2023	0	0	0	0
Aug 05, 2023	0	0	0	0
Aug 06, 2023	0	0	0	0
Aug 07, 2023	0	0	0	0
Aug 08, 2023	0	0	0	0
Aug 09, 2023	0	0	0	0
Aug 10, 2023	0	0	0	0
Aug 11, 2023	0	0	0	0
Aug 12, 2023	0	0	0	0
Aug 13, 2023	0	0	0	0
Aug 14, 2023	0	0	0	0
Aug 15, 2023	0	0	0	0
Aug 16, 2023	0	0	0	0
Aug 17, 2023	0	0	0	0
Aug 18, 2023	0	0	0	0
Aug 19, 2023	0	0	0	0
Aug 20, 2023	0	0	0	0
Aug 21, 2023	0	0	0	0
Aug 22, 2023	0	0	0	0
Aug 23, 2023	0	0	0	0
Aug 24, 2023	0	0	0	0
Aug 25, 2023	0	0	0	0
Aug 26, 2023	0	0	0	0
Aug 27, 2023	0	0	0	0
Aug 28, 2023	0	0	0	0
Aug 29, 2023	0	0	0	0
Aug 30, 2023	0	0	0	0
Aug 31, 2023	0	0	0	0
Sep 01, 2023	0	0	0	0
Sep 02, 2023	0	0	0	0
Sep 03, 2023	0	0	0	0
Sep 04, 2023	0	0	0	0
Sep 05, 2023	0	0	0	0
Sep 06, 2023	0	0	0	0
Sep 07, 2023	0	0	0	0
Sep 08, 2023	0	0	0	0
Sep 09, 2023	0	0	0	0
Sep 10, 2023	0	0	0	0
Sep 11, 2023	0	0	0	0
Sep 12, 2023	0	0	0	0
Sep 13, 2023	0	0	0	0
Sep 14, 2023	0	0	0	0
Sep 15, 2023	0	0	0	0
Sep 16, 2023	0	0	0	0
Sep 17, 2023	0	0	0	0
Sep 18, 2023	0	0	0	0
Sep 19, 2023	0	0	0	0
Sep 20, 2023	0	0	0	0
Sep 21, 2023	0	0	0	0
Sep 22, 2023	0	0	0	0
Sep 23, 2023	0	0	0	0
Sep 24, 2023	0	0	0	0
Sep 25, 2023	0	0	0	0
Sep 26, 2023	0	0	0	0
Sep 27, 2023	0	0	0	0
Sep 28, 2023	0	0	0	0
Sep 29, 2023	0	0	0	0
Sep 30, 2023	0	0	0	0
Oct 01, 2023	0	0	0	0
Oct 02, 2023	0	0	0	0
Oct 03, 2023	0	0	0	0
Oct 04, 2023	0	0	0	0
Oct 05, 2023	0	0	0	0
Oct 06, 2023	0	0	0	0
Oct 07, 2023	0	0	0	0
Oct 08, 2023	0	0	0	0
Oct 09, 2023	0	0	0	0
Oct 10, 2023	0	0	0	0
Oct 11, 2023	0	0	0	0
Oct 12, 2023	0	0	0	0
Oct 13, 2023	0	0	0	0
Oct 14, 2023	0	0	0	0
Oct 15, 2023	0	0	0	0
Oct 16, 2023	0	0	0	0
Oct 17, 2023	0	0	0	0
Oct 18, 2023	0	0	0	0
Oct 19, 2023	0	0	0	0
Oct 20, 2023	0	0	0	0
Oct 21, 2023	0	0	0	0
Oct 22, 2023	0	0	0	0
Oct 23, 2023	0	0	0	0
Oct 24, 2023	0	0	0	0
Oct 25, 2023	0	0	0	0
Oct 26, 2023	0	0	0	0
Oct 27, 2023	0	0	0	0
Oct 28, 2023	0	0	0	0
Oct 29, 2023	0	0	0	0
Oct 30, 2023	0	0	0	0
Oct 31, 2023	0	0	0	0
Nov 01, 2023	0	0	0	0
Nov 02, 2023	0	0	0	0
Nov 03, 2023	0	0	0	0
Nov 04, 2023	0	0	0	0
Nov 05, 2023	0	0	0	0
Nov 06, 2023	0	0	0	0
Nov 07, 2023	0	0	0	0
Nov 08, 2023	0	0	0	0
Nov 09, 2023	0	0	0	0
Nov 10, 2023	0	0	0	0
Nov 11, 2023	0	0	0	0
Nov 12, 2023	0	0	0	0
Nov 13, 2023	0	0	0	0
Nov 14, 2023	0	0	0	0
Nov 15, 2023	0	0	0	0
Nov 16, 2023	0	0	0	0
Nov 17, 2023	0	0	0	0
Nov 18, 2023	0	0	0	0
Nov 19, 2023	0	0	0	0
Nov 20, 2023	0	0	0	0
Nov 21, 2023	0	0	0	0
Nov 22, 2023	0	0	0	0
Nov 23, 2023	0	0	0	0
Nov 24, 2023	0	0	0	0
Nov 25, 2023	0	0	0	0
Nov 26, 2023	0	0	0	0
Nov 27, 2023	0	0	0	0
Nov 28, 2023	0	0	0	0
Nov 29, 2023	0	0	0	0
Nov 30, 2023	0	0	0	0
Dec 01, 2023	0	0	0	0
Dec 02, 2023	0	0	0	0
Dec 03, 2023	0	0	0	0
Dec 04, 2023	0	0	0	0
Dec 05, 2023	0	0	0	0
Dec 06, 2023	0	0	0	0
Dec 07, 2023	0	0	0	0
Dec 08, 2023	0	0	0	0
Dec 09, 2023	0	0	0	0
Dec 10, 2023	0	0	0	0
Dec 11, 2023	0	0	0	0
Dec 12, 2023	0	0	0	0
Dec 13, 2023	0	0	0	0
Dec 14, 2023	0	0	0	0
Dec 15, 2023	0	0	0	0
Dec 16, 2023	0	0	0	0
Dec 17, 2023	0	0	0	0
Dec 18, 2023	0	0	0	0
Dec 19, 2023	0	0	0	0
Dec 20, 2023	0	0	0	0
Dec 21, 2023	0	0	0	0
Dec 22, 2023	0	0	0	0
Dec 23, 2023	0	0	0	0
Dec 24, 2023	0	0	0	0
Dec 25, 2023	0	0	0	0
Dec 26, 2023	0	0	0	0
Dec 27, 2023	0	0	0	0
Dec 28, 2023	0	0	0	0
Dec 29, 2023	0	0	0	0
Dec 30, 2023	0	0	0	0
Dec 31, 2023	0	0	0	0
Jan 01, 2024	0	0	0	0
Jan 02, 2024	0	0	0	0
Jan 03, 2024	0	0	0	0
Jan 04, 2024	0	0	0	0
Jan 05, 2024	0	0	0	0
Jan 06, 2024	0	0	0	0
Jan 07, 2024	0	0	0	0
Jan 08, 2024	0	0	0	0
Jan 09, 2024	0	0	0	0
Jan 10, 2024	0	0	0	0
Jan 11, 2024	0	0	0	0
Jan 12, 2024	0	0	0	0
Jan 13, 2024	0	0	0	0
Jan 14, 2024	0	0	0	0
Jan 15, 2024	0	0	0	0
Jan 16, 2024	0	0	0	0
Jan 17, 2024	0	0	0	0
Jan 18, 2024	0	0	0	0
Jan 19, 2024	0	0	0	0
Jan 20, 2024	0	0	0	0
Jan 21, 2024	0	0	0	0
Jan 22, 2024	0	0	0	0
Jan 23, 2024	0	0	0	0
Jan 24, 2024	0	0	0	0
Jan 25, 2024	0	0	0	0
Jan 26, 2024	0	0	0	0
Jan 27, 2024	0	0	0	0
Jan 28, 2024	0	0	0	0
Jan 29, 2024	0	0	0	0
Jan 30, 2024	0	0	0	0
Jan 31, 2024	0	0	0	0
Feb 01, 2024	0	0	0	0
Feb 02, 2024	0	0	0	0
Feb 03, 2024	0	0	0	0
Feb 04, 2024	0	0	0	0
Feb 05, 2024	0	0	0	0
Feb 06, 2024	0	0	0	0
Feb 07, 2024	0	0	0	0
Feb 08, 2024	0	0	0	0
Feb 09, 2024	0	0	0	0
Feb 10, 2024	0	0	0	0
Feb 11, 2024	0	0	0	0
Feb 12, 2024	0	0	0	0
Feb 13, 2024	0	0	0	0
Feb 14, 2024	0	0	0	0
Feb 15, 2024	0	0	0	0
Feb 16, 2024	0	0	0	0
Feb 17, 2024	0	0	0	0
Feb 18, 2024	0	0	0	0
Feb 19, 2024	0	0	0	0
Feb 20, 2024	0	0	0	0
Feb 21, 2024	0	0	0	0
Feb 22, 2024	0	0	0	0
Feb 23, 2024	0	0	0	0
Feb 24, 2024	0	0	0	0
Feb 25, 2024	0	0	0	0
Feb 26, 2024	0	0	0	0
Feb 27, 2024	0	0	0	0
Feb 28, 2024	0	0	0	0
Feb 29, 2024	0	0	0	0
Mar 01, 2024	0	0	0	0
Mar 02, 2024	0	0	0	0
Mar 03, 2024	0	0	0	0
Mar 04, 2024	0	0	0	0
Mar 05, 2024	0	0	0	0
Mar 06, 2024	0	0	0	0
Mar 07, 2024	0	0	0	0
Mar 08, 2024	0	0	0	0
Mar 09, 2024	0	0	0	0
Mar 10, 2024	0	0	0	0
Mar 11, 2024	0	0	0	0
Mar 12, 2024	0	0	0	0
Mar 13, 2024	0	0	0	0
Mar 14, 2024	0	0	0	0
Mar 15, 2024	0	0	0	0
Mar 16, 2024	0	0	0	0
Mar 17, 2024	0	0	0	0
Mar 18, 2024	0	0	0	0
Mar 19, 2024	0	0	0	0
Mar 20, 2024	0	0	0	0
Mar 21, 2024	0	0	0	0
Mar 22, 2024	0	0	0	0
Mar 23, 2024	0	0	0	0
