Feb 15, 2020	22	null	null	null
Feb 16, 2020	22	0	0	0
Feb 17, 2020	22	0	1	0
Feb 18, 2020	23	0	2	0
Feb 19, 2020	23	0	0	0
Feb 20, 2020	23	0	0	0
Feb 21, 2020	23	0	0	0
Feb 22, 2020	25	0	3	0
Feb 23, 2020	24	0	0	0
Feb 24, 2020	30	0	1	0
Feb 25, 2020	32	0	0	2
Feb 26, 2020	35	0	0	4
Feb 27, 2020	37	0	0	19
Feb 28, 2020	45	0	0	18
Feb 29, 2020	57	0	1	39
Mar 01, 2020	61	0	0	27
Mar 02, 2020	81	0	0	56
Mar 03, 2020	121	0	0	20
Mar 04, 2020	179	0	0	67
Mar 05, 2020	224	0	0	126
Mar 06, 2020	271	0	0	209
Mar 07, 2020	352	5	0	269
Mar 08, 2020	420	3	0	236
Mar 09, 2020	473	11	0	185
Mar 10, 2020	616	3	0	338
Mar 11, 2020	878	15	0	452
Mar 12, 2020	1274	13	0	540
Mar 13, 2020	1745	18	0	714
Mar 14, 2020	2207	12	0	761
Mar 15, 2020	2536	36	0	840
Mar 16, 2020	2915	21	0	1100
Mar 17, 2020	3454	27	590	997
Mar 18, 2020	4179	89	0	1277
Mar 19, 2020	5090	108	693	1691
Mar 20, 2020	6051	78	292	1469
Mar 21, 2020	7158	112	0	1678
Mar 22, 2020	8198	112	613	1417
Mar 23, 2020	9334	186	0	3488
Mar 24, 2020	11417	240	1081	2224
Mar 25, 2020	13507	231	619	2662
Mar 26, 2020	15836	365	1048	3564
Mar 27, 2020	18465	299	752	3462
Mar 28, 2020	21157	319	0	4191
Mar 29, 2020	23415	292	1502	2362
Mar 30, 2020	25648	418	725	3977
Mar 31, 2020	29133	498	1517	6887
Apr 01, 2020	32769	508	1491	4418
Apr 02, 2020	36738	1354	1493	1923
Apr 03, 2020	40556	1119	1580	4755
Apr 04, 2020	44353	1052	1430	3877
Apr 05, 2020	47183	517	745	1703
Apr 06, 2020	49520	832	1067	3555
Apr 07, 2020	53625	1416	2087	3432
Apr 08, 2020	57810	540	1917	3526
Apr 09, 2020	61497	1339	1952	3895
Apr 10, 2020	64792	986	1726	3946
Apr 11, 2020	67800	634	1459	2829
Apr 12, 2020	70023	561	795	1466
Apr 13, 2020	72154	574	532	2428
Apr 14, 2020	75127	761	1087	4996
Apr 15, 2020	78210	1437	2150	2393
Apr 16, 2020	82005	752	1857	2400
Apr 17, 2020	85977	760	1608	368
Apr 18, 2020	89687	641	1563	2335
Apr 19, 2020	93243	395	595	714
Apr 20, 2020	96002	546	831	1864
Apr 21, 2020	99284	530	1772	2423
Apr 22, 2020	102998	543	1476	1661
Apr 23, 2020	107414	515	1431	1502
Apr 24, 2020	111543	389	1405	1611
Apr 25, 2020	115500	369	1101	1397
Apr 26, 2020	118339	242	309	419
Apr 27, 2020	120921	436	610	3420
Apr 28, 2020	124794	367	1373	1381
Apr 29, 2020	128713	426	1342	1675
Apr 30, 2020	133329	289	1248	1061
May 01, 2020	137510	218	736	563
May 02, 2020	141491	166	350	740
May 03, 2020	144044	135	222	287
May 04, 2020	146385	306	587	537
May 05, 2020	149107	330	1365	1029
May 06, 2020	152151	278	1236	3898
May 07, 2020	155356	178	1055	586
May 08, 2020	158514	243	815	598
May 09, 2020	161010	80	4206	403
May 10, 2020	162641	70	4272	195
May 11, 2020	164485	263	2851	425
May 12, 2020	167670	348	1265	659
May 13, 2020	170639	83	2590	473
May 14, 2020	173515	351	5146	580
May 15, 2020	175680	104	2529	524
May 16, 2020	177789	96	2468	347
May 17, 2020	179452	146	77	112
May 18, 2020	180912	131	2361	459
May 19, 2020	183086	119	1002	489
May 20, 2020	185778	110	1941	389
May 21, 2020	188144	83	2584	296
May 22, 2020	186773	74	1753	366
May 23, 2020	185207	43	1610	233
May 24, 2020	183658	35	1738	107
May 25, 2020	179693	65	1267	334
May 26, 2020	177873	98	3800	257
May 27, 2020	177027	66	520	178
May 28, 2020	174208	66	532	3098
May 29, 2020	172234	52	351	556
May 30, 2020	166240	57	138	1703
May 31, 2020	162701	31	394	239
Jun 01, 2020	159036	31	628	315
Jun 02, 2020	156537	107	366	283
Jun 03, 2020	153601	81	499	330
Jun 04, 2020	151040	44	480	720
Jun 05, 2020	148299	46	301	573
Jun 06, 2020	144493	31	81	543
Jun 07, 2020	140567	13	446	322
Jun 08, 2020	135926	54	435	198
Jun 09, 2020	132778	87	302	378
Jun 10, 2020	130382	23	273	511
Jun 11, 2020	127688	27	339	399
Jun 12, 2020	124712	28	205	681
Jun 13, 2020	121059	24	83	494
Jun 14, 2020	117623	9	325	382
Jun 15, 2020	114655	29	228	143
Jun 16, 2020	111793	111	67	323
Jun 17, 2020	109280	28	3070	430
Jun 18, 2020	106924	28	528	438
Jun 19, 2020	102736	14	1689	761
Jun 20, 2020	98293	16	223	602
Jun 21, 2020	94684	7	308	267
Jun 22, 2020	91382	23	260	350
Jun 23, 2020	88682	57	273	485
Jun 24, 2020	85713	11	709	76
Jun 25, 2020	81102	21	552	0
Jun 26, 2020	76773	26	517	1490
Jun 27, 2020	73401	8	314	490
Jun 28, 2020	70603	9	189	490
Jun 29, 2020	67489	18	360	263
Jun 30, 2020	64679	30	481	508
Jul 01, 2020	62326	18	381	861
Jul 02, 2020	60145	14	667	618
Jul 03, 2020	57650	18	476	546
Jul 04, 2020	55078	7	375	526
Jul 05, 2020	52403	7	136	600
Jul 06, 2020	49741	13	310	165
Jul 07, 2020	47975	13	417	446
Jul 08, 2020	46470	32	406	622
Jul 09, 2020	45870	14	747	583
Jul 10, 2020	44237	25	577	617
Jul 11, 2020	41862	4	263	628
Jul 12, 2020	39676	3	347	627
Jul 13, 2020	37865	18	467	270
Jul 14, 2020	37102	71	5	480
Jul 15, 2020	36039	20	-20	390
Jul 16, 2020	35039	18	1472	501
Jul 17, 2020	34122	14	476	785
Jul 18, 2020	32850	9	481	812
Jul 19, 2020	31911	8	255	812
Jul 20, 2020	30612	8	500	328
Jul 21, 2020	30010	13	848	548
Jul 22, 2020	29321	7	611	937
Jul 23, 2020	28507	10	536	997
Jul 24, 2020	27683	10	516	1060
Jul 25, 2020	26991	4	596	956
Jul 26, 2020	26123	4	161	955
Jul 27, 2020	25472	9	437	482
Jul 28, 2020	25242	14	608	680
Jul 29, 2020	24547	15	568	1306
Jul 30, 2020	24729	16	601	1292
Jul 31, 2020	24543	11	617	1263
Aug 01, 2020	23848	3	624	0
Aug 02, 2020	23113	4	266	2646
Aug 03, 2020	22297	22	458	522
Aug 04, 2020	22465	2	388	975
Aug 05, 2020	22392	9	492	1591
Aug 06, 2020	22486	7	778	1505
Aug 07, 2020	22490	12	800	2147
Aug 08, 2020	22246	1	811	1910
Aug 09, 2020	21770	1	327	1909
Aug 10, 2020	21283	14	534	737
Aug 11, 2020	21899	14	923	1311
Aug 12, 2020	22448	17	980	2369
Aug 13, 2020	23092	17	1043	2505
Aug 14, 2020	23221	17	939	2671
Aug 15, 2020	23169	4	951	3106
Aug 16, 2020	23069	1	481	2829
Aug 17, 2020	22848	24	656	463
Aug 18, 2020	23391	17	1289	2100
Aug 19, 2020	23889	17	1275	3544
Aug 20, 2020	24441	12	1251	4477
Aug 21, 2020	25347	23	-23	4304
Aug 22, 2020	26052	9	2637	3380
Aug 23, 2020	26269	1	521	4596
Aug 24, 2020	26570	15	960	1835
Aug 25, 2020	27509	16	1575	3101
Aug 26, 2020	28192	0	1505	5095
Aug 27, 2020	28946	32	2115	5735
Aug 28, 2020	29899	20	1890	6925
Aug 29, 2020	31018	6	1903	5117
Aug 30, 2020	31421	4	733	5080
Aug 31, 2020	31935	29	1282	2892
Sep 01, 2020	32917	26	2343	4675
Sep 02, 2020	34810	25	2480	6585
Sep 03, 2020	37354	0	2671	6716
Sep 04, 2020	39874	0	3106	8423
Sep 05, 2020	42275	12	2817	8024
Sep 06, 2020	43988	3	460	6636
Sep 07, 2020	45719	25	2075	3944
Sep 08, 2020	49049	38	3506	6141
Sep 09, 2020	51970	30	4447	8049
Sep 10, 2020	54777	19	4285	9237
Sep 11, 2020	57626	80	3300	8827
Sep 12, 2020	60165	17	4579	9911
Sep 13, 2020	62063	6	1829	6741
Sep 14, 2020	63458	34	3067	5779
Sep 15, 2020	66184	49	5046	7369
Sep 16, 2020	69144	46	5689	9182
Sep 17, 2020	72765	50	6875	9941
Sep 18, 2020	76568	153	4964	12402
Sep 19, 2020	80640	26	5054	12667
Sep 20, 2020	84745	11	2881	9918
Sep 21, 2020	89303	53	4622	4972
Sep 22, 2020	93974	78	6507	9392
Sep 23, 2020	99709	43	6673	12267
Sep 24, 2020	105866	52	8371	15105
Sep 25, 2020	112577	150	7874	14825
Sep 26, 2020	118994	39	6597	13525
Sep 27, 2020	125011	27	3917	10438
Sep 28, 2020	130918	81	6060	3819
Sep 29, 2020	140033	85	7964	7555
Sep 30, 2020	149235	63	9174	12054
Oct 01, 2020	160890	63	8764	13110
Oct 02, 2020	173061	130	9781	11400
Oct 03, 2020	185407	49	6692	15927
Oct 04, 2020	195936	32	5747	11792
Oct 05, 2020	206791	69	7300	4771
Oct 06, 2020	222772	66	9116	9843
Oct 07, 2020	238876	80	9861	17592
Oct 08, 2020	256547	76	12326	17013
Oct 09, 2020	273714	109	12558	19087
Oct 10, 2020	288505	54	9864	25240
Oct 11, 2020	299785	46	4926	15110
Oct 12, 2020	310717	95	9297	7981
Oct 13, 2020	329426	108	12159	12193
Oct 14, 2020	347276	104	15001	21200
Oct 15, 2020	366063	88	14737	28736
Oct 16, 2020	383035	178	13347	23542
Oct 17, 2020	399547	89	10349	30431
Oct 18, 2020	413169	85	3734	28000
Oct 19, 2020	425615	146	7409	12428
Oct 20, 2020	449901	262	11792	19208
Oct 21, 2020	474080	163	12947	25034
Oct 22, 2020	498125	162	11238	39060
Oct 23, 2020	519682	298	15629	39445
Oct 24, 2020	539277	137	11655	42626
Oct 25, 2020	553728	116	4655	48808
Oct 26, 2020	566413	257	9586	25123
Oct 27, 2020	590009	523	17069	31360
Oct 28, 2020	611691	244	16769	34194
Oct 29, 2020	632722	235	18852	44705
Oct 30, 2020	653174	545	24695	46185
Oct 31, 2020	672260	223	14887	33447
Nov 01, 2020	685177	231	7750	45258
Nov 02, 2020	697523	467	11726	51104
Nov 03, 2020	726541	906	20294	35912
Nov 04, 2020	749145	437	28299	39880
Nov 05, 2020	768978	415	23127	56292
Nov 06, 2020	789397	880	29551	58581
Nov 07, 2020	808453	356	27644	83324
Nov 08, 2020	822436	322	12106	38059
Nov 09, 2020	838159	548	18660	20732
Nov 10, 2020	864821	857	24177	22632
Nov 11, 2020	887362	328	38732	35488
Nov 12, 2020	908002	425	39020	32948
Nov 13, 2020	925230	932	41694	24147
Nov 14, 2020	941874	552	48256	31937
Nov 15, 2020	952233	500	24623	27370
Nov 16, 2020	960448	704	30656	10645
Nov 17, 2020	982409	625	33569	13630
Nov 18, 2020	996682	677	44028	26636
Nov 19, 2020	1007397	681	45504	19848
Nov 20, 2020	1014186	634	32813	21473
Nov 21, 2020	1019321	390	44868	16780
Nov 22, 2020	1024612	352	50752	12347
Nov 23, 2020	1028176	638	35274	4178
Nov 24, 2020	1034235	592	39288	8591
Nov 25, 2020	1036273	569	55723	15280
Nov 26, 2020	1038918	527	58054	12728
Nov 27, 2020	1036056	581	82743	11692
Nov 28, 2020	1036643	316	37743	11806
Nov 29, 2020	1032492	301	20431	9182
Nov 30, 2020	1030127	509	22123	3758
Dec 01, 2020	1034084	466	35022	7585
Dec 02, 2020	1033644	425	32523	13198
Dec 03, 2020	1030779	439	23708	11914
Dec 04, 2020	1027734	397	31540	10530
Dec 05, 2020	1027796	327	27043	12127
Dec 06, 2020	1024574	287	10358	10344
Dec 07, 2020	1021056	480	13150	3201
Dec 08, 2020	1023584	491	26145	12869
Dec 09, 2020	1023445	403	19445	13697
Dec 10, 2020	1018751	400	21073	12904
Dec 11, 2020	1020429	412	16368	12581
Dec 12, 2020	1024308	314	12033	13088
Dec 13, 2020	1020737	271	3907	10823
Dec 14, 2020	1023131	492	8099	2874
Dec 15, 2020	1037138	428	14852	10822
Dec 16, 2020	1048733	407	12321	16531
Dec 17, 2020	1059671	376	11316	17130
Dec 18, 2020	1070973	374	11432	14709
Dec 19, 2020	1082922	294	8888	16484
Dec 20, 2020	1086527	236	3522	12011
Dec 21, 2020	1096002	456	7129	5440
Dec 22, 2020	1124848	487	12711	11069
Dec 23, 2020	1151280	359	11555	14010
Dec 24, 2020	1169061	373	10157	20302
Dec 25, 2020	1177110	242	11885	19015
Dec 26, 2020	1168091	230	10114	2903
Dec 27, 2020	1183950	257	2944	8279
Dec 28, 2020	1211412	447	12422	2778
Dec 29, 2020	1235920	468	13229	10694
Dec 30, 2020	1298502	377	12527	24828
Dec 31, 2020	1347486	325	12256	18700
Jan 01, 2021	1367657	207	12881	18157
Jan 02, 2021	1372456	231	10592	3253
Jan 03, 2021	1406937	191	2683	11720
Jan 04, 2021	1437648	453	10369	3774
Jan 05, 2021	1493593	420	16111	19228
Jan 06, 2021	1539713	387	16743	23817
Jan 07, 2021	1578487	381	14328	20367
Jan 08, 2021	1630621	381	16103	18594
Jan 09, 2021	1635528	264	11747	18935
Jan 10, 2021	1674472	248	5192	14963
Jan 11, 2021	1710474	407	10662	3362
Jan 12, 2021	1767822	452	13558	18536
Jan 13, 2021	1817151	347	19955	22384
Jan 14, 2021	1862354	401	18614	19921
Jan 15, 2021	1807798	399	2504	19962
Jan 16, 2021	1832476	264	8015	20088
Jan 17, 2021	1846681	213	2565	15618
Jan 18, 2021	1863074	475	10219	3506
Jan 19, 2021	1895705	441	24387	22155
Jan 20, 2021	1921727	420	18280	25135
Jan 21, 2021	1941143	456	17701	21442
Jan 22, 2021	1958383	429	2824	21858
Jan 23, 2021	1971694	295	11425	22451
Jan 24, 2021	1977658	237	3537	17301
Jan 25, 2021	1977155	510	18718	3979
Jan 26, 2021	1992364	417	23400	20726
Jan 27, 2021	2007470	505	19862	25259
Jan 28, 2021	2032541	499	18095	22307
Jan 29, 2021	2056090	510	18425	21451
Jan 30, 2021	2077368	322	14641	22890
Jan 31, 2021	2093510	275	3087	18051
Feb 01, 2021	2014263	536	18000	4079
Feb 02, 2021	2016498	485	21899	21900
Feb 03, 2021	2018594	476	19445	24739
Feb 04, 2021	2013935	476	19486	22005
Feb 05, 2021	1997467	413	19675	20776
Feb 06, 2021	1985678	263	15355	19319
Feb 07, 2021	1971454	243	3263	18501
Feb 08, 2021	1947109	530	21625	4051
Feb 09, 2021	1929760	508	24627	17708
Feb 10, 2021	1908070	404	21038	23824
Feb 11, 2021	1883841	468	21390	19766
Feb 12, 2021	1858559	429	22022	19427
Feb 13, 2021	1839173	257	17044	19924
Feb 14, 2021	1812438	226	3753	15527
Feb 15, 2021	1790940	471	20255	4107
Feb 16, 2021	1764268	410	24849	18384
Feb 17, 2021	1725135	391	21916	23478
Feb 18, 2021	1688275	352	21099	21116
Feb 19, 2021	1644894	409	22481	22631
Feb 20, 2021	1603114	213	17838	20994
Feb 21, 2021	1554450	163	3916	20689
Feb 22, 2021	1507734	363	21537	4360
Feb 23, 2021	1460635	341	24398	18829
Feb 24, 2021	1410552	370	21635	29579
Feb 25, 2021	1358033	354	20422	23839
Feb 26, 2021	1313999	379	18940	23655
Feb 27, 2021	1253439	214	18287	22519
Feb 28, 2021	1198971	125	3926	18724
Mar 01, 2021	1148997	404	17304	4413
Mar 02, 2021	1110057	330	23494	21450
Mar 03, 2021	1116732	389	19377	25139
Mar 04, 2021	1031842	360	19067	23723
Mar 05, 2021	989542	305	19619	22060
Mar 06, 2021	939789	187	15340	21871
Mar 07, 2021	944208	147	3960	20482
Mar 08, 2021	869357	377	18007	4999
Mar 09, 2021	838745	316	23162	21868
Mar 10, 2021	812494	295	20821	28438
Mar 11, 2021	780417	296	22335	25494
Mar 12, 2021	748740	254	20740	23676
Mar 13, 2021	717906	192	20497	27927
Mar 14, 2021	685735	137	4223	24721
Mar 15, 2021	660232	357	18472	6073
Mar 16, 2021	644780	338	29241	28130
Mar 17, 2021	630989	300	23539	36131
Mar 18, 2021	611975	327	23328	32844
Mar 19, 2021	589150	362	22157	32911
Mar 20, 2021	565493	244	18480	33169
Mar 21, 2021	546654	170	4243	28699
Mar 22, 2021	522547	402	21048	35259
Mar 23, 2021	453360	347	24792	23350
Mar 24, 2021	398383	305	23418	31334
Mar 25, 2021	349743	285	21775	42831
Mar 26, 2021	347633	363	21508	39292
Mar 27, 2021	342462	201	20281	39995
Mar 28, 2021	335572	142	4857	34736
Mar 29, 2021	327913	371	21497	26843
Mar 30, 2021	320091	348	28090	26580
Mar 31, 2021	311884	325	25169	39327
Apr 01, 2021	305468	314	23362	47541
Apr 02, 2021	299341	304	27623	43804
Apr 03, 2021	291457	213	24508	18571
Apr 04, 2021	285482	185	5888	57172
Apr 05, 2021	277974	197	27933	11576
Apr 06, 2021	270753	414	35717	54241
Apr 07, 2021	265581	431	32413	28890
Apr 08, 2021	261439	374	32537	14892
Apr 09, 2021	258573	301	32868	38704
Apr 10, 2021	256094	179	28520	40620
Apr 11, 2021	252071	176	35083	32747
Apr 12, 2021	248058	385	22965	8011
Apr 13, 2021	244378	351	30983	36705
Apr 14, 2021	240940	303	42528	40827
Apr 15, 2021	237430	302	38990	35703
Apr 16, 2021	234608	313	39682	34199
Apr 17, 2021	232264	189	34547	33653
Apr 18, 2021	228210	140	26703	27538
Apr 19, 2021	224863	489	26091	6847
Apr 20, 2021	220965	346	38981	39882
Apr 21, 2021	216990	313	47228	32815
Apr 22, 2021	214236	283	43521	32205
Apr 23, 2021	212109	332	18239	30349
Apr 24, 2021	209127	217	56955	30624
Apr 25, 2021	205471	152	11424	22959
Apr 26, 2021	201904	405	53836	5586
Apr 27, 2021	198325	333	28557	28451
Apr 28, 2021	195785	322	14570	29598
Apr 29, 2021	192789	313	38391	24904
Apr 30, 2021	189792	276	40344	22803
May 01, 2021	186355	195	32552	24090
May 02, 2021	182775	116	7895	9279
May 03, 2021	178764	315	36390	3529
May 04, 2021	174717	247	40580	22871
May 05, 2021	171752	252	35451	24400
May 06, 2021	169675	227	33972	20375
May 07, 2021	168201	235	33418	17947
May 08, 2021	165592	179	27359	19468
May 09, 2021	163211	119	6728	8566
May 10, 2021	161527	296	39586	3089
May 11, 2021	159943	240	32575	18573
May 12, 2021	158915	184	32021	20175
May 13, 2021	157878	131	30218	18263
May 14, 2021	157801	173	30451	6593
May 15, 2021	157014	122	22837	14719
May 16, 2021	156291	91	5495	13089
May 17, 2021	155486	206	28245	3144
May 18, 2021	155358	198	29400	16151
May 19, 2021	155062	146	24763	17877
May 20, 2021	155325	138	22803	15415
May 21, 2021	156138	113	23947	12800
May 22, 2021	154979	95	9166	12611
May 23, 2021	154543	76	3440	9704
May 24, 2021	154401	68	22801	2229
May 25, 2021	155158	203	24320	3155
May 26, 2021	155890	153	20172	12646
May 27, 2021	157651	151	17803	13933
May 28, 2021	159560	107	19308	11268
May 29, 2021	160245	69	8459	10675
May 30, 2021	160772	46	3021	8541
May 31, 2021	161587	128	18529	1211
Jun 01, 2021	162807	129	20044	9848
Jun 02, 2021	165623	98	18134	8743
Jun 03, 2021	169781	72	6469	8161
Jun 04, 2021	174358	84	14673	6953
Jun 05, 2021	178186	57	13005	6654
Jun 06, 2021	180396	26	3087	5070
Jun 07, 2021	183912	65	16126	1166
Jun 08, 2021	189557	73	17811	6016
Jun 09, 2021	195204	66	15342	5557
Jun 10, 2021	201761	70	12735	4475
Jun 11, 2021	208318	71	12540	3871
Jun 12, 2021	214492	34	9604	3972
Jun 13, 2021	219059	13	2195	2855
Jun 14, 2021	224274	63	3171	689
Jun 15, 2021	232219	80	12583	3235
Jun 16, 2021	240674	50	13853	3058
Jun 17, 2021	249970	62	11224	2044
Jun 18, 2021	259556	56	10607	3181
Jun 19, 2021	267781	22	8485	2624
Jun 20, 2021	274058	14	1189	1815
Jun 21, 2021	282112	40	9834	487
Jun 22, 2021	295921	51	8703	2204
Jun 23, 2021	311283	33	8110	2320
Jun 24, 2021	327870	44	6920	2007
Jun 25, 2021	344650	33	6610	1986
Jun 26, 2021	316685	16	5037	2128
Jun 27, 2021	328651	21	1154	1578
Jun 28, 2021	341858	48	5999	509
Jun 29, 2021	364044	33	5501	2314
Jun 30, 2021	386468	25	4442	2457
Jul 01, 2021	410046	29	3846	2664
Jul 02, 2021	433156	24	3943	2683
Jul 03, 2021	453433	17	2831	3006
Jul 04, 2021	469888	9	672	2549
Jul 05, 2021	487645	36	3226	796
Jul 06, 2021	514450	34	3022	3585
Jul 07, 2021	542771	28	2010	4081
Jul 08, 2021	573879	25	3153	4442
Jul 09, 2021	600145	18	2599	4580
Jul 10, 2021	625258	19	1797	4696
Jul 11, 2021	644564	4	468	4256
Jul 12, 2021	664033	28	2200	1260
Jul 13, 2021	698077	54	2292	6950
Jul 14, 2021	735463	6	1953	8875
Jul 15, 2021	781106	16	1980	3617
Jul 16, 2021	832469	22	2112	10908
Jul 17, 2021	876096	16	1556	10949
Jul 18, 2021	898515	5	493	12532
Jul 19, 2021	918136	20	2309	4151
Jul 20, 2021	951042	33	2437	18181
Jul 21, 2021	972900	29	2631	21539
Jul 22, 2021	993912	11	2654	21909
Jul 23, 2021	1002687	26	2995	19561
Jul 24, 2021	1010468	25	2523	25624
Jul 25, 2021	1007647	7	771	15242
Jul 26, 2021	1002217	50	3579	5307
Jul 27, 2021	1005495	31	4036	26871
Jul 28, 2021	1010578	44	4414	27934
Jul 29, 2021	1016961	32	4540	25190
Jul 30, 2021	1018547	66	4667	24309
Jul 31, 2021	1015020	47	4196	23471
Aug 01, 2021	1003570	20	1217	19600
Aug 02, 2021	992433	56	6932	5184
Aug 03, 2021	987102	63	8824	26829
Aug 04, 2021	985697	59	3560	28784
Aug 05, 2021	986751	57	10855	26460
Aug 06, 2021	984488	66	10897	25077
Aug 07, 2021	976478	35	12472	25755
Aug 08, 2021	957309	33	4119	20450
Aug 09, 2021	932224	75	18151	5775
Aug 10, 2021	913143	75	21471	28576
Aug 11, 2021	890482	60	21841	30920
Aug 12, 2021	876198	85	19507	28554
Aug 13, 2021	868548	82	25547	26453
Aug 14, 2021	851639	56	15168	24427
Aug 15, 2021	833168	49	5256	21172
Aug 16, 2021	819117	107	26827	5829
Aug 17, 2021	820253	123	27837	28114
Aug 18, 2021	826847	124	25079	28405
Aug 19, 2021	836701	140	24197	23973
Aug 20, 2021	848510	92	23344	22319
Aug 21, 2021	857507	89	19517	22636
Aug 22, 2021	858662	49	5103	17300
Aug 23, 2021	856568	119	26785	5166
Aug 24, 2021	867035	169	28676	24853
Aug 25, 2021	878871	102	26307	23706
Aug 26, 2021	893494	110	24984	19683
Aug 27, 2021	909454	109	25432	18249
Aug 28, 2021	921874	85	20355	17590
Aug 29, 2021	920461	61	5701	13630
Aug 30, 2021	916639	112	28523	3795
Aug 31, 2021	919865	136	30822	19425
Sep 01, 2021	936807	86	28418	17621
Sep 02, 2021	953237	103	26320	15911
Sep 03, 2021	970692	93	24324	13466
Sep 04, 2021	986130	83	21079	13336
Sep 05, 2021	988604	49	5746	10410
Sep 06, 2021	987553	102	28065	3042
Sep 07, 2021	1000146	152	28303	14534
Sep 08, 2021	1009532	100	23821	12828
Sep 09, 2021	1018896	103	22219	10969
Sep 10, 2021	1024651	80	22533	9966
Sep 11, 2021	1027279	46	17220	9601
Sep 12, 2021	1017109	29	5120	7679
Sep 13, 2021	1004800	86	24824	2062
Sep 14, 2021	1002463	147	23620	10327
Sep 15, 2021	1002108	79	19536	9144
Sep 16, 2021	1000503	65	18170	8128
Sep 17, 2021	998585	66	17525	7373
Sep 18, 2021	997521	42	13564	7414
Sep 19, 2021	988560	28	3753	5814
Sep 20, 2021	981575	68	19397	1515
Sep 21, 2021	984606	153	17553	7851
Sep 22, 2021	991319	58	15758	6794
Sep 23, 2021	995126	62	13408	6229
Sep 24, 2021	1004784	49	13274	5879
Sep 25, 2021	1004869	29	10361	6012
Sep 26, 2021	998088	14	3013	4706
Sep 27, 2021	992415	92	14520	1309
Sep 28, 2021	992563	60	12736	6765
Sep 29, 2021	991950	42	10909	5835
Sep 30, 2021	990159	56	9924	5204
Oct 01, 2021	982001	46	9545	4935
Oct 02, 2021	974179	30	7633	4948
Oct 03, 2021	962139	9	2032	3744
Oct 04, 2021	956813	50	10318	1138
Oct 05, 2021	963563	75	9094	5558
Oct 06, 2021	973788	34	8053	4946
Oct 07, 2021	984427	34	7339	4615
Oct 08, 2021	992634	38	7380	4470
Oct 09, 2021	1002178	15	5776	4734
Oct 10, 2021	1004345	8	1500	3991
Oct 11, 2021	1014315	30	7843	1120
Oct 12, 2021	1032572	68	6764	5880
Oct 13, 2021	1051232	23	6161	5578
Oct 14, 2021	1069993	38	5856	5187
Oct 15, 2021	1081058	34	5974	6099
Oct 16, 2021	1093669	15	4672	4899
Oct 17, 2021	1097835	5	1294	3778
Oct 18, 2021	1105486	41	6760	1057
Oct 19, 2021	1126950	49	5794	5934
Oct 20, 2021	1148981	21	5155	6036
Oct 21, 2021	1168892	35	4914	6127
Oct 22, 2021	1176933	29	4913	6366
Oct 23, 2021	1184176	23	3715	6291
Oct 24, 2021	1183326	4	1115	5005
Oct 25, 2021	1183362	41	5554	1295
Oct 26, 2021	1196190	47	4905	6603
Oct 27, 2021	1208839	34	4568	6528
Oct 28, 2021	1222364	33	4436	6461
Oct 29, 2021	1229643	27	4701	6433
Oct 30, 2021	1237096	22	3964	7360
Oct 31, 2021	1231833	12	1098	6329
Nov 01, 2021	1226905	6	5868	1866
Nov 02, 2021	1231333	74	5572	2039
Nov 03, 2021	1235309	39	5113	10050
Nov 04, 2021	1237722	47	6060	9502
Nov 05, 2021	1232070	26	4852	8998
Nov 06, 2021	1224700	25	3752	9605
Nov 07, 2021	1209851	10	1032	8547
Nov 08, 2021	1195845	55	5924	2197
Nov 09, 2021	1195628	58	5981	12476
Nov 10, 2021	1194933	33	6069	11883
Nov 11, 2021	1193236	17	6333	12603
Nov 12, 2021	1185563	48	6274	3860
Nov 13, 2021	1180151	16	4957	14646
Nov 14, 2021	1164159	17	1279	12496
Nov 15, 2021	1148177	70	6586	3241
Nov 16, 2021	1150418	47	6458	19778
Nov 17, 2021	1152449	50	6414	20294
Nov 18, 2021	1158605	52	6383	20366
Nov 19, 2021	1166399	50	7308	21220
Nov 20, 2021	1165473	23	6279	22678
Nov 21, 2021	1157377	15	1843	19749
Nov 22, 2021	1194506	94	2024	5266
Nov 23, 2021	1205738	98	9956	30454
Nov 24, 2021	1210913	81	9404	32591
Nov 25, 2021	1216785	43	8917	33464
Nov 26, 2021	1222610	60	9562	34436
Nov 27, 2021	1222399	34	8487	37218
Nov 28, 2021	1222357	23	2163	31648
Nov 29, 2021	1221201	122	12453	8279
Nov 30, 2021	1240558	115	11761	47177
Dec 01, 2021	1262709	96	12488	49610
Dec 02, 2021	1287246	103	3764	48416
Dec 03, 2021	1307504	127	14543	49858
Dec 04, 2021	1320959	49	12369	51624
Dec 05, 2021	1327086	29	3192	42252
Dec 06, 2021	1329467	192	19749	11308
Dec 07, 2021	1347499	172	20102	59019
Dec 08, 2021	1363934	133	20194	61340
Dec 09, 2021	1384853	136	21087	56854
Dec 10, 2021	1405764	150	-136	55339
Dec 11, 2021	1418822	65	42277	53720
Dec 12, 2021	1430329	48	5201	43848
Dec 13, 2021	1445443	243	30406	12036
Dec 14, 2021	1486268	158	32348	63405
Dec 15, 2021	1545511	151	33306	65713
Dec 16, 2021	1617661	188	34285	60866
Dec 17, 2021	1684314	162	37030	58128
Dec 18, 2021	1735885	85	31486	58536
Dec 19, 2021	1783160	75	8194	48473
Dec 20, 2021	1828992	224	47102	15075
Dec 21, 2021	1916267	229	49386	72832
Dec 22, 2021	2017067	170	48187	84272
Dec 23, 2021	2139602	179	49688	91608
Dec 24, 2021	2258779	167	51445	94124
Dec 25, 2021	2354609	84	42085	104611
Dec 26, 2021	2383540	96	11224	27697
Dec 27, 2021	2458387	256	58923	30383
Dec 28, 2021	2600023	290	61084	179807
Dec 29, 2021	2762667	184	56564	208099
Dec 30, 2021	2993188	180	55155	206243
Dec 31, 2021	3186568	189	53540	232200
Jan 01, 2022	3324444	110	43659	219126
Jan 02, 2022	3397532	91	11926	58432
Jan 03, 2022	3528044	270	63314	67461
Jan 04, 2022	3707805	351	65443	271686
Jan 05, 2022	3926197	246	60515	332252
Jan 06, 2022	4095133	204	57882	261481
Jan 07, 2022	4219971	193	58332	328214
Jan 08, 2022	4286336	142	48280	303669
Jan 09, 2022	4321179	90	14933	296097
Jan 10, 2022	4339116	280	72742	93896
Jan 11, 2022	4384469	341	83992	368149
Jan 12, 2022	4407576	246	91267	361719
Jan 13, 2022	4421383	225	93878	305322
Jan 14, 2022	4435804	191	104386	329371
Jan 15, 2022	4431221	148	27506	324580
Jan 16, 2022	4419105	98	30235	278129
Jan 17, 2022	4408525	296	179709	102144
Jan 18, 2022	4420378	375	207803	464769
Jan 19, 2022	4417710	231	205868	436167
Jan 20, 2022	4416698	245	231969	425183
Jan 21, 2022	4410256	233	218881	400851
Jan 22, 2022	4404447	167	58199	389320
Jan 23, 2022	4318314	115	67294	301614
Jan 24, 2022	4237865	393	271571	108481
Jan 25, 2022	4176724	467	331859	501635
Jan 26, 2022	4101665	258	261014	428008
Jan 27, 2022	4029604	268	327956	392168
Jan 28, 2022	3977736	263	303401	353503
Jan 29, 2022	3904405	178	295834	332398
Jan 30, 2022	3759656	127	93718	249448
Jan 31, 2022	3248748	348	368022	82657
Feb 01, 2022	2756074	381	361371	416896
Feb 02, 2022	2849816	276	304941	315363
Feb 03, 2022	2787472	264	329095	274352
Feb 04, 2022	2718270	355	324316	241049
Feb 05, 2022	2636034	170	277774	214542
Feb 06, 2022	2563660	129	101974	155439
Feb 07, 2022	2490524	417	464640	46001
Feb 08, 2022	2453760	691	435750	235267
Feb 09, 2022	2420102	283	412530	179614
Feb 10, 2022	2399703	310	412530	153025
Feb 11, 2022	2289984	329	389010	131376
Feb 12, 2022	2246516	161	301285	118611
Feb 13, 2022	2185285	107	108320	86562
Feb 14, 2022	2114109	385	501528	26475
Feb 15, 2022	2056325	390	427623	142253
Feb 16, 2022	2021000	276	391778	98735
Feb 17, 2022	1952920	287	353227	92345
Feb 18, 2022	1939879	304	332111	82553
Feb 19, 2022	1880743	148	249144	76638
Feb 20, 2022	1816939	114	82509	59003
Feb 21, 2022	1747736	283	416896	17195
Feb 22, 2022	1691367	285	319295	97382
Feb 23, 2022	1637077	213	269738	66833
Feb 24, 2022	1597126	281	240836	66732
Feb 25, 2022	1562554	188	214261	58138
Feb 26, 2022	1491427	101	155251	53623
Feb 27, 2022	1417569	76	45900	42600
Feb 28, 2022	1350101	232	235191	13483
Mar 01, 2022	1307081	209	179382	79794
Mar 02, 2022	1270785	186	152816	57697
Mar 03, 2022	1235833	180	131190	60225
Mar 04, 2022	1198504	181	118431	57789
Mar 05, 2022	1158815	120	86381	53678
Mar 06, 2022	1116488	32	26355	45328
Mar 07, 2022	1084569	176	142221	14496
Mar 08, 2022	1089247	167	98559	93050
Mar 09, 2022	1107592	155	92178	69190
Mar 10, 2022	1136891	107	82398	74818
Mar 11, 2022	1160452	149	76531	72399
Mar 12, 2022	1177876	51	58854	72443
Mar 13, 2022	1190345	29	17144	60422
Mar 14, 2022	1215886	185	97353	18853
Mar 15, 2022	1264321	146	66648	116618
Mar 16, 2022	1313570	173	66586	108832
Mar 17, 2022	1372144	116	57965	101747
Mar 18, 2022	1420415	112	53507	97579
Mar 19, 2022	1455000	62	42488	98104
Mar 20, 2022	1481723	30	13421	81283
Mar 21, 2022	1521267	152	79764	24179
Mar 22, 2022	1594148	133	57545	180777
Mar 23, 2022	1662591	101	60092	145560
Mar 24, 2022	1728960	124	57688	148635
Mar 25, 2022	1786747	121	53554	143571
Mar 26, 2022	1858995	67	45207	139517
Mar 27, 2022	1860045	41	14429	110174
Mar 28, 2022	1867909	149	93009	29455
Mar 29, 2022	1914500	164	69041	217480
Mar 30, 2022	1948369	149	74654	169024
Mar 31, 2022	1980600	139	72250	169311
Apr 01, 2022	1996610	134	72304	148629
Apr 02, 2022	1981454	68	60288	132114
Apr 03, 2022	1956440	31	18785	102266
Apr 04, 2022	1936021	149	116587	27648
Apr 05, 2022	1916164	129	108683	203021
Apr 06, 2022	1894920	128	101618	161950
Apr 07, 2022	1875465	105	97451	158792
Apr 08, 2022	1852274	139	97999	148768
Apr 09, 2022	1795528	87	81144	141690
Apr 10, 2022	1733744	45	24092	107654
Apr 11, 2022	1675001	178	180732	25492
Apr 12, 2022	1620739	159	145382	190762
Apr 13, 2022	1571837	152	148476	146426
Apr 14, 2022	1528735	133	143419	137342
Apr 15, 2022	1555182	151	139384	125394
Apr 16, 2022	1509636	61	110023	111583
Apr 17, 2022	1448408	35	29394	86650
Apr 18, 2022	1359178	48	217445	19810
Apr 19, 2022	1191166	182	168976	25465
Apr 20, 2022	1134476	227	169129	155711
Apr 21, 2022	1083889	185	148402	104007
Apr 22, 2022	1041423	146	131929	88389
Apr 23, 2022	1056971	75	102120	80571
Apr 24, 2022	1002036	40	27573	58954
Apr 25, 2022	843895	197	202981	13984
Apr 26, 2022	787614	170	161753	97498
Apr 27, 2022	747818	152	158622	67711
Apr 28, 2022	712467	132	148616	59760
Apr 29, 2022	686365	158	141558	52919
Apr 30, 2022	696269	61	107496	49482
May 01, 2022	662526	32	25431	36726
May 02, 2022	617727	180	190730	8737
May 03, 2022	536103	120	146246	67017
May 04, 2022	510806	114	137222	47925
May 05, 2022	489650	122	125280	44225
May 06, 2022	472310	110	111461	40224
May 07, 2022	481166	62	86540	37958
May 08, 2022	457790	54	19748	29324
May 09, 2022	395394	132	25411	7354
May 10, 2022	374458	123	155579	56449
May 11, 2022	357517	96	103884	40299
May 12, 2022	344582	84	88293	36047
May 13, 2022	332541	98	80487	32773
May 14, 2022	339411	74	58856	30459
May 15, 2022	300178	21	13984	22844
May 16, 2022	276773	126	97403	5936
May 17, 2022	264871	90	67585	43727
May 18, 2022	273085	80	59670	29995
May 19, 2022	262228	67	52839	27842
May 20, 2022	238481	65	49415	24332
May 21, 2022	244230	44	36661	22507
May 22, 2022	234574	11	8737	16965
May 23, 2022	223407	82	66962	4386
May 24, 2022	203067	88	47843	32029
May 25, 2022	198353	51	44137	22006
May 26, 2022	194713	28	40173	21234
May 27, 2022	192159	45	37930	4811
May 28, 2022	186148	23	29279	23582
May 29, 2022	179727	14	7354	16440
May 30, 2022	177928	85	56412	4673
May 31, 2022	173364	76	40214	35142
Jun 01, 2022	170328	58	35971	26144
Jun 02, 2022	177314	41	32715	25365
Jun 03, 2022	174649	38	30418	25130
Jun 04, 2022	173742	34	22806	25172
Jun 05, 2022	172155	10	5936	20542
Jun 06, 2022	161651	9	43727	6184
Jun 07, 2022	164687	74	29942	11627
Jun 08, 2022	168589	77	27768	53802
Jun 09, 2022	173531	42	24255	40151
Jun 10, 2022	178821	39	-42	17152
Jun 11, 2022	181056	0	39433	0
Jun 12, 2022	182596	0	4386	79397
Jun 13, 2022	186778	92	32029	8474
Jun 14, 2022	194424	57	21914	65425
Jun 15, 2022	202830	49	21177	51954
Jun 16, 2022	211903	49	4762	53081
Jun 17, 2022	221172	43	23533	50605
Jun 18, 2022	228533	19	-43	50266
Jun 19, 2022	235598	3	16440	40125
Jun 20, 2022	246076	45	39793	11566
Jun 21, 2022	260622	56	26099	95217
Jun 22, 2022	278623	66	25309	77967
Jun 23, 2022	293892	40	25064	79852
Jun 24, 2022	307888	49	25132	79262
Jun 25, 2022	326190	30	-49	80926
Jun 26, 2022	337379	11	20542	66301
Jun 27, 2022	346775	48	17770	17601
Jun 28, 2022	365221	37	53754	147248
Jun 29, 2022	383685	48	40114	124724
Jun 30, 2022	401698	42	17104	133346
Jul 01, 2022	419326	52	-42	125066
Jul 02, 2022	430135	30	-52	122639
Jul 03, 2022	439244	14	79397	96191
Jul 04, 2022	454193	97	73899	24418
Jul 05, 2022	475044	75	51813	206554
Jul 06, 2022	493592	53	53006	154615
Jul 07, 2022	523174	89	50552	161265
Jul 08, 2022	538827	74	50177	140997
Jul 09, 2022	553291	39	-74	116405
Jul 10, 2022	561771	15	40125	110589
Jul 11, 2022	571550	108	106783	24343
Jul 12, 2022	586187	126	77805	182006
Jul 13, 2022	598201	109	79726	127642
Jul 14, 2022	590885	54	79153	119285
Jul 15, 2022	611859	108	80872	23027
Jul 16, 2022	616496	59	66193	124009
Jul 17, 2022	614408	26	17601	73668
Jul 18, 2022	611546	174	147163	17733
Jul 19, 2022	609250	144	124550	134188
Jul 20, 2022	604839	125	133202	89982
Jul 21, 2022	601245	133	124941	80869
Jul 22, 2022	598095	113	122506	74348
Jul 23, 2022	593584	57	96078	68532
Jul 24, 2022	582626	23	24418	50032
Jul 25, 2022	568687	130	206474	11195
Jul 26, 2022	556855	119	154485	87562
Jul 27, 2022	543879	103	161146	58638
Jul 28, 2022	507499	112	140894	51594
Jul 29, 2022	516702	89	116293	45515
Jul 30, 2022	503148	55	110500	41274
Jul 31, 2022	482626	20	24343	31535
Aug 01, 2022	457279	121	181931	7249
Aug 02, 2022	435636	101	127521	54519
Aug 03, 2022	415098	90	119184	38788
Aug 04, 2022	398029	87	22937	33799
Aug 05, 2022	380676	80	123922	30592
Aug 06, 2022	365924	45	73588	28518
Aug 07, 2022	346241	20	17733	21528
Aug 08, 2022	322944	109	134123	5090
Aug 09, 2022	304144	111	89873	38230
Aug 10, 2022	267091	88	80758	27081
Aug 11, 2022	273791	80	74260	24312
Aug 12, 2022	261602	74	68452	22638
Aug 13, 2022	251881	0	49958	21175
Aug 14, 2022	239108	0	11195	16347
Aug 15, 2022	225770	65	87562	4564
Aug 16, 2022	215501	113	58573	6331
Aug 17, 2022	204882	93	51481	35745
Aug 18, 2022	195789	92	45422	23605
Aug 19, 2022	188229	74	41182	20236
Aug 20, 2022	182294	40	31461	19870
Aug 21, 2022	174487	0	7249	14820
Aug 22, 2022	165383	76	54479	4012
Aug 23, 2022	159007	88	38712	28988
Aug 24, 2022	144159	57	33711	21289
Aug 25, 2022	149404	44	30535	19837
Aug 26, 2022	144750	51	28474	18116
Aug 27, 2022	140885	23	21477	17833
Aug 28, 2022	135546	9	5090	14110
Aug 29, 2022	129205	78	38198	3806
Aug 30, 2022	124733	72	27003	27358
Aug 31, 2022	114659	54	24240	19240
Sep 01, 2022	118780	41	22584	18646
Sep 02, 2022	116557	55	21134	16399
Sep 03, 2022	114907	14	16292	15597
Sep 04, 2022	111739	3	4564	12894
Sep 05, 2022	107970	67	6314	3443
Sep 06, 2022	105787	60	35678	26918
Sep 07, 2022	103609	46	23545	20142
Sep 08, 2022	101611	58	20190	19866
Sep 09, 2022	99991	31	19812	19087
Sep 10, 2022	99564	15	14789	19517
Sep 11, 2022	97426	6	4012	16422
Sep 12, 2022	95334	40	28967	4579
Sep 13, 2022	95069	49	21249	41850
Sep 14, 2022	95186	33	19788	33575
Sep 15, 2022	91869	33	18083	33263
Sep 16, 2022	97954	28	17800	28686
Sep 17, 2022	98781	11	14082	33162
Sep 18, 2022	98194	2	3806	23137
Sep 19, 2022	97345	58	27345	5219
Sep 20, 2022	98747	48	19182	51816
Sep 21, 2022	101999	33	18598	38250
Sep 22, 2022	105741	30	16366	38464
Sep 23, 2022	109072	33	15567	37524
Sep 24, 2022	112854	14	12861	38024
Sep 25, 2022	115095	8	3443	31365
Sep 26, 2022	117647	51	26896	7489
Sep 27, 2022	121012	40	20091	73639
Sep 28, 2022	124630	45	19826	53410
Sep 29, 2022	128752	33	19042	51366
Sep 30, 2022	129609	34	19484	48261
Oct 01, 2022	137030	17	16388	46596
Oct 02, 2022	139727	7	4579	37453
Oct 03, 2022	143747	62	41826	8690
Oct 04, 2022	150788	74	33513	89185
Oct 05, 2022	157434	47	33189	66564
Oct 06, 2022	160276	50	28639	65537
Oct 07, 2022	170139	53	33112	61121
Oct 08, 2022	175731	26	23084	57270
Oct 09, 2022	178369	8	5219	42626
Oct 10, 2022	181605	79	51782	9373
Oct 11, 2022	186913	85	38171	94753
Oct 12, 2022	191344	55	38379	67948
Oct 13, 2022	195384	62	37469	64218
Oct 14, 2022	199303	79	37962	58695
Oct 15, 2022	204444	35	31286	55394
Oct 16, 2022	206455	17	7489	41973
Oct 17, 2022	207974	112	73587	9421
Oct 18, 2022	210089	101	53298	87666
Oct 19, 2022	210787	106	51265	63031
Oct 20, 2022	211667	69	48155	56793
Oct 21, 2022	211873	81	46527	49087
Oct 22, 2022	213518	33	37372	43746
Oct 23, 2022	211353	17	8690	31470
Oct 24, 2022	209062	122	89135	6907
Oct 25, 2022	208741	131	66442	59653
Oct 26, 2022	209420	60	65406	41185
Oct 27, 2022	205861	71	61061	37089
Oct 28, 2022	192775	61	57199	25783
Oct 29, 2022	195808	41	42565	22723
Oct 30, 2022	190132	9	9373	16456
Oct 31, 2022	182644	112	94703	3768
Nov 01, 2022	176788	53	67836	29525
Nov 02, 2022	171082	97	64165	5691
Nov 03, 2022	165659	55	58598	42025
Nov 04, 2022	153262	78	55339	29438
Nov 05, 2022	157283	34	41895	26840
Nov 06, 2022	151314	9	0	21178
Nov 07, 2022	144037	109	97044	3645
Nov 08, 2022	138829	117	62922	40591
Nov 09, 2022	133838	72	56676	28702
Nov 10, 2022	129240	53	49015	27068
Nov 11, 2022	124439	33	43693	26353
Nov 12, 2022	120832	15	31437	5577
Nov 13, 2022	116279	2	6907	27155
Nov 14, 2022	109162	100	59636	6017
Nov 15, 2022	104810	110	41085	48971
Nov 16, 2022	100709	71	36979	34878
Nov 17, 2022	97361	87	25712	33331
Nov 18, 2022	94077	74	22636	37177
Nov 19, 2022	91843	75	16382	47088
Nov 20, 2022	89283	6	3768	14204
Nov 21, 2022	85323	94	29444	29335
Nov 22, 2022	83577	89	5597	64772
Nov 23, 2022	81898	84	41936	49188
Nov 24, 2022	80603	60	-84	50530
Nov 25, 2022	75907	68	56218	48629
Nov 26, 2022	78812	29	21110	48331
Nov 27, 2022	77052	8	3645	37675
Nov 28, 2022	75327	95	40554	9304
Nov 29, 2022	75385	88	28607	91814
Nov 30, 2022	75717	91	26980	68382
Dec 01, 2022	75982	76	26262	69253
Dec 02, 2022	76332	67	5501	59008
Dec 03, 2022	77252	38	27088	52908
Dec 04, 2022	77134	10	6017	40006
Dec 05, 2022	76559	104	48923	10591
Dec 06, 2022	78001	117	34774	105516
Dec 07, 2022	79620	93	33214	75752
Dec 08, 2022	81568	62	37084	71597
Dec 09, 2022	83155	94	47026	65509
Dec 10, 2022	84872	62	14110	61482
Dec 11, 2022	85340	30	29335	46422
Dec 12, 2022	85984	167	64680	10878
Dec 13, 2022	89387	138	49021	97037
Dec 14, 2022	93176	114	50392	70224
Dec 15, 2022	96584	106	48515	62541
Dec 16, 2022	99851	131	48225	56361
Dec 17, 2022	100557	45	37544	52544
Dec 18, 2022	105728	35	9304	37264
Dec 19, 2022	107465	178	91734	8213
Dec 20, 2022	112630	130	68204	71212
Dec 21, 2022	117544	127	69123	54613
Dec 22, 2022	121927	120	58881	49517
Dec 23, 2022	123256	158	52788	43766
Dec 24, 2022	129426	58	39848	40744
Dec 25, 2022	129981	24	0	23681
Dec 26, 2022	128918	133	10591	5429
Dec 27, 2022	129363	208	105516	30989
Dec 28, 2022	131859	140	147349	26081
Dec 29, 2022	136663	132	64946	24436
Dec 30, 2022	140669	115	61350	23808
Dec 31, 2022	143902	52	46307	21836
Jan 01, 2023	144259	28	10878	15005
Jan 02, 2023	142475	172	96957	2246
Jan 03, 2023	142200	163	70052	22916
Jan 04, 2023	143161	123	62378	14105
Jan 05, 2023	144107	143	56238	11537
Jan 06, 2023	144477	126	52401	10383
Jan 07, 2023	140103	54	37264	8961
Jan 08, 2023	144569	22	8213	6557
Jan 09, 2023	140328	145	71010	1702
Jan 10, 2023	136718	115	54468	11715
Jan 11, 2023	133212	88	49402	7635
Jan 12, 2023	129695	53	43678	7159
Jan 13, 2023	121344	101	40691	6238
Jan 14, 2023	123590	27	23580	5429
Jan 15, 2023	119231	9	5429	4166
Jan 16, 2023	111942	80	30953	1235
Jan 17, 2023	105827	99	26001	8381
Jan 18, 2023	100173	82	24337	5894
Jan 19, 2023	89602	64	23726	4992
Jan 20, 2023	91547	44	21772	4475
Jan 21, 2023	85508	54	14961	4324
Jan 22, 2023	87991	9	2246	3477
Jan 23, 2023	84884	134	22853	1027
Jan 24, 2023	80864	59	13971	7263
Jan 25, 2023	75144	0	11478	5347
Jan 26, 2023	70023	28	10383	5287
Jan 27, 2023	66376	44	8933	4681
Jan 28, 2023	60813	0	6513	4513
Jan 29, 2023	63622	0	1702	3802
Jan 30, 2023	60962	96	11715	982
Jan 31, 2023	58197	57	7539	6860
Feb 01, 2023	56109	53	7102	4506
Feb 02, 2023	54851	52	6185	4021
Feb 03, 2023	54175	28	0	3618
Feb 04, 2023	51573	21	5429	3312
Feb 05, 2023	54581	0	4166	2632
Feb 06, 2023	53771	40	9616	718
Feb 07, 2023	54594	42	5753	4999
Feb 08, 2023	55606	31	4950	3991
Feb 09, 2023	56747	17	4444	3653
Feb 10, 2023	57937	20	4307	3366
Feb 11, 2023	57839	0	3457	3187
Feb 12, 2023	60961	0	1027	2469
Feb 13, 2023	61524	50	7263	706
Feb 14, 2023	64162	35	5297	4986
Feb 15, 2023	66676	35	5252	3972
Feb 16, 2023	68837	27	4646	4021
Feb 17, 2023	69667	28	4486	3589
Feb 18, 2023	74339	0	3774	4236
Feb 19, 2023	75505	0	982	2999
Feb 20, 2023	76502	47	6860	898
Feb 21, 2023	78577	32	4459	5774
Feb 22, 2023	80596	38	3989	4584
Feb 23, 2023	82216	19	3580	4489
Feb 24, 2023	83474	29	3293	3917
Feb 25, 2023	84850	0	2603	3843
Feb 26, 2023	85060	0	718	2942
Feb 27, 2023	84591	52	4999	841
Feb 28, 2023	85716	34	3939	5651
Mar 01, 2023	86734	25	3619	4525
Mar 02, 2023	87819	21	3341	4196
Mar 03, 2023	86328	21	3166	3194
Mar 04, 2023	90372	0	2448	4013
Mar 05, 2023	90285	0	0	0
Mar 06, 2023	89721	43	5692	953
Mar 07, 2023	91033	0	-43	0
Mar 08, 2023	92225	0	3972	0
Mar 09, 2023	90307	0	4021	0
Mar 10, 2023	95265	90	7825	6188
Mar 11, 2023	96634	0	2909	6072
Mar 12, 2023	96795	0	898	4558
Mar 13, 2023	96292	50	5774	1235
Mar 14, 2023	97424	27	4534	9937
Mar 15, 2023	98726	24	4462	8348
Mar 16, 2023	99240	24	3893	7932
Mar 17, 2023	100018	26	3819	7228
Mar 18, 2023	101710	0	2916	7210
Mar 19, 2023	101394	0	841	5459
Mar 20, 2023	100560	63	5651	1470
Mar 21, 2023	101117	35	4462	11519
Mar 22, 2023	102145	13	4161	9762
Mar 23, 2023	103192	29	3181	9249
Mar 24, 2023	101508	15	3984	8839
Mar 25, 2023	106486	0	-15	8435
Mar 26, 2023	106326	0	953	6211
Mar 27, 2023	105393	65	0	7
Mar 28, 2023	105539	39	-65	12933
Mar 29, 2023	105406	36	-39	10885
Mar 30, 2023	105562	0	-36	0
Mar 31, 2023	105485	69	12260	9211
Apr 01, 2023	105681	0	4489	8455
Apr 02, 2023	104796	0	1235	6027
Apr 03, 2023	102620	58	9937	1453
Apr 04, 2023	100863	0	-58	0
Apr 05, 2023	98994	58	16280	9922
Apr 06, 2023	97654	35	7170	9374
Apr 07, 2023	96380	28	7175	8786
Apr 08, 2023	95129	0	5431	7739
Apr 09, 2023	92855	0	1470	6474
Apr 10, 2023	89864	0	11519	1342
Apr 11, 2023	89367	0	9762	1884
Apr 12, 2023	91931	59	9249	14207
Apr 13, 2023	94200	0	8780	10678
Apr 14, 2023	96250	108	8435	9467
Apr 15, 2023	97932	0	6103	8595
Apr 16, 2023	99300	0	7	5805
Apr 17, 2023	101210	0	12933	1411
Apr 18, 2023	103479	140	10885	10616
Apr 19, 2023	105423	0	-140	8807
Apr 20, 2023	107227	0	9211	8201
Apr 21, 2023	108820	125	8455	7400
Apr 22, 2023	63302	0	5902	6796
Apr 23, 2023	61054	0	1453	5008
Apr 24, 2023	58159	0	0	1185
Apr 25, 2023	56033	136	9922	8895
Apr 26, 2023	53919	0	9238	7490
Apr 27, 2023	52158	0	8786	6609
Apr 28, 2023	50916	131	7739	6144
Apr 29, 2023	50031	0	6343	5642
Apr 30, 2023	48817	0	1342	4030
May 01, 2023	44968	0	1884	1098
May 02, 2023	47936	89	14207	1065
May 03, 2023	47242	0	10589	8715
May 04, 2023	46587	0	9467	6161
May 05, 2023	46324	166	8595	5505
May 06, 2023	45881	0	5639	5103
May 07, 2023	44989	0	1411	3301
May 08, 2023	43698	0	10616	759
May 09, 2023	42475	51	8807	1044
May 10, 2023	41684	0	8150	6708
May 11, 2023	40953	0	0	0
May 12, 2023	40488	108	14196	9003
May 13, 2023	40071	0	4900	3706
May 14, 2023	38987	0	1185	2563
May 15, 2023	38125	0	8895	623
May 16, 2023	37697	82	7490	5118
May 17, 2023	37804	0	6527	4149
May 18, 2023	38866	0	0	0
May 19, 2023	39884	0	6144	0
May 20, 2023	40778	0	5642	0
May 21, 2023	35376	0	4030	0
May 22, 2023	34399	76	2163	677
May 23, 2023	33757	79	8639	5901
May 24, 2023	33119	0	6082	4905
May 25, 2023	32457	0	5505	4220
May 26, 2023	31832	56	5103	3724
May 27, 2023	31221	0	3245	3317
May 28, 2023	30418	0	759	2284
May 29, 2023	29276	0	1044	592
May 30, 2023	28129	48	6708	902
May 31, 2023	27316	0	-48	5210
Jun 01, 2023	26606	0	9003	3735
Jun 02, 2023	26033	62	3706	3204
Jun 03, 2023	25648	0	2501	2797
Jun 04, 2023	23701	0	623	2082
Jun 05, 2023	24729	0	5118	443
Jun 06, 2023	24021	51	4149	3590
Jun 07, 2023	23443	0	-51	2762
Jun 08, 2023	22890	0	0	2603
Jun 09, 2023	22479	56	0	2357
Jun 10, 2023	22140	0	-56	2135
Jun 11, 2023	21445	0	677	1282
Jun 12, 2023	20765	0	5901	332
Jun 13, 2023	20263	28	4905	2631
Jun 14, 2023	19734	0	4192	2069
Jun 15, 2023	19203	0	3724	545
Jun 16, 2023	18709	40	3317	2895
Jun 17, 2023	18317	0	2244	1482
Jun 18, 2023	17750	0	592	1080
Jun 19, 2023	17060	0	902	270
Jun 20, 2023	16569	45	5210	2071
Jun 21, 2023	16458	0	3690	1702
Jun 22, 2023	16850	0	3204	1420
Jun 23, 2023	17239	23	2797	1232
Jun 24, 2023	17550	0	2059	1217
Jun 25, 2023	17822	0	443	776
Jun 26, 2023	18134	0	3590	213
Jun 27, 2023	18471	26	2762	1680
Jun 28, 2023	18783	0	2577	1148
Jun 29, 2023	19115	0	2357	1106
Jun 30, 2023	19390	0	2135	1106
Jul 01, 2023	19641	0	0	0
Jul 02, 2023	19867	0	1282	0
Jul 03, 2023	20153	0	332	0
Jul 04, 2023	20535	0	2631	0
Jul 05, 2023	10049	0	2069	0
Jul 06, 2023	9796	0	545	0
Jul 07, 2023	9618	0	2895	0
Jul 08, 2023	9586	0	1482	0
Jul 09, 2023	9349	0	1080	0
Jul 10, 2023	9106	0	270	0
Jul 11, 2023	9019	0	2071	0
Jul 12, 2023	8998	0	1702	0
Jul 13, 2023	9026	0	1420	0
Jul 14, 2023	9099	0	1232	0
Jul 15, 2023	9111	0	1217	0
Jul 16, 2023	9111	0	776	0
Jul 17, 2023	9151	0	213	0
Jul 18, 2023	9481	0	1680	0
Jul 19, 2023	10069	0	1148	0
Jul 20, 2023	10000	0	1106	0
Jul 21, 2023	10251	0	1106	0
Jul 22, 2023	10471	0	0	0
Jul 23, 2023	10600	0	0	0
Jul 24, 2023	10801	0	0	0
Jul 25, 2023	11185	0	0	0
Jul 26, 2023	11600	0	0	0
Jul 27, 2023	12028	0	0	0
Jul 28, 2023	12464	0	0	0
Jul 29, 2023	12959	0	0	0
Jul 30, 2023	13373	0	0	0
Jul 31, 2023	13880	0	0	0
Aug 01, 2023	14621	0	0	0
Aug 02, 2023	15528	0	0	0
Aug 03, 2023	16369	0	0	0
Aug 04, 2023	16257	0	0	0
Aug 05, 2023	16813	0	0	0
Aug 06, 2023	17159	0	0	0
Aug 07, 2023	17602	0	0	0
Aug 08, 2023	18274	0	0	0
Aug 09, 2023	19076	0	0	0
Aug 10, 2023	19838	0	0	0
Aug 11, 2023	20604	0	0	0
Aug 12, 2023	20885	0	0	0
Aug 13, 2023	21971	0	0	0
Aug 14, 2023	22495	0	0	0
Aug 15, 2023	23207	0	0	0
Aug 16, 2023	23964	0	0	0
Aug 17, 2023	24665	0	0	0
Aug 18, 2023	25382	0	0	0
Aug 19, 2023	26067	0	0	0
Aug 20, 2023	26502	0	0	0
Aug 21, 2023	26195	0	0	0
Aug 22, 2023	27632	0	0	0
Aug 23, 2023	28319	0	0	0
Aug 24, 2023	28225	0	0	0
Aug 25, 2023	29551	0	0	0
Aug 26, 2023	30013	0	0	0
Aug 27, 2023	30156	0	0	0
Aug 28, 2023	30270	0	0	0
Aug 29, 2023	30624	0	0	0
Aug 30, 2023	31322	0	0	0
Aug 31, 2023	32229	0	0	0
Sep 01, 2023	33103	0	0	0
Sep 02, 2023	34069	0	0	0
Sep 03, 2023	34654	0	0	0
Sep 04, 2023	35385	0	0	0
Sep 05, 2023	36426	0	0	0
Sep 06, 2023	37457	0	0	0
Sep 07, 2023	38523	0	0	0
Sep 08, 2023	39069	0	0	0
Sep 09, 2023	39787	0	0	0
Sep 10, 2023	40156	0	0	0
Sep 11, 2023	40544	0	0	0
Sep 12, 2023	41294	0	0	0
Sep 13, 2023	41861	0	0	0
Sep 14, 2023	42272	0	0	0
Sep 15, 2023	42782	0	0	0
Sep 16, 2023	43278	0	0	0
Sep 17, 2023	43528	0	0	0
Sep 18, 2023	42412	0	0	0
Sep 19, 2023	44544	0	0	0
Sep 20, 2023	45348	0	0	0
Sep 21, 2023	46113	0	0	0
Sep 22, 2023	46887	0	0	0
Sep 23, 2023	47704	0	0	0
Sep 24, 2023	48281	0	0	0
Sep 25, 2023	49099	0	0	0
Sep 26, 2023	50203	0	0	0
Sep 27, 2023	51341	0	0	0
Sep 28, 2023	52466	0	0	0
Sep 29, 2023	53250	0	0	0
Sep 30, 2023	54017	0	0	0
Oct 01, 2023	54227	0	0	0
Oct 02, 2023	54850	0	0	0
Oct 03, 2023	55909	0	0	0
Oct 04, 2023	57536	0	0	0
Oct 05, 2023	59990	0	0	0
Oct 06, 2023	56534	0	0	0
Oct 07, 2023	57187	0	0	0
Oct 08, 2023	57127	0	0	0
Oct 09, 2023	56519	0	0	0
Oct 10, 2023	57532	0	0	0
Oct 11, 2023	57880	0	0	0
Oct 12, 2023	58058	0	0	0
Oct 13, 2023	58050	0	0	0
Oct 14, 2023	58120	0	0	0
Oct 15, 2023	57473	0	0	0
Oct 16, 2023	56525	0	0	0
Oct 17, 2023	55803	0	0	0
Oct 18, 2023	55107	0	0	0
Oct 19, 2023	52676	0	0	0
Oct 20, 2023	54295	0	0	0
Oct 21, 2023	53698	0	0	0
Oct 22, 2023	52398	0	0	0
Oct 23, 2023	50626	0	0	0
Oct 24, 2023	48888	0	0	0
Oct 25, 2023	47194	0	0	0
Oct 26, 2023	43411	0	0	0
Oct 27, 2023	44581	0	0	0
Oct 28, 2023	43450	0	0	0
Oct 29, 2023	41649	0	0	0
Oct 30, 2023	39804	0	0	0
Oct 31, 2023	38116	0	0	0
Nov 01, 2023	36583	0	0	0
Nov 02, 2023	35165	0	0	0
Nov 03, 2023	33816	0	0	0
Nov 04, 2023	30770	0	0	0
Nov 05, 2023	31551	0	0	0
Nov 06, 2023	29249	0	0	0
Nov 07, 2023	27171	0	0	0
Nov 08, 2023	25221	0	0	0
Nov 09, 2023	22130	0	0	0
Nov 10, 2023	22440	0	0	0
Nov 11, 2023	21310	0	0	0
Nov 12, 2023	24955	0	0	0
Nov 13, 2023	23475	0	0	0
Nov 14, 2023	22050	0	0	0
Nov 15, 2023	20635	0	0	0
Nov 16, 2023	19284	0	0	0
Nov 17, 2023	18106	0	0	0
Nov 18, 2023	17231	0	0	0
Nov 19, 2023	21452	0	0	0
Nov 20, 2023	20260	0	0	0
Nov 21, 2023	19089	0	0	0
Nov 22, 2023	18062	0	0	0
Nov 23, 2023	17258	0	0	0
Nov 24, 2023	16297	0	0	0
Nov 25, 2023	14672	0	0	0
Nov 26, 2023	19792	0	0	0
Nov 27, 2023	18750	0	0	0
Nov 28, 2023	17781	0	0	0
Nov 29, 2023	16902	0	0	0
Nov 30, 2023	16080	0	0	0
Dec 01, 2023	15328	0	0	0
Dec 02, 2023	14734	0	0	0
Dec 03, 2023	19394	0	0	0
Dec 04, 2023	18605	0	0	0
Dec 05, 2023	17808	0	0	0
Dec 06, 2023	17122	0	0	0
Dec 07, 2023	16707	0	0	0
Dec 08, 2023	16539	0	0	0
Dec 09, 2023	16315	0	0	0
Dec 10, 2023	23370	0	0	0
Dec 11, 2023	22750	0	0	0
Dec 12, 2023	22373	0	0	0
Dec 13, 2023	22373	0	0	0
Dec 14, 2023	22373	0	0	0
Dec 15, 2023	22373	0	0	0
Dec 16, 2023	22373	0	0	0
Dec 17, 2023	31844	0	0	0
Dec 18, 2023	31844	0	0	0
Dec 19, 2023	31844	0	0	0
Dec 20, 2023	31844	0	0	0
Dec 21, 2023	31844	0	0	0
Dec 22, 2023	31844	0	0	0
Dec 23, 2023	31844	0	0	0
Dec 24, 2023	42534	0	0	0
Dec 25, 2023	42534	0	0	0
Dec 26, 2023	42534	0	0	0
Dec 27, 2023	42534	0	0	0
Dec 28, 2023	42534	0	0	0
Dec 29, 2023	42534	0	0	0
Dec 30, 2023	42534	0	0	0
Dec 31, 2023	52625	0	0	0
Jan 01, 2024	52625	0	0	0
Jan 02, 2024	52625	0	0	0
Jan 03, 2024	52625	0	0	0
Jan 04, 2024	52625	0	0	0
Jan 05, 2024	52625	0	0	0
Jan 06, 2024	52625	0	0	0
Jan 07, 2024	61446	0	0	0
Jan 08, 2024	61446	0	0	0
Jan 09, 2024	61446	0	0	0
Jan 10, 2024	61446	0	0	0
Jan 11, 2024	61446	0	0	0
Jan 12, 2024	61446	0	0	0
Jan 13, 2024	61446	0	0	0
Jan 14, 2024	68188	0	0	0
Jan 15, 2024	68188	0	0	0
Jan 16, 2024	68188	0	0	0
Jan 17, 2024	36566	0	0	0
Jan 18, 2024	36566	0	0	0
Jan 19, 2024	36566	0	0	0
Jan 20, 2024	26275	0	0	0
Jan 21, 2024	32823	0	0	0
Jan 22, 2024	32468	0	0	0
Jan 23, 2024	32468	0	0	0
Jan 24, 2024	32468	0	0	0
Jan 25, 2024	32468	0	0	0
Jan 26, 2024	32468	0	0	0
Jan 27, 2024	22692	0	0	0
Jan 28, 2024	28809	0	0	0
Jan 29, 2024	28565	0	0	0
Jan 30, 2024	28565	0	0	0
Jan 31, 2024	28565	0	0	0
Feb 01, 2024	28565	0	0	0
Feb 02, 2024	28565	0	0	0
Feb 03, 2024	19923	0	0	0
Feb 04, 2024	25039	0	0	0
Feb 05, 2024	25039	0	0	0
Feb 06, 2024	25039	0	0	0
Feb 07, 2024	25039	0	0	0
Feb 08, 2024	25039	0	0	0
Feb 09, 2024	25039	0	0	0
Feb 10, 2024	18447	0	0	0
Feb 11, 2024	22461	0	0	0
Feb 12, 2024	22461	0	0	0
Feb 13, 2024	22461	0	0	0
Feb 14, 2024	22461	0	0	0
Feb 15, 2024	22461	0	0	0
Feb 16, 2024	22461	0	0	0
Feb 17, 2024	15739	0	0	0
Feb 18, 2024	18577	0	0	0
Feb 19, 2024	18577	0	0	0
Feb 20, 2024	18121	0	0	0
Feb 21, 2024	18121	0	0	0
Feb 22, 2024	18121	0	0	0
Feb 23, 2024	18121	0	0	0
Feb 24, 2024	11566	0	0	0
Feb 25, 2024	13487	0	0	0
Feb 26, 2024	13487	0	0	0
Feb 27, 2024	13487	0	0	0
Feb 28, 2024	13411	0	0	0
Feb 29, 2024	13411	0	0	0
Mar 01, 2024	13411	0	0	0
Mar 02, 2024	8280	0	0	0
Mar 03, 2024	9682	0	0	0
Mar 04, 2024	9682	0	0	0
Mar 05, 2024	9682	0	0	0
Mar 06, 2024	9682	0	0	0
Mar 07, 2024	9682	0	0	0
Mar 08, 2024	9682	0	0	0
Mar 09, 2024	5755	0	0	0
Mar 10, 2024	5755	0	0	0
Mar 11, 2024	5755	0	0	0
Mar 12, 2024	5755	0	0	0
Mar 13, 2024	5755	0	0	0
Mar 14, 2024	5755	0	0	0
Mar 15, 2024	5755	0	0	0
Mar 16, 2024	5755	0	0	0
Mar 17, 2024	5755	0	0	0
Mar 18, 2024	5755	0	0	0
Mar 19, 2024	5755	0	0	0
Mar 20, 2024	5755	0	0	0
Mar 21, 2024	5755	0	0	0
Mar 22, 2024	5755	0	0	0
Mar 23, 2024	5755	0	0	0
Mar 24, 2024	5755	0	0	0
Mar 25, 2024	5755	0	0	0
Mar 26, 2024	1402	0	0	0
