Feb 15, 2020	0	null	0	0
Feb 16, 2020	0	null	0	0
Feb 17, 2020	0	null	0	0
Feb 18, 2020	0	null	0	0
Feb 19, 2020	0	null	0	0
Feb 20, 2020	0	null	0	0
Feb 21, 2020	0	null	0	0
Feb 22, 2020	0	null	0	0
Feb 23, 2020	0	null	0	0
Feb 24, 2020	0	null	0	0
Feb 25, 2020	0	null	0	0
Feb 26, 2020	0	null	0	0
Feb 27, 2020	0	null	0	0
Feb 28, 2020	0	null	0	0
Feb 29, 2020	0	null	0	0
Mar 01, 2020	0	null	0	0
Mar 02, 2020	0	null	0	0
Mar 03, 2020	1	null	0	0
Mar 04, 2020	1	0	0	0
Mar 05, 2020	1	0	0	0
Mar 06, 2020	1	0	0	0
Mar 07, 2020	1	0	0	0
Mar 08, 2020	1	0	0	0
Mar 09, 2020	1	0	0	0
Mar 10, 2020	1	0	0	0
Mar 11, 2020	1	0	0	0
Mar 12, 2020	3	0	0	0
Mar 13, 2020	2	1	0	0
Mar 14, 2020	2	0	0	0
Mar 15, 2020	2	0	0	0
Mar 16, 2020	6	0	0	0
Mar 17, 2020	12	1	0	0
Mar 18, 2020	14	0	0	0
Mar 19, 2020	23	1	0	0
Mar 20, 2020	37	0	0	0
Mar 21, 2020	43	0	0	0
Mar 22, 2020	69	0	0	0
Mar 23, 2020	69	0	0	0
Mar 24, 2020	98	0	0	0
Mar 25, 2020	139	2	0	0
Mar 26, 2020	190	0	0	0
Mar 27, 2020	300	0	0	0
Mar 28, 2020	342	4	0	0
Mar 29, 2020	459	1	0	0
Mar 30, 2020	527	3	0	0
Mar 31, 2020	618	4	0	0
Apr 01, 2020	761	3	0	0
Apr 02, 2020	856	2	0	0
Apr 03, 2020	1023	5	0	0
Apr 04, 2020	1168	5	0	0
Apr 05, 2020	1243	5	0	0
Apr 06, 2020	1253	1	0	0
Apr 07, 2020	1389	7	0	0
Apr 08, 2020	1581	7	0	0
Apr 09, 2020	1790	5	0	0
Apr 10, 2020	2073	12	0	0
Apr 11, 2020	2359	4	0	0
Apr 12, 2020	2605	10	0	0
Apr 13, 2020	2912	10	0	0
Apr 14, 2020	3155	5	0	0
Apr 15, 2020	3513	10	0	0
Apr 16, 2020	3859	8	0	0
Apr 17, 2020	4291	9	0	0
Apr 18, 2020	4698	8	0	0
Apr 19, 2020	4961	8	0	0
Apr 20, 2020	5200	10	0	0
Apr 21, 2020	5597	10	0	0
Apr 22, 2020	5994	13	0	0
Apr 23, 2020	6479	13	0	0
Apr 24, 2020	6853	6	0	0
Apr 25, 2020	7142	8	0	0
Apr 26, 2020	7568	8	0	0
Apr 27, 2020	7925	11	0	0
Apr 28, 2020	8179	19	0	0
Apr 29, 2020	8513	11	0	0
Apr 30, 2020	8907	11	0	0
May 01, 2020	9176	11	0	0
May 02, 2020	9634	7	0	0
May 03, 2020	10077	9	0	0
May 04, 2020	10409	15	0	0
May 05, 2020	10506	13	0	0
May 06, 2020	10760	11	0	0
May 07, 2020	10955	13	0	0
May 08, 2020	11128	21	0	0
May 09, 2020	11425	15	0	0
May 10, 2020	11781	15	0	0
May 11, 2020	11952	17	0	0
May 12, 2020	12225	17	0	0
May 13, 2020	12270	14	0	0
May 14, 2020	12248	17	0	0
May 15, 2020	12381	20	0	0
May 16, 2020	12455	21	0	0
May 17, 2020	12661	17	0	0
May 18, 2020	12805	21	0	0
May 19, 2020	12696	13	0	0
May 20, 2020	12711	16	0	0
May 21, 2020	12900	15	0	0
May 22, 2020	12975	9	0	0
May 23, 2020	13046	17	0	0
May 24, 2020	13261	12	0	0
May 25, 2020	13388	6	0	0
May 26, 2020	13365	21	0	0
May 27, 2020	13252	14	0	0
May 28, 2020	13274	11	0	0
May 29, 2020	13198	10	0	0
May 30, 2020	13197	17	0	0
May 31, 2020	13426	12	0	0
Jun 01, 2020	13604	10	0	0
Jun 02, 2020	13535	9	0	0
Jun 03, 2020	13648	8	0	0
Jun 04, 2020	13622	12	0	0
Jun 05, 2020	13830	15	0	0
Jun 06, 2020	13925	15	0	0
Jun 07, 2020	14157	11	0	0
Jun 08, 2020	14470	9	0	0
Jun 09, 2020	14634	13	0	0
Jun 10, 2020	14779	23	0	0
Jun 11, 2020	15075	21	0	0
Jun 12, 2020	15316	16	0	0
Jun 13, 2020	15650	10	0	0
Jun 14, 2020	16183	9	0	0
Jun 15, 2020	16656	12	0	0
Jun 16, 2020	17036	11	0	0
Jun 17, 2020	17348	31	0	0
Jun 18, 2020	17650	23	0	0
Jun 19, 2020	17966	19	0	0
Jun 20, 2020	18425	9	0	0
Jun 21, 2020	19049	8	0	0
Jun 22, 2020	19587	10	0	0
Jun 23, 2020	20083	23	0	0
Jun 24, 2020	20554	16	0	0
Jun 25, 2020	21183	16	0	0
Jun 26, 2020	21732	19	0	0
Jun 27, 2020	22254	24	0	0
Jun 28, 2020	22919	19	0	0
Jun 29, 2020	23454	18	0	0
Jun 30, 2020	24060	12	0	0
Jul 01, 2020	24277	14	0	0
Jul 02, 2020	24649	12	0	0
Jul 03, 2020	24993	27	0	0
Jul 04, 2020	25335	15	0	0
Jul 05, 2020	25875	22	0	0
Jul 06, 2020	26078	13	0	0
Jul 07, 2020	26131	21	0	0
Jul 08, 2020	25989	23	0	0
Jul 09, 2020	26113	21	0	0
Jul 10, 2020	25898	18	0	0
Jul 11, 2020	25810	27	0	0
Jul 12, 2020	26020	11	0	0
Jul 13, 2020	26232	15	0	0
Jul 14, 2020	26205	14	0	0
Jul 15, 2020	26049	15	0	0
Jul 16, 2020	26079	18	0	0
Jul 17, 2020	26039	11	0	0
Jul 18, 2020	26109	21	0	0
Jul 19, 2020	26478	8	0	0
Jul 20, 2020	26556	13	0	0
Jul 21, 2020	26449	20	0	0
Jul 22, 2020	26289	16	0	0
Jul 23, 2020	26300	17	0	0
Jul 24, 2020	26366	20	0	0
Jul 25, 2020	26842	19	0	0
Jul 26, 2020	27437	15	0	0
Jul 27, 2020	27928	11	0	0
Jul 28, 2020	28202	13	0	0
Jul 29, 2020	28553	21	0	0
Jul 30, 2020	28967	23	0	0
Jul 31, 2020	29439	20	0	0
Aug 01, 2020	30039	16	0	0
Aug 02, 2020	30900	16	0	0
Aug 03, 2020	31544	13	0	0
Aug 04, 2020	31842	26	0	0
Aug 05, 2020	32175	24	0	0
Aug 06, 2020	32465	31	0	0
Aug 07, 2020	33354	33	0	0
Aug 08, 2020	34216	27	0	0
Aug 09, 2020	35080	18	0	0
Aug 10, 2020	35676	25	0	0
Aug 11, 2020	36230	29	0	0
Aug 12, 2020	36892	19	0	0
Aug 13, 2020	37932	22	0	0
Aug 14, 2020	39064	19	0	0
Aug 15, 2020	40245	33	0	0
Aug 16, 2020	41464	26	0	0
Aug 17, 2020	42567	19	0	0
Aug 18, 2020	43395	27	0	0
Aug 19, 2020	44522	28	0	0
Aug 20, 2020	45912	40	0	0
Aug 21, 2020	47358	23	0	0
Aug 22, 2020	48992	37	0	0
Aug 23, 2020	50449	27	0	0
Aug 24, 2020	49940	22	0	0
Aug 25, 2020	53227	25	0	0
Aug 26, 2020	54277	36	0	0
Aug 27, 2020	55439	49	0	0
Aug 28, 2020	56963	48	0	0
Aug 29, 2020	58348	41	0	0
Aug 30, 2020	59813	35	0	0
Aug 31, 2020	61544	30	0	0
Sep 01, 2020	62887	48	0	0
Sep 02, 2020	64325	51	0	0
Sep 03, 2020	65842	54	0	0
Sep 04, 2020	67577	51	0	0
Sep 05, 2020	69327	50	0	0
Sep 06, 2020	70821	35	0	0
Sep 07, 2020	72585	31	0	0
Sep 08, 2020	73999	57	0	0
Sep 09, 2020	75348	45	0	0
Sep 10, 2020	76712	44	0	0
Sep 11, 2020	78675	53	0	0
Sep 12, 2020	80365	72	0	0
Sep 13, 2020	82264	30	0	0
Sep 14, 2020	84043	33	0	0
Sep 15, 2020	85628	53	0	0
Sep 16, 2020	86996	76	0	0
Sep 17, 2020	88931	60	0	0
Sep 18, 2020	90518	68	0	0
Sep 19, 2020	92442	48	0	0
Sep 20, 2020	94609	41	0	0
Sep 21, 2020	96586	26	0	0
Sep 22, 2020	97694	59	0	0
Sep 23, 2020	99359	63	0	0
Sep 24, 2020	100891	52	0	0
Sep 25, 2020	102711	70	0	0
Sep 26, 2020	104728	76	0	0
Sep 27, 2020	106793	56	0	0
Sep 28, 2020	108856	37	0	0
Sep 29, 2020	110617	69	0	0
Sep 30, 2020	112470	64	0	0
Oct 01, 2020	114392	64	0	0
Oct 02, 2020	116809	68	0	0
Oct 03, 2020	119232	92	0	0
Oct 04, 2020	121958	44	0	0
Oct 05, 2020	124554	33	0	0
Oct 06, 2020	126663	90	0	0
Oct 07, 2020	128770	77	0	0
Oct 08, 2020	131811	93	0	0
Oct 09, 2020	135109	89	0	0
Oct 10, 2020	138809	108	0	0
Oct 11, 2020	142555	85	0	0
Oct 12, 2020	146029	43	0	0
Oct 13, 2020	148903	107	0	0
Oct 14, 2020	152249	107	0	0
Oct 15, 2020	156287	73	0	0
Oct 16, 2020	159904	106	0	0
Oct 17, 2020	164011	109	0	0
Oct 18, 2020	167888	90	0	0
Oct 19, 2020	171476	66	0	0
Oct 20, 2020	173788	113	0	0
Oct 21, 2020	177680	141	0	0
Oct 22, 2020	181938	116	0	0
Oct 23, 2020	186654	121	0	0
Oct 24, 2020	191366	125	0	0
Oct 25, 2020	195599	102	0	0
Oct 26, 2020	199923	73	0	0
Oct 27, 2020	203675	126	0	0
Oct 28, 2020	207678	165	0	0
Oct 29, 2020	211917	113	0	0
Oct 30, 2020	216662	173	0	0
Oct 31, 2020	221357	155	0	0
Nov 01, 2020	226693	110	0	0
Nov 02, 2020	231051	69	0	0
Nov 03, 2020	234693	157	0	0
Nov 04, 2020	236482	199	0	0
Nov 05, 2020	237761	193	0	0
Nov 06, 2020	236519	201	0	0
Nov 07, 2020	238393	187	0	0
Nov 08, 2020	245015	138	0	0
Nov 09, 2020	251310	115	0	0
Nov 10, 2020	255784	191	0	0
Nov 11, 2020	259402	191	0	0
Nov 12, 2020	264026	198	0	0
Nov 13, 2020	269486	172	0	0
Nov 14, 2020	276857	191	0	0
Nov 15, 2020	284810	95	0	0
Nov 16, 2020	291795	94	0	0
Nov 17, 2020	296818	159	0	0
Nov 18, 2020	300962	256	0	0
Nov 19, 2020	306662	257	0	0
Nov 20, 2020	313163	229	0	0
Nov 21, 2020	319539	215	0	0
Nov 22, 2020	326876	138	0	0
Nov 23, 2020	333554	124	0	0
Nov 24, 2020	337355	188	0	0
Nov 25, 2020	342588	229	0	0
Nov 26, 2020	348077	225	0	0
Nov 27, 2020	355260	192	0	0
Nov 28, 2020	362473	184	0	0
Nov 29, 2020	371088	120	0	0
Nov 30, 2020	375149	114	0	0
Dec 01, 2020	377403	221	0	0
Dec 02, 2020	376493	169	0	0
Dec 03, 2020	375374	243	0	0
Dec 04, 2020	376887	235	0	0
Dec 05, 2020	375762	226	0	0
Dec 06, 2020	381137	167	0	0
Dec 07, 2020	384510	145	0	0
Dec 08, 2020	382266	195	0	0
Dec 09, 2020	380021	276	0	0
Dec 10, 2020	379223	266	0	0
Dec 11, 2020	377125	285	0	0
Dec 12, 2020	376040	243	0	0
Dec 13, 2020	377497	156	0	0
Dec 14, 2020	378701	93	0	0
Dec 15, 2020	370734	233	0	0
Dec 16, 2020	368543	264	0	0
Dec 17, 2020	367399	252	0	0
Dec 18, 2020	366903	260	0	0
Dec 19, 2020	365118	213	0	0
Dec 20, 2020	366701	116	0	0
Dec 21, 2020	368060	80	0	0
Dec 22, 2020	362321	232	0	0
Dec 23, 2020	356810	275	0	0
Dec 24, 2020	352302	223	0	0
Dec 25, 2020	347814	186	0	0
Dec 26, 2020	350257	121	0	0
Dec 27, 2020	349677	72	0	0
Dec 28, 2020	346796	75	0	0
Dec 29, 2020	337446	232	0	0
Dec 30, 2020	328834	243	0	0
Dec 31, 2020	326521	209	0	0
Jan 01, 2021	325790	147	0	0
Jan 02, 2021	328171	51	0	0
Jan 03, 2021	326374	123	0	0
Jan 04, 2021	325766	73	0	0
Jan 05, 2021	317048	202	0	0
Jan 06, 2021	309241	228	0	0
Jan 07, 2021	306774	148	0	0
Jan 08, 2021	307236	83	0	0
Jan 09, 2021	304041	80	0	0
Jan 10, 2021	303661	99	0	0
Jan 11, 2021	303062	68	0	0
Jan 12, 2021	292043	184	0	0
Jan 13, 2021	283754	195	0	0
Jan 14, 2021	281325	162	0	0
Jan 15, 2021	279030	166	0	0
Jan 16, 2021	276823	144	0	0
Jan 17, 2021	273920	116	0	0
Jan 18, 2021	271651	67	0	0
Jan 19, 2021	260361	177	0	0
Jan 20, 2021	250031	212	0	0
Jan 21, 2021	241392	241	0	0
Jan 22, 2021	232338	163	0	0
Jan 23, 2021	224012	116	0	0
Jan 24, 2021	222437	83	0	0
Jan 25, 2021	219107	63	0	0
Jan 26, 2021	209215	133	0	0
Jan 27, 2021	198596	145	0	0
Jan 28, 2021	192030	149	0	0
Jan 29, 2021	185773	128	0	0
Jan 30, 2021	178992	149	0	0
Jan 31, 2021	177964	79	0	0
Feb 01, 2021	174802	61	0	0
Feb 02, 2021	165583	156	0	0
Feb 03, 2021	158602	165	0	0
Feb 04, 2021	153611	140	0	0
Feb 05, 2021	150191	158	0	0
Feb 06, 2021	147214	129	0	0
Feb 07, 2021	148206	81	0	0
Feb 08, 2021	147603	47	0	0
Feb 09, 2021	141305	127	0	0
Feb 10, 2021	136745	163	0	0
Feb 11, 2021	135092	124	0	0
Feb 12, 2021	132538	116	0	0
Feb 13, 2021	131465	111	0	0
Feb 14, 2021	132512	45	0	0
Feb 15, 2021	132304	62	0	0
Feb 16, 2021	129108	150	0	0
Feb 17, 2021	127320	147	0	0
Feb 18, 2021	128169	163	0	0
Feb 19, 2021	128723	120	0	0
Feb 20, 2021	130406	73	0	0
Feb 21, 2021	133280	58	0	0
Feb 22, 2021	135080	53	0	0
Feb 23, 2021	134758	153	0	0
Feb 24, 2021	136811	152	0	0
Feb 25, 2021	140934	135	0	0
Feb 26, 2021	144547	146	0	0
Feb 27, 2021	147802	151	0	0
Feb 28, 2021	151844	89	0	0
Mar 01, 2021	154360	68	0	0
Mar 02, 2021	154340	162	0	0
Mar 03, 2021	156272	185	0	0
Mar 04, 2021	161298	194	0	0
Mar 05, 2021	167132	172	0	0
Mar 06, 2021	172769	156	0	0
Mar 07, 2021	177686	103	0	0
Mar 08, 2021	181418	106	0	0
Mar 09, 2021	183628	76	0	0
Mar 10, 2021	184099	219	0	0
Mar 11, 2021	187591	262	0	0
Mar 12, 2021	195677	230	0	0
Mar 13, 2021	203813	243	0	0
Mar 14, 2021	209937	145	0	0
Mar 15, 2021	213108	130	0	0
Mar 16, 2021	216284	264	0	0
Mar 17, 2021	222361	289	0	0
Mar 18, 2021	230633	267	0	0
Mar 19, 2021	241629	262	0	0
Mar 20, 2021	251471	260	0	0
Mar 21, 2021	258573	166	0	0
Mar 22, 2021	263316	157	0	0
Mar 23, 2021	266415	333	0	0
Mar 24, 2021	272861	342	0	0
Mar 25, 2021	282420	362	0	0
Mar 26, 2021	293088	326	0	0
Mar 27, 2021	303098	290	0	0
Mar 28, 2021	311484	203	0	0
Mar 29, 2021	316777	178	0	0
Mar 30, 2021	323448	286	0	0
Mar 31, 2021	327862	407	0	0
Apr 01, 2021	335408	421	0	0
Apr 02, 2021	344581	433	0	0
Apr 03, 2021	355360	396	0	0
Apr 04, 2021	364183	258	0	0
Apr 05, 2021	369162	254	0	0
Apr 06, 2021	371768	430	0	0
Apr 07, 2021	375230	481	0	0
Apr 08, 2021	384153	464	0	0
Apr 09, 2021	392189	419	0	0
Apr 10, 2021	398532	398	0	0
Apr 11, 2021	405375	235	0	0
Apr 12, 2021	407589	287	0	0
Apr 13, 2021	404793	457	0	0
Apr 14, 2021	406495	467	0	0
Apr 15, 2021	411341	433	0	0
Apr 16, 2021	416328	438	0	0
Apr 17, 2021	421136	440	0	0
Apr 18, 2021	424645	250	0	0
Apr 19, 2021	425339	214	0	0
Apr 20, 2021	421837	367	0	0
Apr 21, 2021	418850	429	0	0
Apr 22, 2021	415784	470	0	0
Apr 23, 2021	410663	434	0	0
Apr 24, 2021	409295	392	0	0
Apr 25, 2021	410420	231	0	0
Apr 26, 2021	408377	195	0	0
Apr 27, 2021	398469	432	0	0
Apr 28, 2021	387556	441	0	0
Apr 29, 2021	380354	387	0	0
Apr 30, 2021	369927	307	0	0
May 01, 2021	363169	351	0	0
May 02, 2021	362319	160	0	0
May 03, 2021	359373	154	0	0
May 04, 2021	353864	166	0	0
May 05, 2021	348551	161	0	0
May 06, 2021	339864	374	0	0
May 07, 2021	328436	379	0	0
May 08, 2021	317368	370	0	0
May 09, 2021	313366	193	0	0
May 10, 2021	307062	119	0	0
May 11, 2021	300534	119	0	0
May 12, 2021	284950	356	0	0
May 13, 2021	271910	346	0	0
May 14, 2021	263227	287	0	0
May 15, 2021	252499	322	0	0
May 16, 2021	248065	133	0	0
May 17, 2021	243223	109	0	0
May 18, 2021	229282	285	0	0
May 19, 2021	217091	227	0	0
May 20, 2021	205305	203	0	0
May 21, 2021	197242	202	0	0
May 22, 2021	189084	178	0	0
May 23, 2021	182591	89	0	0
May 24, 2021	176858	68	0	0
May 25, 2021	161714	249	0	0
May 26, 2021	149914	208	0	0
May 27, 2021	136373	183	0	0
May 28, 2021	126225	156	0	0
May 29, 2021	118966	156	0	0
May 30, 2021	114852	84	0	0
May 31, 2021	110876	64	0	0
Jun 01, 2021	100765	163	0	0
Jun 02, 2021	93407	158	0	0
Jun 03, 2021	86367	102	0	0
Jun 04, 2021	80247	95	0	0
Jun 05, 2021	73728	86	0	0
Jun 06, 2021	70107	42	0	0
Jun 07, 2021	68866	33	0	0
Jun 08, 2021	63599	118	0	0
Jun 09, 2021	57945	77	0	0
Jun 10, 2021	53120	97	0	0
Jun 11, 2021	49070	70	0	0
Jun 12, 2021	45370	69	0	0
Jun 13, 2021	44542	33	0	0
Jun 14, 2021	41621	13	0	0
Jun 15, 2021	37047	77	0	0
Jun 16, 2021	33212	78	0	0
Jun 17, 2021	29663	55	0	0
Jun 18, 2021	28268	50	0	0
Jun 19, 2021	26344	40	0	0
Jun 20, 2021	26044	24	0	0
Jun 21, 2021	25674	16	0	0
Jun 22, 2021	25120	21	0	0
Jun 23, 2021	23593	70	0	0
Jun 24, 2021	22001	58	0	0
Jun 25, 2021	20419	53	0	0
Jun 26, 2021	19305	35	0	0
Jun 27, 2021	18641	17	0	0
Jun 28, 2021	18194	9	0	0
Jun 29, 2021	17789	5	0	0
Jun 30, 2021	16088	40	0	0
Jul 01, 2021	15023	51	0	0
Jul 02, 2021	14489	33	0	0
Jul 03, 2021	14086	36	0	0
Jul 04, 2021	13901	10	0	0
Jul 05, 2021	13738	14	0	0
Jul 06, 2021	13173	20	0	0
Jul 07, 2021	12084	33	0	0
Jul 08, 2021	11806	23	0	0
Jul 09, 2021	11564	12	0	0
Jul 10, 2021	11242	20	0	0
Jul 11, 2021	11153	5	0	0
Jul 12, 2021	11084	7	0	0
Jul 13, 2021	10779	36	0	0
Jul 14, 2021	10504	25	0	0
Jul 15, 2021	10518	20	0	0
Jul 16, 2021	10622	17	0	0
Jul 17, 2021	10521	16	0	0
Jul 18, 2021	10571	8	0	0
Jul 19, 2021	10561	5	0	0
Jul 20, 2021	10594	25	0	0
Jul 21, 2021	10659	13	0	0
Jul 22, 2021	10863	21	0	0
Jul 23, 2021	10966	21	0	0
Jul 24, 2021	11293	24	0	0
Jul 25, 2021	11408	12	0	0
Jul 26, 2021	11449	2	0	0
Jul 27, 2021	11588	27	0	0
Jul 28, 2021	11831	15	0	0
Jul 29, 2021	12142	25	0	0
Jul 30, 2021	12586	14	0	0
Jul 31, 2021	12977	15	0	0
Aug 01, 2021	13324	6	0	0
Aug 02, 2021	13409	4	0	0
Aug 03, 2021	13677	26	0	0
Aug 04, 2021	14048	43	0	0
Aug 05, 2021	14533	25	0	0
Aug 06, 2021	15120	16	0	0
Aug 07, 2021	14761	20	0	0
Aug 08, 2021	15135	10	0	0
Aug 09, 2021	15149	5	0	0
Aug 10, 2021	14516	24	0	0
Aug 11, 2021	14453	25	0	0
Aug 12, 2021	14637	24	0	0
Aug 13, 2021	14849	44	0	0
Aug 14, 2021	15390	21	0	0
Aug 15, 2021	15830	17	0	0
Aug 16, 2021	15985	14	0	0
Aug 17, 2021	16415	27	0	0
Aug 18, 2021	17110	40	0	0
Aug 19, 2021	17740	32	0	0
Aug 20, 2021	18432	26	0	0
Aug 21, 2021	19363	38	0	0
Aug 22, 2021	20105	25	0	0
Aug 23, 2021	20264	17	0	0
Aug 24, 2021	20584	27	0	0
Aug 25, 2021	20909	20	0	0
Aug 26, 2021	21176	45	0	0
Aug 27, 2021	21889	66	0	0
Aug 28, 2021	22892	54	0	0
Aug 29, 2021	24079	34	0	0
Aug 30, 2021	24519	18	0	0
Aug 31, 2021	24567	51	0	0
Sep 01, 2021	25673	44	0	0
Sep 02, 2021	27217	44	0	0
Sep 03, 2021	28753	45	0	0
Sep 04, 2021	29876	44	0	0
Sep 05, 2021	30831	17	0	0
Sep 06, 2021	31129	18	0	0
Sep 07, 2021	31844	53	0	0
Sep 08, 2021	33145	60	0	0
Sep 09, 2021	35201	61	0	0
Sep 10, 2021	37430	76	0	0
Sep 11, 2021	39492	69	0	0
Sep 12, 2021	41167	22	0	0
Sep 13, 2021	41596	18	0	0
Sep 14, 2021	43427	97	0	0
Sep 15, 2021	46116	93	0	0
Sep 16, 2021	50260	101	0	0
Sep 17, 2021	54871	99	0	0
Sep 18, 2021	59263	79	0	0
Sep 19, 2021	62654	46	0	0
Sep 20, 2021	64310	44	0	0
Sep 21, 2021	67176	137	0	0
Sep 22, 2021	71730	105	0	0
Sep 23, 2021	77168	123	0	0
Sep 24, 2021	83671	140	0	0
Sep 25, 2021	88984	133	0	0
Sep 26, 2021	92579	69	0	0
Sep 27, 2021	94540	94	0	0
Sep 28, 2021	98022	143	0	0
Sep 29, 2021	104190	217	0	0
Sep 30, 2021	111914	194	0	0
Oct 01, 2021	120512	172	0	0
Oct 02, 2021	128649	203	0	0
Oct 03, 2021	135007	126	0	0
Oct 04, 2021	138598	114	0	0
Oct 05, 2021	143898	317	0	0
Oct 06, 2021	151610	320	0	0
Oct 07, 2021	162041	314	0	0
Oct 08, 2021	173442	241	0	0
Oct 09, 2021	183736	250	0	0
Oct 10, 2021	192337	162	0	0
Oct 11, 2021	198909	207	0	0
Oct 12, 2021	205134	352	0	0
Oct 13, 2021	214510	471	0	0
Oct 14, 2021	225349	412	0	0
Oct 15, 2021	234180	202	0	0
Oct 16, 2021	241012	277	0	0
Oct 17, 2021	248540	219	0	0
Oct 18, 2021	254466	177	0	0
Oct 19, 2021	261731	538	0	0
Oct 20, 2021	272543	495	0	0
Oct 21, 2021	286376	546	0	0
Oct 22, 2021	301017	614	0	0
Oct 23, 2021	315433	483	0	0
Oct 24, 2021	329757	386	0	0
Oct 25, 2021	339463	330	0	0
Oct 26, 2021	348111	734	0	0
Oct 27, 2021	358400	692	0	0
Oct 28, 2021	373889	576	0	0
Oct 29, 2021	390327	648	0	0
Oct 30, 2021	406535	541	0	0
Oct 31, 2021	418360	336	0	0
Nov 01, 2021	426113	298	0	0
Nov 02, 2021	432229	700	0	0
Nov 03, 2021	442965	720	0	0
Nov 04, 2021	457179	699	0	0
Nov 05, 2021	469690	696	0	0
Nov 06, 2021	482143	793	0	0
Nov 07, 2021	490593	449	0	0
Nov 08, 2021	494988	473	0	0
Nov 09, 2021	496534	833	0	0
Nov 10, 2021	502725	815	0	0
Nov 11, 2021	507924	652	0	0
Nov 12, 2021	509291	750	0	0
Nov 13, 2021	506753	695	0	0
Nov 14, 2021	509694	403	0	0
Nov 15, 2021	508835	442	0	0
Nov 16, 2021	502391	838	0	0
Nov 17, 2021	500079	769	0	0
Nov 18, 2021	500285	752	0	0
Nov 19, 2021	497306	725	0	0
Nov 20, 2021	492913	664	0	0
Nov 21, 2021	488721	377	0	0
Nov 22, 2021	485319	326	0	0
Nov 23, 2021	474221	720	0	0
Nov 24, 2021	458907	595	0	0
Nov 25, 2021	448411	628	0	0
Nov 26, 2021	439170	608	0	0
Nov 27, 2021	429856	568	0	0
Nov 28, 2021	426669	400	0	0
Nov 29, 2021	421699	297	0	0
Nov 30, 2021	406374	561	0	0
Dec 01, 2021	391617	557	0	0
Dec 02, 2021	381088	525	0	0
Dec 03, 2021	371463	509	0	0
Dec 04, 2021	361468	436	0	0
Dec 05, 2021	358538	278	0	0
Dec 06, 2021	353695	239	0	0
Dec 07, 2021	339005	467	0	0
Dec 08, 2021	321122	450	0	0
Dec 09, 2021	308486	465	0	0
Dec 10, 2021	294915	442	0	0
Dec 11, 2021	278741	446	0	0
Dec 12, 2021	272152	238	0	0
Dec 13, 2021	266071	188	0	0
Dec 14, 2021	245837	387	0	0
Dec 15, 2021	227283	356	0	0
Dec 16, 2021	211019	355	0	0
Dec 17, 2021	197940	328	0	0
Dec 18, 2021	186621	288	0	0
Dec 19, 2021	183181	176	0	0
Dec 20, 2021	178870	157	0	0
Dec 21, 2021	165703	346	0	0
Dec 22, 2021	152271	301	0	0
Dec 23, 2021	142787	275	0	0
Dec 24, 2021	134312	248	0	0
Dec 25, 2021	123681	268	0	0
Dec 26, 2021	122074	138	0	0
Dec 27, 2021	119278	133	0	0
Dec 28, 2021	116603	134	0	0
Dec 29, 2021	109398	307	0	0
Dec 30, 2021	104681	278	0	0
Dec 31, 2021	102892	209	0	0
Jan 01, 2022	101657	190	0	0
Jan 02, 2022	101163	98	0	0
Jan 03, 2022	100316	114	0	0
Jan 04, 2022	98298	135	0	0
Jan 05, 2022	94157	273	0	0
Jan 06, 2022	91481	187	0	0
Jan 07, 2022	92871	192	0	0
Jan 08, 2022	94048	76	0	0
Jan 09, 2022	93965	75	0	0
Jan 10, 2022	92331	86	0	0
Jan 11, 2022	89780	219	0	0
Jan 12, 2022	88627	193	0	0
Jan 13, 2022	91280	191	0	0
Jan 14, 2022	94331	140	0	0
Jan 15, 2022	98601	127	0	0
Jan 16, 2022	102533	88	0	0
Jan 17, 2022	105007	78	0	0
Jan 18, 2022	107616	188	0	0
Jan 19, 2022	114855	163	0	0
Jan 20, 2022	128757	131	0	0
Jan 21, 2022	144277	150	0	0
Jan 22, 2022	162004	136	0	0
Jan 23, 2022	175332	86	0	0
Jan 24, 2022	185750	67	0	0
Jan 25, 2022	198844	161	0	0
Jan 26, 2022	217510	141	0	0
Jan 27, 2022	244512	154	0	0
Jan 28, 2022	272634	144	0	0
Jan 29, 2022	302673	149	0	0
Jan 30, 2022	323942	94	0	0
Jan 31, 2022	341547	78	0	0
Feb 01, 2022	363288	192	0	0
Feb 02, 2022	388204	204	0	0
Feb 03, 2022	418234	210	0	0
Feb 04, 2022	452341	174	0	0
Feb 05, 2022	485061	185	0	0
Feb 06, 2022	506714	109	0	0
Feb 07, 2022	524953	115	0	0
Feb 08, 2022	543858	255	0	0
Feb 09, 2022	564812	240	0	0
Feb 10, 2022	589598	280	0	0
Feb 11, 2022	609741	236	0	0
Feb 12, 2022	627745	265	0	0
Feb 13, 2022	643835	140	0	0
Feb 14, 2022	651348	142	0	0
Feb 15, 2022	657532	305	0	0
Feb 16, 2022	661051	310	0	0
Feb 17, 2022	666681	259	0	0
Feb 18, 2022	672083	282	0	0
Feb 19, 2022	672461	260	0	0
Feb 20, 2022	677794	152	0	0
Feb 21, 2022	677325	127	0	0
Feb 22, 2022	668240	287	0	0
Feb 23, 2022	655573	297	0	0
Feb 24, 2022	639727	276	0	0
Feb 25, 2022	607613	159	0	0
Feb 26, 2022	570844	122	0	0
Feb 27, 2022	547936	95	0	0
Feb 28, 2022	528039	67	0	0
Mar 01, 2022	500353	181	0	0
Mar 02, 2022	468975	110	0	0
Mar 03, 2022	433817	133	0	0
Mar 04, 2022	399489	113	0	0
Mar 05, 2022	365076	77	0	0
Mar 06, 2022	345388	68	0	0
Mar 07, 2022	332314	49	0	0
Mar 08, 2022	306922	60	0	0
Mar 09, 2022	278431	45	0	0
Mar 10, 2022	251213	115	0	0
Mar 11, 2022	222133	86	0	0
Mar 12, 2022	196842	99	0	0
Mar 13, 2022	183381	66	0	0
Mar 14, 2022	172075	34	0	0
Mar 15, 2022	153755	85	0	0
Mar 16, 2022	133922	71	0	0
Mar 17, 2022	113277	72	0	0
Mar 18, 2022	106744	65	0	0
Mar 19, 2022	105743	61	0	0
Mar 20, 2022	103039	33	0	0
Mar 21, 2022	101289	26	0	0
Mar 22, 2022	99064	63	0	0
Mar 23, 2022	96406	64	0	0
Mar 24, 2022	93725	55	0	0
Mar 25, 2022	90454	32	0	0
Mar 26, 2022	86655	0	0	0
Mar 27, 2022	81825	0	0	0
Mar 28, 2022	84075	50	0	0
Mar 29, 2022	82378	33	0	0
Mar 30, 2022	81881	24	0	0
Mar 31, 2022	78327	39	0	0
Apr 01, 2022	74550	23	0	0
Apr 02, 2022	71631	27	0	0
Apr 03, 2022	68829	8	0	0
Apr 04, 2022	67330	4	0	0
Apr 05, 2022	63309	22	0	0
Apr 06, 2022	60241	35	0	0
Apr 07, 2022	57323	22	0	0
Apr 08, 2022	54217	20	0	0
Apr 09, 2022	51671	14	0	0
Apr 10, 2022	49699	3	0	0
Apr 11, 2022	48385	4	0	0
Apr 12, 2022	46078	28	0	0
Apr 13, 2022	43462	27	0	0
Apr 14, 2022	41182	26	0	0
Apr 15, 2022	38686	16	0	0
Apr 16, 2022	39560	11	0	0
Apr 17, 2022	39947	6	0	0
Apr 18, 2022	34082	3	0	0
Apr 19, 2022	32529	12	0	0
Apr 20, 2022	31148	18	0	0
Apr 21, 2022	29611	10	0	0
Apr 22, 2022	28343	10	0	0
Apr 23, 2022	26196	12	0	0
Apr 24, 2022	25312	8	0	0
Apr 25, 2022	24779	3	0	0
Apr 26, 2022	23335	14	0	0
Apr 27, 2022	21986	16	0	0
Apr 28, 2022	20815	21	0	0
Apr 29, 2022	19470	11	0	0
Apr 30, 2022	17453	16	0	0
May 01, 2022	17838	3	0	0
May 02, 2022	17720	1	0	0
May 03, 2022	16097	6	0	0
May 04, 2022	15004	6	0	0
May 05, 2022	13941	6	0	0
May 06, 2022	13319	5	0	0
May 07, 2022	12957	6	0	0
May 08, 2022	13082	6	0	0
May 09, 2022	13296	3	0	0
May 10, 2022	12633	8	0	0
May 11, 2022	11876	7	0	0
May 12, 2022	11209	6	0	0
May 13, 2022	10778	8	0	0
May 14, 2022	10510	7	0	0
May 15, 2022	10638	6	0	0
May 16, 2022	10784	6	0	0
May 17, 2022	10440	7	0	0
May 18, 2022	9949	6	0	0
May 19, 2022	9226	6	0	0
May 20, 2022	8883	7	0	0
May 21, 2022	9014	5	0	0
May 22, 2022	8733	5	0	0
May 23, 2022	8563	5	0	0
May 24, 2022	8290	5	0	0
May 25, 2022	8053	5	0	0
May 26, 2022	7818	5	0	0
May 27, 2022	7583	5	0	0
May 28, 2022	7336	5	0	0
May 29, 2022	7113	5	0	0
May 30, 2022	6841	5	0	0
May 31, 2022	6696	5	0	0
Jun 01, 2022	6568	5	0	0
Jun 02, 2022	6481	4	0	0
Jun 03, 2022	6364	4	0	0
Jun 04, 2022	6055	4	0	0
Jun 05, 2022	5835	4	0	0
Jun 06, 2022	5628	6	0	0
Jun 07, 2022	5393	0	0	0
Jun 08, 2022	5148	1	0	0
Jun 09, 2022	4892	1	0	0
Jun 10, 2022	4631	1	0	0
Jun 11, 2022	4376	1	0	0
Jun 12, 2022	4081	2	0	0
Jun 13, 2022	4028	2	0	0
Jun 14, 2022	3865	1	0	0
Jun 15, 2022	3666	2	0	0
Jun 16, 2022	3465	1	0	0
Jun 17, 2022	3264	1	0	0
Jun 18, 2022	3075	1	0	0
Jun 19, 2022	2862	1	0	0
Jun 20, 2022	2693	2	0	0
Jun 21, 2022	2565	3	0	0
Jun 22, 2022	2711	3	0	0
Jun 23, 2022	2599	2	0	0
Jun 24, 2022	2479	2	0	0
Jun 25, 2022	2361	2	0	0
Jun 26, 2022	2317	2	0	0
Jun 27, 2022	2256	2	0	0
Jun 28, 2022	2336	6	0	0
Jun 29, 2022	2681	6	0	0
Jun 30, 2022	2920	6	0	0
Jul 01, 2022	2923	3	0	0
Jul 02, 2022	3097	2	0	0
Jul 03, 2022	3177	2	0	0
Jul 04, 2022	3257	2	0	0
Jul 05, 2022	3337	2	0	0
Jul 06, 2022	3417	2	0	0
Jul 07, 2022	3497	2	0	0
Jul 08, 2022	3492	3	0	0
Jul 09, 2022	3654	3	0	0
Jul 10, 2022	3725	3	0	0
Jul 11, 2022	3796	3	0	0
Jul 12, 2022	3866	3	0	0
Jul 13, 2022	3865	2	0	0
Jul 14, 2022	3870	2	0	0
Jul 15, 2022	3774	2	0	0
Jul 16, 2022	3994	2	0	0
Jul 17, 2022	4052	1	0	0
Jul 18, 2022	4116	1	0	0
Jul 19, 2022	4170	1	0	0
Jul 20, 2022	4051	1	0	0
Jul 21, 2022	3905	1	0	0
Jul 22, 2022	3724	2	0	0
Jul 23, 2022	4031	2	0	0
Jul 24, 2022	4171	2	0	0
Jul 25, 2022	4311	2	0	0
Jul 26, 2022	4451	2	0	0
Jul 27, 2022	4591	2	0	0
Jul 28, 2022	4729	2	0	0
Jul 29, 2022	4831	2	0	0
Jul 30, 2022	5227	2	0	0
Jul 31, 2022	5473	2	0	0
Aug 01, 2022	5719	2	0	0
Aug 02, 2022	5965	2	0	0
Aug 03, 2022	6211	2	0	0
Aug 04, 2022	6457	2	0	0
Aug 05, 2022	7070	0	0	0
Aug 06, 2022	8057	0	0	0
Aug 07, 2022	8827	0	0	0
Aug 08, 2022	9577	16	0	0
Aug 09, 2022	10134	6	0	0
Aug 10, 2022	10700	6	0	0
Aug 11, 2022	11265	5	0	0
Aug 12, 2022	11563	5	0	0
Aug 13, 2022	12335	5	0	0
Aug 14, 2022	12807	5	0	0
Aug 15, 2022	13279	5	0	0
Aug 16, 2022	14276	4	0	0
Aug 17, 2022	15273	4	0	0
Aug 18, 2022	16271	3	0	0
Aug 19, 2022	16873	3	0	0
Aug 20, 2022	18208	3	0	0
Aug 21, 2022	19108	3	0	0
Aug 22, 2022	20014	3	0	0
Aug 23, 2022	21242	7	0	0
Aug 24, 2022	22472	5	0	0
Aug 25, 2022	23304	5	0	0
Aug 26, 2022	24955	5	0	0
Aug 27, 2022	26583	5	0	0
Aug 28, 2022	28211	5	0	0
Aug 29, 2022	29844	6	0	0
Aug 30, 2022	28251	7	0	0
Aug 31, 2022	29774	7	0	0
Sep 01, 2022	31298	6	0	0
Sep 02, 2022	32822	6	0	0
Sep 03, 2022	34384	6	0	0
Sep 04, 2022	35908	6	0	0
Sep 05, 2022	37438	6	0	0
Sep 06, 2022	38759	10	0	0
Sep 07, 2022	42202	10	0	0
Sep 08, 2022	44300	10	0	0
Sep 09, 2022	46398	10	0	0
Sep 10, 2022	48496	10	0	0
Sep 11, 2022	50594	10	0	0
Sep 12, 2022	52693	10	0	0
Sep 13, 2022	56613	13	0	0
Sep 14, 2022	60207	13	0	0
Sep 15, 2022	62168	13	0	0
Sep 16, 2022	67465	13	0	0
Sep 17, 2022	71059	13	0	0
Sep 18, 2022	74653	13	0	0
Sep 19, 2022	78251	12	0	0
Sep 20, 2022	82894	23	0	0
Sep 21, 2022	86869	23	0	0
Sep 22, 2022	90844	23	0	0
Sep 23, 2022	94819	23	0	0
Sep 24, 2022	98794	23	0	0
Sep 25, 2022	102769	23	0	0
Sep 26, 2022	106746	23	0	0
Sep 27, 2022	107110	28	0	0
Sep 28, 2022	113285	29	0	0
Sep 29, 2022	112552	29	0	0
Sep 30, 2022	118799	29	0	0
Oct 01, 2022	121476	29	0	0
Oct 02, 2022	124153	29	0	0
Oct 03, 2022	126830	29	0	0
Oct 04, 2022	128592	29	0	0
Oct 05, 2022	128524	30	0	0
Oct 06, 2022	128456	30	0	0
Oct 07, 2022	128388	30	0	0
Oct 08, 2022	128320	30	0	0
Oct 09, 2022	128252	30	0	0
Oct 10, 2022	128185	29	0	0
Oct 11, 2022	125781	25	0	0
Oct 12, 2022	122315	25	0	0
Oct 13, 2022	118849	25	0	0
Oct 14, 2022	115383	25	0	0
Oct 15, 2022	111917	25	0	0
Oct 16, 2022	108450	26	0	0
Oct 17, 2022	104984	26	0	0
Oct 18, 2022	101516	26	0	0
Oct 19, 2022	92289	27	0	0
Oct 20, 2022	94676	28	0	0
Oct 21, 2022	90950	27	0	0
Oct 22, 2022	81108	27	0	0
Oct 23, 2022	83496	27	0	0
Oct 24, 2022	79769	27	0	0
Oct 25, 2022	76046	26	0	0
Oct 26, 2022	68146	26	0	0
Oct 27, 2022	70460	26	0	0
Oct 28, 2022	67573	25	0	0
Oct 29, 2022	64686	25	0	0
Oct 30, 2022	61797	27	0	0
Oct 31, 2022	58910	25	0	0
Nov 01, 2022	56022	24	0	0
Nov 02, 2022	54512	16	0	0
Nov 03, 2022	50138	16	0	0
Nov 04, 2022	51669	17	0	0
Nov 05, 2022	50158	17	0	0
Nov 06, 2022	48647	17	0	0
Nov 07, 2022	47137	16	0	0
Nov 08, 2022	45624	15	0	0
Nov 09, 2022	43789	15	0	0
Nov 10, 2022	42404	15	0	0
Nov 11, 2022	41019	15	0	0
Nov 12, 2022	39634	15	0	0
Nov 13, 2022	38249	15	0	0
Nov 14, 2022	34449	15	0	0
Nov 15, 2022	35597	13	0	0
Nov 16, 2022	31789	15	0	0
Nov 17, 2022	32844	14	0	0
Nov 18, 2022	31454	15	0	0
Nov 19, 2022	30065	14	0	0
Nov 20, 2022	28675	15	0	0
Nov 21, 2022	27287	14	0	0
Nov 22, 2022	25897	15	0	0
Nov 23, 2022	22890	12	0	0
Nov 24, 2022	23694	11	0	0
Nov 25, 2022	23025	12	0	0
Nov 26, 2022	22357	11	0	0
Nov 27, 2022	21688	12	0	0
Nov 28, 2022	21020	11	0	0
Nov 29, 2022	20351	12	0	0
Nov 30, 2022	19663	8	0	0
Dec 01, 2022	19298	7	0	0
Dec 02, 2022	17887	8	0	0
Dec 03, 2022	18648	8	0	0
Dec 04, 2022	18282	8	0	0
Dec 05, 2022	17917	7	0	0
Dec 06, 2022	17551	8	0	0
Dec 07, 2022	17108	8	0	0
Dec 08, 2022	15782	8	0	0
Dec 09, 2022	16440	8	0	0
Dec 10, 2022	16079	8	0	0
Dec 11, 2022	15718	8	0	0
Dec 12, 2022	15358	8	0	0
Dec 13, 2022	14996	8	0	0
Dec 14, 2022	13931	10	0	0
Dec 15, 2022	14599	10	0	0
Dec 16, 2022	14499	10	0	0
Dec 17, 2022	14398	10	0	0
Dec 18, 2022	14298	10	0	0
Dec 19, 2022	14197	10	0	0
Dec 20, 2022	14097	10	0	0
Dec 21, 2022	13835	7	0	0
Dec 22, 2022	13599	6	0	0
Dec 23, 2022	12676	7	0	0
Dec 24, 2022	13196	7	0	0
Dec 25, 2022	12959	7	0	0
Dec 26, 2022	12723	6	0	0
Dec 27, 2022	12487	7	0	0
Dec 28, 2022	12280	7	0	0
Dec 29, 2022	12150	6	0	0
Dec 30, 2022	12017	7	0	0
Dec 31, 2022	11886	6	0	0
Jan 01, 2023	11754	7	0	0
Jan 02, 2023	11624	6	0	0
Jan 03, 2023	11491	7	0	0
Jan 04, 2023	11294	9	0	0
Jan 05, 2023	11135	8	0	0
Jan 06, 2023	10928	9	0	0
Jan 07, 2023	10720	9	0	0
Jan 08, 2023	10559	9	0	0
Jan 09, 2023	10353	8	0	0
Jan 10, 2023	10146	9	0	0
Jan 11, 2023	9902	8	0	0
Jan 12, 2023	9822	9	0	0
Jan 13, 2023	9286	8	0	0
Jan 14, 2023	9727	8	0	0
Jan 15, 2023	9649	8	0	0
Jan 16, 2023	9569	9	0	0
Jan 17, 2023	9491	8	0	0
Jan 18, 2023	9470	6	0	0
Jan 19, 2023	9419	6	0	0
Jan 20, 2023	8881	6	0	0
Jan 21, 2023	9376	6	0	0
Jan 22, 2023	9326	6	0	0
Jan 23, 2023	9275	6	0	0
Jan 24, 2023	9224	6	0	0
Jan 25, 2023	9156	6	0	0
Jan 26, 2023	9150	6	0	0
Jan 27, 2023	9144	6	0	0
Jan 28, 2023	9138	7	0	0
Jan 29, 2023	9133	6	0	0
Jan 30, 2023	9169	6	0	0
Jan 31, 2023	9163	6	0	0
Feb 01, 2023	8352	0	0	0
Feb 02, 2023	8395	0	0	0
Feb 03, 2023	8008	0	0	0
Feb 04, 2023	7621	0	0	0
Feb 05, 2023	7233	0	0	0
Feb 06, 2023	6846	0	0	0
Feb 07, 2023	10099	68	0	0
Feb 08, 2023	9712	0	0	0
Feb 09, 2023	8827	0	0	0
Feb 10, 2023	8895	0	0	0
Feb 11, 2023	8452	0	0	0
Feb 12, 2023	8009	0	0	0
Feb 13, 2023	7566	0	0	0
Feb 14, 2023	12363	44	0	0
Feb 15, 2023	11495	0	0	0
Feb 16, 2023	11539	0	0	0
Feb 17, 2023	11115	0	0	0
Feb 18, 2023	10690	0	0	0
Feb 19, 2023	10265	0	0	0
Feb 20, 2023	9840	0	0	0
Feb 21, 2023	16700	60	0	0
Feb 22, 2023	16275	0	0	0
Feb 23, 2023	16275	0	0	0
Feb 24, 2023	16275	0	0	0
Feb 25, 2023	16275	0	0	0
Feb 26, 2023	16275	0	0	0
Feb 27, 2023	16275	0	0	0
Feb 28, 2023	16275	0	0	0
Mar 01, 2023	22296	63	0	0
Mar 02, 2023	22296	0	0	0
Mar 03, 2023	22356	0	0	0
Mar 04, 2023	22356	0	0	0
Mar 05, 2023	22356	0	0	0
Mar 06, 2023	22356	0	0	0
Mar 07, 2023	22356	0	0	0
Mar 08, 2023	29763	67	0	0
Mar 09, 2023	29826	0	0	0
Mar 10, 2023	29826	0	0	0
Mar 11, 2023	29826	0	0	0
Mar 12, 2023	29826	0	0	0
Mar 13, 2023	29826	0	0	0
Mar 14, 2023	29826	0	0	0
Mar 15, 2023	37762	92	0	0
Mar 16, 2023	37921	0	0	0
Mar 17, 2023	37921	0	0	0
Mar 18, 2023	37921	0	0	0
Mar 19, 2023	37921	0	0	0
Mar 20, 2023	37921	0	0	0
Mar 21, 2023	37921	0	0	0
Mar 22, 2023	56439	101	0	0
Mar 23, 2023	46647	0	0	0
Mar 24, 2023	46647	0	0	0
Mar 25, 2023	46647	0	0	0
Mar 26, 2023	46647	0	0	0
Mar 27, 2023	46647	0	0	0
Mar 28, 2023	66504	118	0	0
Mar 29, 2023	66504	0	0	0
Mar 30, 2023	53747	0	0	0
Mar 31, 2023	53747	0	0	0
Apr 01, 2023	53848	0	0	0
Apr 02, 2023	53848	0	0	0
Apr 03, 2023	53848	0	0	0
Apr 04, 2023	72717	113	0	0
Apr 05, 2023	72717	0	0	0
Apr 06, 2023	57345	0	0	0
Apr 07, 2023	57463	0	0	0
Apr 08, 2023	57463	0	0	0
Apr 09, 2023	57463	0	0	0
Apr 10, 2023	57463	0	0	0
Apr 11, 2023	74423	123	0	0
Apr 12, 2023	55804	0	0	0
Apr 13, 2023	55917	0	0	0
Apr 14, 2023	55917	0	0	0
Apr 15, 2023	55917	0	0	0
Apr 16, 2023	55917	0	0	0
Apr 17, 2023	55917	0	0	0
Apr 18, 2023	72401	111	0	0
Apr 19, 2023	52426	0	0	0
Apr 20, 2023	52549	0	0	0
Apr 21, 2023	52549	0	0	0
Apr 22, 2023	52549	0	0	0
Apr 23, 2023	52549	0	0	0
Apr 24, 2023	52549	0	0	0
Apr 25, 2023	63289	105	0	0
Apr 26, 2023	44307	0	0	0
Apr 27, 2023	44307	0	0	0
Apr 28, 2023	44418	0	0	0
Apr 29, 2023	44418	0	0	0
Apr 30, 2023	44418	0	0	0
May 01, 2023	44418	0	0	0
May 02, 2023	53234	82	0	0
May 03, 2023	36151	0	0	0
May 04, 2023	36151	0	0	0
May 05, 2023	36256	0	0	0
May 06, 2023	36256	0	0	0
May 07, 2023	36256	0	0	0
May 08, 2023	36256	0	0	0
May 09, 2023	42807	61	0	0
May 10, 2023	26212	0	0	0
May 11, 2023	26212	0	0	0
May 12, 2023	26294	0	0	0
May 13, 2023	26294	0	0	0
May 14, 2023	26294	0	0	0
May 15, 2023	26294	0	0	0
May 16, 2023	30989	44	0	0
May 17, 2023	20144	0	0	0
May 18, 2023	20144	0	0	0
May 19, 2023	20205	0	0	0
May 20, 2023	20205	0	0	0
May 21, 2023	20205	0	0	0
May 22, 2023	20205	0	0	0
May 23, 2023	23491	37	0	0
May 24, 2023	14593	0	0	0
May 25, 2023	14593	0	0	0
May 26, 2023	14637	0	0	0
May 27, 2023	14637	0	0	0
May 28, 2023	14637	0	0	0
May 29, 2023	14637	0	0	0
May 30, 2023	17594	42	0	0
May 31, 2023	10982	0	0	0
Jun 01, 2023	10982	0	0	0
Jun 02, 2023	11019	0	0	0
Jun 03, 2023	11019	0	0	0
Jun 04, 2023	11019	0	0	0
Jun 05, 2023	11019	0	0	0
Jun 06, 2023	12960	24	0	0
Jun 07, 2023	8221	0	0	0
Jun 08, 2023	8263	0	0	0
Jun 09, 2023	8263	0	0	0
Jun 10, 2023	8263	0	0	0
Jun 11, 2023	8263	0	0	0
Jun 12, 2023	8263	0	0	0
Jun 13, 2023	8263	0	0	0
Jun 14, 2023	4940	0	0	0
Jun 15, 2023	4964	0	0	0
Jun 16, 2023	4964	0	0	0
Jun 17, 2023	4964	0	0	0
Jun 18, 2023	4964	0	0	0
Jun 19, 2023	4964	0	0	0
Jun 20, 2023	4964	0	0	0
Jun 21, 2023	1965	0	0	0
Jun 22, 2023	1965	0	0	0
Jun 23, 2023	1965	0	0	0
Jun 24, 2023	1965	0	0	0
Jun 25, 2023	1965	0	0	0
Jun 26, 2023	1965	0	0	0
Jun 27, 2023	1965	0	0	0
Jun 28, 2023	0	0	0	0
Jun 29, 2023	0	0	0	0
Jun 30, 2023	0	0	0	0
Jul 01, 2023	0	0	0	0
Jul 02, 2023	0	0	0	0
Jul 03, 2023	0	0	0	0
Jul 04, 2023	0	0	0	0
Jul 05, 2023	0	0	0	0
Jul 06, 2023	0	0	0	0
Jul 07, 2023	0	0	0	0
Jul 08, 2023	0	0	0	0
Jul 09, 2023	0	0	0	0
Jul 10, 2023	0	0	0	0
Jul 11, 2023	0	0	0	0
Jul 12, 2023	0	0	0	0
Jul 13, 2023	0	0	0	0
Jul 14, 2023	0	0	0	0
Jul 15, 2023	0	0	0	0
Jul 16, 2023	0	0	0	0
Jul 17, 2023	0	0	0	0
Jul 18, 2023	0	0	0	0
Jul 19, 2023	0	0	0	0
Jul 20, 2023	0	0	0	0
Jul 21, 2023	0	0	0	0
Jul 22, 2023	0	0	0	0
Jul 23, 2023	0	0	0	0
Jul 24, 2023	0	0	0	0
Jul 25, 2023	0	0	0	0
Jul 26, 2023	0	0	0	0
Jul 27, 2023	0	0	0	0
Jul 28, 2023	0	0	0	0
Jul 29, 2023	0	0	0	0
Jul 30, 2023	0	0	0	0
Jul 31, 2023	0	0	0	0
Aug 01, 2023	0	0	0	0
Aug 02, 2023	0	0	0	0
Aug 03, 2023	0	0	0	0
Aug 04, 2023	0	0	0	0
Aug 05, 2023	0	0	0	0
Aug 06, 2023	0	0	0	0
Aug 07, 2023	0	0	0	0
Aug 08, 2023	0	0	0	0
Aug 09, 2023	0	0	0	0
Aug 10, 2023	0	0	0	0
Aug 11, 2023	0	0	0	0
Aug 12, 2023	0	0	0	0
Aug 13, 2023	0	0	0	0
Aug 14, 2023	0	0	0	0
Aug 15, 2023	0	0	0	0
Aug 16, 2023	0	0	0	0
Aug 17, 2023	0	0	0	0
Aug 18, 2023	0	0	0	0
Aug 19, 2023	0	0	0	0
Aug 20, 2023	0	0	0	0
Aug 21, 2023	0	0	0	0
Aug 22, 2023	0	0	0	0
Aug 23, 2023	0	0	0	0
Aug 24, 2023	0	0	0	0
Aug 25, 2023	0	0	0	0
Aug 26, 2023	0	0	0	0
Aug 27, 2023	0	0	0	0
Aug 28, 2023	0	0	0	0
Aug 29, 2023	0	0	0	0
Aug 30, 2023	0	0	0	0
Aug 31, 2023	0	0	0	0
Sep 01, 2023	0	0	0	0
Sep 02, 2023	0	0	0	0
Sep 03, 2023	0	0	0	0
Sep 04, 2023	0	0	0	0
Sep 05, 2023	0	0	0	0
Sep 06, 2023	0	0	0	0
Sep 07, 2023	0	0	0	0
Sep 08, 2023	0	0	0	0
Sep 09, 2023	0	0	0	0
Sep 10, 2023	0	0	0	0
Sep 11, 2023	0	0	0	0
Sep 12, 2023	0	0	0	0
Sep 13, 2023	0	0	0	0
Sep 14, 2023	0	0	0	0
Sep 15, 2023	0	0	0	0
Sep 16, 2023	0	0	0	0
Sep 17, 2023	0	0	0	0
Sep 18, 2023	0	0	0	0
Sep 19, 2023	0	0	0	0
Sep 20, 2023	0	0	0	0
Sep 21, 2023	0	0	0	0
Sep 22, 2023	0	0	0	0
Sep 23, 2023	0	0	0	0
Sep 24, 2023	0	0	0	0
Sep 25, 2023	0	0	0	0
Sep 26, 2023	0	0	0	0
Sep 27, 2023	0	0	0	0
Sep 28, 2023	0	0	0	0
Sep 29, 2023	0	0	0	0
Sep 30, 2023	0	0	0	0
Oct 01, 2023	0	0	0	0
Oct 02, 2023	0	0	0	0
Oct 03, 2023	0	0	0	0
Oct 04, 2023	0	0	0	0
Oct 05, 2023	0	0	0	0
Oct 06, 2023	0	0	0	0
Oct 07, 2023	0	0	0	0
Oct 08, 2023	0	0	0	0
Oct 09, 2023	0	0	0	0
Oct 10, 2023	0	0	0	0
Oct 11, 2023	0	0	0	0
Oct 12, 2023	0	0	0	0
Oct 13, 2023	0	0	0	0
Oct 14, 2023	0	0	0	0
Oct 15, 2023	0	0	0	0
Oct 16, 2023	0	0	0	0
Oct 17, 2023	0	0	0	0
Oct 18, 2023	0	0	0	0
Oct 19, 2023	0	0	0	0
Oct 20, 2023	0	0	0	0
Oct 21, 2023	0	0	0	0
Oct 22, 2023	0	0	0	0
Oct 23, 2023	0	0	0	0
Oct 24, 2023	0	0	0	0
Oct 25, 2023	0	0	0	0
Oct 26, 2023	0	0	0	0
Oct 27, 2023	0	0	0	0
Oct 28, 2023	0	0	0	0
Oct 29, 2023	0	0	0	0
Oct 30, 2023	0	0	0	0
Oct 31, 2023	0	0	0	0
Nov 01, 2023	0	0	0	0
Nov 02, 2023	0	0	0	0
Nov 03, 2023	0	0	0	0
Nov 04, 2023	0	0	0	0
Nov 05, 2023	0	0	0	0
Nov 06, 2023	0	0	0	0
Nov 07, 2023	0	0	0	0
Nov 08, 2023	0	0	0	0
Nov 09, 2023	0	0	0	0
Nov 10, 2023	0	0	0	0
Nov 11, 2023	0	0	0	0
Nov 12, 2023	0	0	0	0
Nov 13, 2023	0	0	0	0
Nov 14, 2023	0	0	0	0
Nov 15, 2023	0	0	0	0
Nov 16, 2023	0	0	0	0
Nov 17, 2023	0	0	0	0
Nov 18, 2023	0	0	0	0
Nov 19, 2023	0	0	0	0
Nov 20, 2023	0	0	0	0
Nov 21, 2023	0	0	0	0
Nov 22, 2023	0	0	0	0
Nov 23, 2023	0	0	0	0
Nov 24, 2023	0	0	0	0
Nov 25, 2023	0	0	0	0
Nov 26, 2023	0	0	0	0
Nov 27, 2023	0	0	0	0
Nov 28, 2023	0	0	0	0
Nov 29, 2023	0	0	0	0
Nov 30, 2023	0	0	0	0
Dec 01, 2023	0	0	0	0
Dec 02, 2023	0	0	0	0
Dec 03, 2023	0	0	0	0
Dec 04, 2023	0	0	0	0
Dec 05, 2023	0	0	0	0
Dec 06, 2023	0	0	0	0
Dec 07, 2023	0	0	0	0
Dec 08, 2023	0	0	0	0
Dec 09, 2023	0	0	0	0
Dec 10, 2023	0	0	0	0
Dec 11, 2023	0	0	0	0
Dec 12, 2023	0	0	0	0
Dec 13, 2023	0	0	0	0
Dec 14, 2023	0	0	0	0
Dec 15, 2023	0	0	0	0
Dec 16, 2023	0	0	0	0
Dec 17, 2023	0	0	0	0
Dec 18, 2023	0	0	0	0
Dec 19, 2023	0	0	0	0
Dec 20, 2023	0	0	0	0
Dec 21, 2023	0	0	0	0
Dec 22, 2023	0	0	0	0
Dec 23, 2023	0	0	0	0
Dec 24, 2023	0	0	0	0
Dec 25, 2023	0	0	0	0
Dec 26, 2023	0	0	0	0
Dec 27, 2023	0	0	0	0
Dec 28, 2023	0	0	0	0
Dec 29, 2023	0	0	0	0
Dec 30, 2023	0	0	0	0
Dec 31, 2023	0	0	0	0
Jan 01, 2024	0	0	0	0
Jan 02, 2024	0	0	0	0
Jan 03, 2024	0	0	0	0
Jan 04, 2024	0	0	0	0
Jan 05, 2024	0	0	0	0
Jan 06, 2024	0	0	0	0
Jan 07, 2024	0	0	0	0
Jan 08, 2024	0	0	0	0
Jan 09, 2024	0	0	0	0
Jan 10, 2024	0	0	0	0
Jan 11, 2024	0	0	0	0
Jan 12, 2024	0	0	0	0
Jan 13, 2024	0	0	0	0
Jan 14, 2024	0	0	0	0
Jan 15, 2024	0	0	0	0
Jan 16, 2024	0	0	0	0
Jan 17, 2024	0	0	0	0
Jan 18, 2024	0	0	0	0
Jan 19, 2024	0	0	0	0
Jan 20, 2024	0	0	0	0
Jan 21, 2024	0	0	0	0
Jan 22, 2024	0	0	0	0
Jan 23, 2024	0	0	0	0
Jan 24, 2024	0	0	0	0
Jan 25, 2024	0	0	0	0
Jan 26, 2024	0	0	0	0
Jan 27, 2024	0	0	0	0
Jan 28, 2024	0	0	0	0
Jan 29, 2024	0	0	0	0
Jan 30, 2024	0	0	0	0
Jan 31, 2024	0	0	0	0
Feb 01, 2024	0	0	0	0
Feb 02, 2024	0	0	0	0
Feb 03, 2024	0	0	0	0
Feb 04, 2024	0	0	0	0
Feb 05, 2024	0	0	0	0
Feb 06, 2024	0	0	0	0
Feb 07, 2024	0	0	0	0
Feb 08, 2024	0	0	0	0
Feb 09, 2024	0	0	0	0
Feb 10, 2024	0	0	0	0
Feb 11, 2024	0	0	0	0
Feb 12, 2024	0	0	0	0
Feb 13, 2024	0	0	0	0
Feb 14, 2024	0	0	0	0
Feb 15, 2024	0	0	0	0
Feb 16, 2024	0	0	0	0
Feb 17, 2024	0	0	0	0
Feb 18, 2024	0	0	0	0
Feb 19, 2024	0	0	0	0
Feb 20, 2024	0	0	0	0
Feb 21, 2024	0	0	0	0
Feb 22, 2024	0	0	0	0
Feb 23, 2024	0	0	0	0
Feb 24, 2024	0	0	0	0
Feb 25, 2024	0	0	0	0
Feb 26, 2024	0	0	0	0
Feb 27, 2024	0	0	0	0
Feb 28, 2024	0	0	0	0
Feb 29, 2024	0	0	0	0
Mar 01, 2024	0	0	0	0
Mar 02, 2024	0	0	0	0
Mar 03, 2024	0	0	0	0
Mar 04, 2024	0	0	0	0
Mar 05, 2024	0	0	0	0
Mar 06, 2024	0	0	0	0
Mar 07, 2024	0	0	0	0
Mar 08, 2024	0	0	0	0
Mar 09, 2024	0	0	0	0
Mar 10, 2024	0	0	0	0
Mar 11, 2024	0	0	0	0
Mar 12, 2024	0	0	0	0
Mar 13, 2024	0	0	0	0
Mar 14, 2024	0	0	0	0
Mar 15, 2024	0	0	0	0
Mar 16, 2024	0	0	0	0
Mar 17, 2024	0	0	0	0
Mar 18, 2024	0	0	0	0
Mar 19, 2024	0	0	0	0
Mar 20, 2024	0	0	0	0
Mar 21, 2024	0	0	0	0
Mar 22, 2024	0	0	0	0
Mar 23, 2024	0	0	0	0
