Feb 15, 2020	0	null	null	null
Feb 16, 2020	0	0	0	0
Feb 17, 2020	0	0	1	0
Feb 18, 2020	0	0	2	0
Feb 19, 2020	0	0	0	0
Feb 20, 2020	0	0	0	0
Feb 21, 2020	0	0	0	0
Feb 22, 2020	0	0	3	0
Feb 23, 2020	0	0	0	0
Feb 24, 2020	0	0	1	0
Feb 25, 2020	0	0	0	2
Feb 26, 2020	0	0	0	4
Feb 27, 2020	0	0	0	19
Feb 28, 2020	0	0	0	18
Feb 29, 2020	0	0	1	39
Mar 01, 2020	0	0	0	27
Mar 02, 2020	0	0	0	56
Mar 03, 2020	0	0	0	20
Mar 04, 2020	0	0	0	67
Mar 05, 2020	0	0	0	126
Mar 06, 2020	0	0	0	209
Mar 07, 2020	0	5	0	269
Mar 08, 2020	0	3	0	236
Mar 09, 2020	0	11	0	185
Mar 10, 2020	0	3	0	338
Mar 11, 2020	0	15	0	452
Mar 12, 2020	0	13	0	540
Mar 13, 2020	4	18	0	714
Mar 14, 2020	6	12	0	761
Mar 15, 2020	6	36	0	840
Mar 16, 2020	29	21	0	1100
Mar 17, 2020	50	27	590	997
Mar 18, 2020	79	89	0	1277
Mar 19, 2020	79	108	693	1691
Mar 20, 2020	110	78	292	1469
Mar 21, 2020	110	112	0	1678
Mar 22, 2020	158	112	613	1417
Mar 23, 2020	162	186	0	3488
Mar 24, 2020	189	240	1081	2224
Mar 25, 2020	217	231	619	2662
Mar 26, 2020	238	365	1048	3564
Mar 27, 2020	238	299	752	3462
Mar 28, 2020	303	319	0	4191
Mar 29, 2020	303	292	1502	2362
Mar 30, 2020	294	418	725	3977
Mar 31, 2020	296	498	1517	6887
Apr 01, 2020	286	508	1491	4418
Apr 02, 2020	284	1354	1493	1923
Apr 03, 2020	296	1119	1580	4755
Apr 04, 2020	302	1052	1430	3877
Apr 05, 2020	296	517	745	1703
Apr 06, 2020	286	832	1067	3555
Apr 07, 2020	267	1416	2087	3432
Apr 08, 2020	257	540	1917	3526
Apr 09, 2020	257	1339	1952	3895
Apr 10, 2020	260	986	1726	3946
Apr 11, 2020	273	634	1459	2829
Apr 12, 2020	274	561	795	1466
Apr 13, 2020	227	574	532	2428
Apr 14, 2020	224	761	1087	4996
Apr 15, 2020	212	1437	2150	2393
Apr 16, 2020	207	752	1857	2400
Apr 17, 2020	207	760	1608	368
Apr 18, 2020	210	641	1563	2335
Apr 19, 2020	209	395	595	714
Apr 20, 2020	212	546	831	1864
Apr 21, 2020	207	530	1772	2423
Apr 22, 2020	200	543	1476	1661
Apr 23, 2020	200	515	1431	1502
Apr 24, 2020	182	389	1405	1611
Apr 25, 2020	182	369	1101	1397
Apr 26, 2020	212	242	309	419
Apr 27, 2020	216	436	610	3420
Apr 28, 2020	219	367	1373	1381
Apr 29, 2020	216	426	1342	1675
Apr 30, 2020	209	289	1248	1061
May 01, 2020	196	218	736	563
May 02, 2020	195	166	350	740
May 03, 2020	196	135	222	287
May 04, 2020	193	306	587	537
May 05, 2020	185	330	1365	1029
May 06, 2020	170	278	1236	3898
May 07, 2020	175	178	1055	586
May 08, 2020	170	243	815	598
May 09, 2020	171	80	4206	403
May 10, 2020	171	70	4272	195
May 11, 2020	169	263	2851	425
May 12, 2020	166	348	1265	659
May 13, 2020	155	83	2590	473
May 14, 2020	158	351	5146	580
May 15, 2020	160	104	2529	524
May 16, 2020	156	96	2468	347
May 17, 2020	150	146	77	112
May 18, 2020	148	131	2361	459
May 19, 2020	139	119	1002	489
May 20, 2020	138	110	1941	389
May 21, 2020	135	83	2584	296
May 22, 2020	130	74	1753	366
May 23, 2020	126	43	1610	233
May 24, 2020	129	35	1738	107
May 25, 2020	136	65	1267	334
May 26, 2020	129	98	3800	257
May 27, 2020	131	66	520	178
May 28, 2020	135	66	532	3098
May 29, 2020	114	52	351	556
May 30, 2020	117	57	138	1703
May 31, 2020	116	31	394	239
Jun 01, 2020	113	31	628	315
Jun 02, 2020	112	107	366	283
Jun 03, 2020	107	81	499	330
Jun 04, 2020	100	44	480	720
Jun 05, 2020	90	46	301	573
Jun 06, 2020	96	31	81	543
Jun 07, 2020	92	13	446	322
Jun 08, 2020	84	54	435	198
Jun 09, 2020	69	87	302	378
Jun 10, 2020	66	23	273	511
Jun 11, 2020	52	27	339	399
Jun 12, 2020	44	28	205	681
Jun 13, 2020	40	24	83	494
Jun 14, 2020	37	9	325	382
Jun 15, 2020	33	29	228	143
Jun 16, 2020	24	111	67	323
Jun 17, 2020	15	28	3070	430
Jun 18, 2020	12	28	528	438
Jun 19, 2020	15	14	1689	761
Jun 20, 2020	19	16	223	602
Jun 21, 2020	37	7	308	267
Jun 22, 2020	42	23	260	350
Jun 23, 2020	45	57	273	485
Jun 24, 2020	61	11	709	76
Jun 25, 2020	63	21	552	0
Jun 26, 2020	75	26	517	1490
Jun 27, 2020	80	8	314	490
Jun 28, 2020	84	9	189	490
Jun 29, 2020	83	18	360	263
Jun 30, 2020	85	30	481	508
Jul 01, 2020	90	18	381	861
Jul 02, 2020	91	14	667	618
Jul 03, 2020	87	18	476	546
Jul 04, 2020	87	7	375	526
Jul 05, 2020	79	7	136	600
Jul 06, 2020	73	13	310	165
Jul 07, 2020	71	13	417	446
Jul 08, 2020	74	32	406	622
Jul 09, 2020	70	14	747	583
Jul 10, 2020	70	25	577	617
Jul 11, 2020	60	4	263	628
Jul 12, 2020	60	3	347	627
Jul 13, 2020	55	18	467	270
Jul 14, 2020	61	71	5	480
Jul 15, 2020	69	20	-20	390
Jul 16, 2020	78	18	1472	501
Jul 17, 2020	88	14	476	785
Jul 18, 2020	90	9	481	812
Jul 19, 2020	99	8	255	812
Jul 20, 2020	104	8	500	328
Jul 21, 2020	134	13	848	548
Jul 22, 2020	149	7	611	937
Jul 23, 2020	167	10	536	997
Jul 24, 2020	186	10	516	1060
Jul 25, 2020	193	4	596	956
Jul 26, 2020	210	4	161	955
Jul 27, 2020	216	9	437	482
Jul 28, 2020	225	14	608	680
Jul 29, 2020	235	15	568	1306
Jul 30, 2020	230	16	601	1292
Jul 31, 2020	235	11	617	1263
Aug 01, 2020	239	3	624	0
Aug 02, 2020	239	4	266	2646
Aug 03, 2020	232	22	458	522
Aug 04, 2020	215	2	388	975
Aug 05, 2020	207	9	492	1591
Aug 06, 2020	202	7	778	1505
Aug 07, 2020	193	12	800	2147
Aug 08, 2020	186	1	811	1910
Aug 09, 2020	191	1	327	1909
Aug 10, 2020	181	14	534	737
Aug 11, 2020	191	14	923	1311
Aug 12, 2020	193	17	980	2369
Aug 13, 2020	192	17	1043	2505
Aug 14, 2020	201	17	939	2671
Aug 15, 2020	202	4	951	3106
Aug 16, 2020	202	1	481	2829
Aug 17, 2020	212	24	656	463
Aug 18, 2020	226	17	1289	2100
Aug 19, 2020	225	17	1275	3544
Aug 20, 2020	223	12	1251	4477
Aug 21, 2020	225	23	-23	4304
Aug 22, 2020	215	9	2637	3380
Aug 23, 2020	209	1	521	4596
Aug 24, 2020	196	15	960	1835
Aug 25, 2020	184	16	1575	3101
Aug 26, 2020	178	0	1505	5095
Aug 27, 2020	175	32	2115	5735
Aug 28, 2020	161	20	1890	6925
Aug 29, 2020	162	6	1903	5117
Aug 30, 2020	163	4	733	5080
Aug 31, 2020	142	29	1282	2892
Sep 01, 2020	148	26	2343	4675
Sep 02, 2020	149	25	2480	6585
Sep 03, 2020	155	0	2671	6716
Sep 04, 2020	162	0	3106	8423
Sep 05, 2020	165	12	2817	8024
Sep 06, 2020	175	3	460	6636
Sep 07, 2020	182	25	2075	3944
Sep 08, 2020	191	38	3506	6141
Sep 09, 2020	218	30	4447	8049
Sep 10, 2020	230	19	4285	9237
Sep 11, 2020	238	80	3300	8827
Sep 12, 2020	233	17	4579	9911
Sep 13, 2020	250	6	1829	6741
Sep 14, 2020	239	34	3067	5779
Sep 15, 2020	237	49	5046	7369
Sep 16, 2020	252	46	5689	9182
Sep 17, 2020	248	50	6875	9941
Sep 18, 2020	241	153	4964	12402
Sep 19, 2020	246	26	5054	12667
Sep 20, 2020	250	11	2881	9918
Sep 21, 2020	247	53	4622	4972
Sep 22, 2020	243	78	6507	9392
Sep 23, 2020	238	43	6673	12267
Sep 24, 2020	233	52	8371	15105
Sep 25, 2020	210	150	7874	14825
Sep 26, 2020	235	39	6597	13525
Sep 27, 2020	233	27	3917	10438
Sep 28, 2020	208	81	6060	3819
Sep 29, 2020	214	85	7964	7555
Sep 30, 2020	207	63	9174	12054
Oct 01, 2020	204	63	8764	13110
Oct 02, 2020	225	130	9781	11400
Oct 03, 2020	243	49	6692	15927
Oct 04, 2020	253	32	5747	11792
Oct 05, 2020	245	69	7300	4771
Oct 06, 2020	250	66	9116	9843
Oct 07, 2020	267	80	9861	17592
Oct 08, 2020	273	76	12326	17013
Oct 09, 2020	285	109	12558	19087
Oct 10, 2020	288	54	9864	25240
Oct 11, 2020	302	46	4926	15110
Oct 12, 2020	312	95	9297	7981
Oct 13, 2020	299	108	12159	12193
Oct 14, 2020	330	104	15001	21200
Oct 15, 2020	341	88	14737	28736
Oct 16, 2020	357	178	13347	23542
Oct 17, 2020	398	89	10349	30431
Oct 18, 2020	375	85	3734	28000
Oct 19, 2020	388	146	7409	12428
Oct 20, 2020	429	262	11792	19208
Oct 21, 2020	438	163	12947	25034
Oct 22, 2020	444	162	11238	39060
Oct 23, 2020	465	298	15629	39445
Oct 24, 2020	453	137	11655	42626
Oct 25, 2020	447	116	4655	48808
Oct 26, 2020	407	257	9586	25123
Oct 27, 2020	407	523	17069	31360
Oct 28, 2020	445	244	16769	34194
Oct 29, 2020	483	235	18852	44705
Oct 30, 2020	492	545	24695	46185
Oct 31, 2020	506	223	14887	33447
Nov 01, 2020	489	231	7750	45258
Nov 02, 2020	447	467	11726	51104
Nov 03, 2020	408	906	20294	35912
Nov 04, 2020	414	437	28299	39880
Nov 05, 2020	434	415	23127	56292
Nov 06, 2020	456	880	29551	58581
Nov 07, 2020	477	356	27644	83324
Nov 08, 2020	509	322	12106	38059
Nov 09, 2020	505	548	18660	20732
Nov 10, 2020	524	857	24177	22632
Nov 11, 2020	559	328	38732	35488
Nov 12, 2020	629	425	39020	32948
Nov 13, 2020	684	932	41694	24147
Nov 14, 2020	718	552	48256	31937
Nov 15, 2020	732	500	24623	27370
Nov 16, 2020	753	704	30656	10645
Nov 17, 2020	792	625	33569	13630
Nov 18, 2020	824	677	44028	26636
Nov 19, 2020	829	681	45504	19848
Nov 20, 2020	861	634	32813	21473
Nov 21, 2020	874	390	44868	16780
Nov 22, 2020	949	352	50752	12347
Nov 23, 2020	928	638	35274	4178
Nov 24, 2020	971	592	39288	8591
Nov 25, 2020	992	569	55723	15280
Nov 26, 2020	1022	527	58054	12728
Nov 27, 2020	1122	581	82743	11692
Nov 28, 2020	1251	316	37743	11806
Nov 29, 2020	1373	301	20431	9182
Nov 30, 2020	1423	509	22123	3758
Dec 01, 2020	1463	466	35022	7585
Dec 02, 2020	1561	425	32523	13198
Dec 03, 2020	1668	439	23708	11914
Dec 04, 2020	1825	397	31540	10530
Dec 05, 2020	1938	327	27043	12127
Dec 06, 2020	2159	287	10358	10344
Dec 07, 2020	2182	480	13150	3201
Dec 08, 2020	2305	491	26145	12869
Dec 09, 2020	2453	403	19445	13697
Dec 10, 2020	2650	400	21073	12904
Dec 11, 2020	2818	412	16368	12581
Dec 12, 2020	2934	314	12033	13088
Dec 13, 2020	3258	271	3907	10823
Dec 14, 2020	3341	492	8099	2874
Dec 15, 2020	3425	428	14852	10822
Dec 16, 2020	3649	407	12321	16531
Dec 17, 2020	3925	376	11316	17130
Dec 18, 2020	4142	374	11432	14709
Dec 19, 2020	4441	294	8888	16484
Dec 20, 2020	4602	236	3522	12011
Dec 21, 2020	4670	456	7129	5440
Dec 22, 2020	4754	487	12711	11069
Dec 23, 2020	5008	359	11555	14010
Dec 24, 2020	5282	373	10157	20302
Dec 25, 2020	5226	242	11885	19015
Dec 26, 2020	5224	230	10114	2903
Dec 27, 2020	5204	257	2944	8279
Dec 28, 2020	5180	447	12422	2778
Dec 29, 2020	5288	468	13229	10694
Dec 30, 2020	5310	377	12527	24828
Dec 31, 2020	5470	325	12256	18700
Jan 01, 2021	5570	207	12881	18157
Jan 02, 2021	5482	231	10592	3253
Jan 03, 2021	5494	191	2683	11720
Jan 04, 2021	5676	453	10369	3774
Jan 05, 2021	5968	420	16111	19228
Jan 06, 2021	6287	387	16743	23817
Jan 07, 2021	6478	381	14328	20367
Jan 08, 2021	6422	381	16103	18594
Jan 09, 2021	6354	264	11747	18935
Jan 10, 2021	6917	248	5192	14963
Jan 11, 2021	7084	407	10662	3362
Jan 12, 2021	7478	452	13558	18536
Jan 13, 2021	7467	347	19955	22384
Jan 14, 2021	8024	401	18614	19921
Jan 15, 2021	8232	399	2504	19962
Jan 16, 2021	8235	264	8015	20088
Jan 17, 2021	8157	213	2565	15618
Jan 18, 2021	7926	475	10219	3506
Jan 19, 2021	7706	441	24387	22155
Jan 20, 2021	7840	420	18280	25135
Jan 21, 2021	7718	456	17701	21442
Jan 22, 2021	8091	429	2824	21858
Jan 23, 2021	8053	295	11425	22451
Jan 24, 2021	7987	237	3537	17301
Jan 25, 2021	7508	510	18718	3979
Jan 26, 2021	7418	417	23400	20726
Jan 27, 2021	7323	505	19862	25259
Jan 28, 2021	7166	499	18095	22307
Jan 29, 2021	6958	510	18425	21451
Jan 30, 2021	6836	322	14641	22890
Jan 31, 2021	6619	275	3087	18051
Feb 01, 2021	6149	536	18000	4079
Feb 02, 2021	6036	485	21899	21900
Feb 03, 2021	5931	476	19445	24739
Feb 04, 2021	5917	476	19486	22005
Feb 05, 2021	5858	413	19675	20776
Feb 06, 2021	5862	263	15355	19319
Feb 07, 2021	5845	243	3263	18501
Feb 08, 2021	5476	530	21625	4051
Feb 09, 2021	5375	508	24627	17708
Feb 10, 2021	5493	404	21038	23824
Feb 11, 2021	5304	468	21390	19766
Feb 12, 2021	5335	429	22022	19427
Feb 13, 2021	5421	257	17044	19924
Feb 14, 2021	5485	226	3753	15527
Feb 15, 2021	5333	471	20255	4107
Feb 16, 2021	5119	410	24849	18384
Feb 17, 2021	5174	391	21916	23478
Feb 18, 2021	5218	352	21099	21116
Feb 19, 2021	5416	409	22481	22631
Feb 20, 2021	5713	213	17838	20994
Feb 21, 2021	5976	163	3916	20689
Feb 22, 2021	5882	363	21537	4360
Feb 23, 2021	5873	341	24398	18829
Feb 24, 2021	6248	370	21635	29579
Feb 25, 2021	6604	354	20422	23839
Feb 26, 2021	6929	379	18940	23655
Feb 27, 2021	7293	214	18287	22519
Feb 28, 2021	7347	125	3926	18724
Mar 01, 2021	7354	404	17304	4413
Mar 02, 2021	7189	330	23494	21450
Mar 03, 2021	7472	389	19377	25139
Mar 04, 2021	7702	360	19067	23723
Mar 05, 2021	7873	305	19619	22060
Mar 06, 2021	8190	187	15340	21871
Mar 07, 2021	8325	147	3960	20482
Mar 08, 2021	8404	377	18007	4999
Mar 09, 2021	8462	316	23162	21868
Mar 10, 2021	8672	295	20821	28438
Mar 11, 2021	9261	296	22335	25494
Mar 12, 2021	9758	254	20740	23676
Mar 13, 2021	9896	192	20497	27927
Mar 14, 2021	10462	137	4223	24721
Mar 15, 2021	10536	357	18472	6073
Mar 16, 2021	10461	338	29241	28130
Mar 17, 2021	10923	300	23539	36131
Mar 18, 2021	11575	327	23328	32844
Mar 19, 2021	12126	362	22157	32911
Mar 20, 2021	12479	244	18480	33169
Mar 21, 2021	13015	170	4243	28699
Mar 22, 2021	14436	402	21048	35259
Mar 23, 2021	15295	347	24792	23350
Mar 24, 2021	16762	305	23418	31334
Mar 25, 2021	17787	285	21775	42831
Mar 26, 2021	18517	363	21508	39292
Mar 27, 2021	18936	201	20281	39995
Mar 28, 2021	18924	142	4857	34736
Mar 29, 2021	19246	371	21497	26843
Mar 30, 2021	20070	348	28090	26580
Mar 31, 2021	21195	325	25169	39327
Apr 01, 2021	21979	314	23362	47541
Apr 02, 2021	23488	304	27623	43804
Apr 03, 2021	23798	213	24508	18571
Apr 04, 2021	27621	185	5888	57172
Apr 05, 2021	24770	197	27933	11576
Apr 06, 2021	25309	414	35717	54241
Apr 07, 2021	26919	431	32413	28890
Apr 08, 2021	28141	374	32537	14892
Apr 09, 2021	32342	301	32868	38704
Apr 10, 2021	35532	179	28520	40620
Apr 11, 2021	32903	176	35083	32747
Apr 12, 2021	32515	385	22965	8011
Apr 13, 2021	31302	351	30983	36705
Apr 14, 2021	31054	303	42528	40827
Apr 15, 2021	32136	302	38990	35703
Apr 16, 2021	31662	313	39682	34199
Apr 17, 2021	31216	189	34547	33653
Apr 18, 2021	29919	140	26703	27538
Apr 19, 2021	28758	489	26091	6847
Apr 20, 2021	27715	346	38981	39882
Apr 21, 2021	27969	313	47228	32815
Apr 22, 2021	28267	283	43521	32205
Apr 23, 2021	28749	332	18239	30349
Apr 24, 2021	28374	217	56955	30624
Apr 25, 2021	28050	152	11424	22959
Apr 26, 2021	27398	405	53836	5586
Apr 27, 2021	27012	333	28557	28451
Apr 28, 2021	28123	322	14570	29598
Apr 29, 2021	28206	313	38391	24904
Apr 30, 2021	27989	276	40344	22803
May 01, 2021	27489	195	32552	24090
May 02, 2021	25999	116	7895	9279
May 03, 2021	24541	315	36390	3529
May 04, 2021	24605	247	40580	22871
May 05, 2021	25230	252	35451	24400
May 06, 2021	25971	227	33972	20375
May 07, 2021	25961	235	33418	17947
May 08, 2021	25979	179	27359	19468
May 09, 2021	25447	119	6728	8566
May 10, 2021	24735	296	39586	3089
May 11, 2021	25554	240	32575	18573
May 12, 2021	25928	184	32021	20175
May 13, 2021	27216	131	30218	18263
May 14, 2021	27786	173	30451	6593
May 15, 2021	27990	122	22837	14719
May 16, 2021	27715	91	5495	13089
May 17, 2021	27334	206	28245	3144
May 18, 2021	27870	198	29400	16151
May 19, 2021	29138	146	24763	17877
May 20, 2021	30973	138	22803	15415
May 21, 2021	32777	113	23947	12800
May 22, 2021	33411	95	9166	12611
May 23, 2021	33696	76	3440	9704
May 24, 2021	33325	68	22801	2229
May 25, 2021	34257	203	24320	3155
May 26, 2021	36121	153	20172	12646
May 27, 2021	36997	151	17803	13933
May 28, 2021	34158	107	19308	11268
May 29, 2021	37675	69	8459	10675
May 30, 2021	37226	46	3021	8541
May 31, 2021	36654	128	18529	1211
Jun 01, 2021	36634	129	20044	9848
Jun 02, 2021	37171	98	18134	8743
Jun 03, 2021	36218	72	6469	8161
Jun 04, 2021	36198	84	14673	6953
Jun 05, 2021	36639	57	13005	6654
Jun 06, 2021	36757	26	3087	5070
Jun 07, 2021	34704	65	16126	1166
Jun 08, 2021	34832	73	17811	6016
Jun 09, 2021	35117	66	15342	5557
Jun 10, 2021	35411	70	12735	4475
Jun 11, 2021	35246	71	12540	3871
Jun 12, 2021	34659	34	9604	3972
Jun 13, 2021	33399	13	2195	2855
Jun 14, 2021	31902	63	3171	689
Jun 15, 2021	31337	80	12583	3235
Jun 16, 2021	31430	50	13853	3058
Jun 17, 2021	30122	62	11224	2044
Jun 18, 2021	29155	56	10607	3181
Jun 19, 2021	27789	22	8485	2624
Jun 20, 2021	26100	14	1189	1815
Jun 21, 2021	24195	40	9834	487
Jun 22, 2021	23449	51	8703	2204
Jun 23, 2021	22761	33	8110	2320
Jun 24, 2021	21610	44	6920	2007
Jun 25, 2021	20385	33	6610	1986
Jun 26, 2021	19033	16	5037	2128
Jun 27, 2021	17878	21	1154	1578
Jun 28, 2021	16588	48	5999	509
Jun 29, 2021	15763	33	5501	2314
Jun 30, 2021	15268	25	4442	2457
Jul 01, 2021	14690	29	3846	2664
Jul 02, 2021	13657	24	3943	2683
Jul 03, 2021	12613	17	2831	3006
Jul 04, 2021	11600	9	672	2549
Jul 05, 2021	10646	36	3226	796
Jul 06, 2021	9979	34	3022	3585
Jul 07, 2021	9632	28	2010	4081
Jul 08, 2021	9088	25	3153	4442
Jul 09, 2021	8442	18	2599	4580
Jul 10, 2021	7792	19	1797	4696
Jul 11, 2021	7220	4	468	4256
Jul 12, 2021	6612	28	2200	1260
Jul 13, 2021	6229	54	2292	6950
Jul 14, 2021	5998	6	1953	8875
Jul 15, 2021	5486	16	1980	3617
Jul 16, 2021	5152	22	2112	10908
Jul 17, 2021	4887	16	1556	10949
Jul 18, 2021	4534	5	493	12532
Jul 19, 2021	4082	20	2309	4151
Jul 20, 2021	3828	33	2437	18181
Jul 21, 2021	3495	29	2631	21539
Jul 22, 2021	3287	11	2654	21909
Jul 23, 2021	3116	26	2995	19561
Jul 24, 2021	2921	25	2523	25624
Jul 25, 2021	2678	7	771	15242
Jul 26, 2021	2467	50	3579	5307
Jul 27, 2021	2404	31	4036	26871
Jul 28, 2021	2305	44	4414	27934
Jul 29, 2021	2227	32	4540	25190
Jul 30, 2021	2115	66	4667	24309
Jul 31, 2021	2072	47	4196	23471
Aug 01, 2021	1967	20	1217	19600
Aug 02, 2021	1904	56	6932	5184
Aug 03, 2021	1833	63	8824	26829
Aug 04, 2021	1812	59	3560	28784
Aug 05, 2021	1787	57	10855	26460
Aug 06, 2021	1742	66	10897	25077
Aug 07, 2021	1619	35	12472	25755
Aug 08, 2021	1636	33	4119	20450
Aug 09, 2021	1541	75	18151	5775
Aug 10, 2021	1521	75	21471	28576
Aug 11, 2021	1538	60	21841	30920
Aug 12, 2021	1513	85	19507	28554
Aug 13, 2021	1468	82	25547	26453
Aug 14, 2021	1470	56	15168	24427
Aug 15, 2021	1431	49	5256	21172
Aug 16, 2021	1363	107	26827	5829
Aug 17, 2021	1368	123	27837	28114
Aug 18, 2021	1404	124	25079	28405
Aug 19, 2021	1374	140	24197	23973
Aug 20, 2021	1400	92	23344	22319
Aug 21, 2021	1406	89	19517	22636
Aug 22, 2021	1367	49	5103	17300
Aug 23, 2021	1317	119	26785	5166
Aug 24, 2021	1307	169	28676	24853
Aug 25, 2021	1305	102	26307	23706
Aug 26, 2021	1242	110	24984	19683
Aug 27, 2021	1175	109	25432	18249
Aug 28, 2021	1169	85	20355	17590
Aug 29, 2021	1153	61	5701	13630
Aug 30, 2021	1090	112	28523	3795
Aug 31, 2021	1138	136	30822	19425
Sep 01, 2021	1176	86	28418	17621
Sep 02, 2021	1362	103	26320	15911
Sep 03, 2021	1301	93	24324	13466
Sep 04, 2021	1359	83	21079	13336
Sep 05, 2021	1385	49	5746	10410
Sep 06, 2021	1426	102	28065	3042
Sep 07, 2021	1477	152	28303	14534
Sep 08, 2021	1569	100	23821	12828
Sep 09, 2021	1609	103	22219	10969
Sep 10, 2021	1653	80	22533	9966
Sep 11, 2021	1681	46	17220	9601
Sep 12, 2021	1727	29	5120	7679
Sep 13, 2021	1684	86	24824	2062
Sep 14, 2021	1696	147	23620	10327
Sep 15, 2021	1693	79	19536	9144
Sep 16, 2021	1680	65	18170	8128
Sep 17, 2021	1664	66	17525	7373
Sep 18, 2021	1624	42	13564	7414
Sep 19, 2021	1593	28	3753	5814
Sep 20, 2021	1560	68	19397	1515
Sep 21, 2021	1540	153	17553	7851
Sep 22, 2021	1541	58	15758	6794
Sep 23, 2021	1523	62	13408	6229
Sep 24, 2021	1473	49	13274	5879
Sep 25, 2021	1441	29	10361	6012
Sep 26, 2021	1412	14	3013	4706
Sep 27, 2021	1329	92	14520	1309
Sep 28, 2021	1332	60	12736	6765
Sep 29, 2021	1323	42	10909	5835
Sep 30, 2021	1314	56	9924	5204
Oct 01, 2021	1300	46	9545	4935
Oct 02, 2021	1272	30	7633	4948
Oct 03, 2021	1213	9	2032	3744
Oct 04, 2021	1169	50	10318	1138
Oct 05, 2021	1154	75	9094	5558
Oct 06, 2021	1193	34	8053	4946
Oct 07, 2021	1250	34	7339	4615
Oct 08, 2021	1306	38	7380	4470
Oct 09, 2021	1327	15	5776	4734
Oct 10, 2021	1351	8	1500	3991
Oct 11, 2021	1315	30	7843	1120
Oct 12, 2021	1326	68	6764	5880
Oct 13, 2021	1368	23	6161	5578
Oct 14, 2021	1463	38	5856	5187
Oct 15, 2021	1533	34	5974	6099
Oct 16, 2021	1562	15	4672	4899
Oct 17, 2021	1576	5	1294	3778
Oct 18, 2021	1536	41	6760	1057
Oct 19, 2021	1565	49	5794	5934
Oct 20, 2021	1613	21	5155	6036
Oct 21, 2021	1664	35	4914	6127
Oct 22, 2021	1739	29	4913	6366
Oct 23, 2021	1747	23	3715	6291
Oct 24, 2021	1714	4	1115	5005
Oct 25, 2021	1709	41	5554	1295
Oct 26, 2021	1809	47	4905	6603
Oct 27, 2021	1892	34	4568	6528
Oct 28, 2021	1993	33	4436	6461
Oct 29, 2021	2162	27	4701	6433
Oct 30, 2021	2258	22	3964	7360
Oct 31, 2021	2292	12	1098	6329
Nov 01, 2021	2286	6	5868	1866
Nov 02, 2021	2317	74	5572	2039
Nov 03, 2021	2350	39	5113	10050
Nov 04, 2021	2370	47	6060	9502
Nov 05, 2021	2373	26	4852	8998
Nov 06, 2021	2341	25	3752	9605
Nov 07, 2021	2313	10	1032	8547
Nov 08, 2021	2189	55	5924	2197
Nov 09, 2021	2125	58	5981	12476
Nov 10, 2021	2088	33	6069	11883
Nov 11, 2021	2025	17	6333	12603
Nov 12, 2021	2021	48	6274	3860
Nov 13, 2021	2062	16	4957	14646
Nov 14, 2021	2020	17	1279	12496
Nov 15, 2021	1905	70	6586	3241
Nov 16, 2021	1914	47	6458	19778
Nov 17, 2021	1992	50	6414	20294
Nov 18, 2021	1964	52	6383	20366
Nov 19, 2021	2004	50	7308	21220
Nov 20, 2021	2015	23	6279	22678
Nov 21, 2021	2002	15	1843	19749
Nov 22, 2021	1934	94	2024	5266
Nov 23, 2021	1958	98	9956	30454
Nov 24, 2021	2000	81	9404	32591
Nov 25, 2021	2061	43	8917	33464
Nov 26, 2021	2047	60	9562	34436
Nov 27, 2021	2144	34	8487	37218
Nov 28, 2021	2136	23	2163	31648
Nov 29, 2021	2086	122	12453	8279
Nov 30, 2021	2075	115	11761	47177
Dec 01, 2021	2171	96	12488	49610
Dec 02, 2021	2263	103	3764	48416
Dec 03, 2021	2320	127	14543	49858
Dec 04, 2021	2301	49	12369	51624
Dec 05, 2021	2209	29	3192	42252
Dec 06, 2021	2087	192	19749	11308
Dec 07, 2021	2104	172	20102	59019
Dec 08, 2021	2244	133	20194	61340
Dec 09, 2021	2311	136	21087	56854
Dec 10, 2021	2327	150	-136	55339
Dec 11, 2021	2332	65	42277	53720
Dec 12, 2021	2286	48	5201	43848
Dec 13, 2021	2253	243	30406	12036
Dec 14, 2021	2307	158	32348	63405
Dec 15, 2021	2407	151	33306	65713
Dec 16, 2021	2499	188	34285	60866
Dec 17, 2021	2594	162	37030	58128
Dec 18, 2021	2763	85	31486	58536
Dec 19, 2021	2780	75	8194	48473
Dec 20, 2021	2866	224	47102	15075
Dec 21, 2021	3031	229	49386	72832
Dec 22, 2021	3229	170	48187	84272
Dec 23, 2021	3431	179	49688	91608
Dec 24, 2021	3804	167	51445	94124
Dec 25, 2021	3930	84	42085	104611
Dec 26, 2021	3967	96	11224	27697
Dec 27, 2021	4230	256	58923	30383
Dec 28, 2021	4820	290	61084	179807
Dec 29, 2021	5923	184	56564	208099
Dec 30, 2021	6937	180	55155	206243
Dec 31, 2021	8252	189	53540	232200
Jan 01, 2022	8778	110	43659	219126
Jan 02, 2022	9292	91	11926	58432
Jan 03, 2022	10412	270	63314	67461
Jan 04, 2022	13049	351	65443	271686
Jan 05, 2022	17854	246	60515	332252
Jan 06, 2022	22548	204	57882	261481
Jan 07, 2022	27951	193	58332	328214
Jan 08, 2022	33323	142	48280	303669
Jan 09, 2022	38098	90	14933	296097
Jan 10, 2022	43347	280	72742	93896
Jan 11, 2022	49373	341	83992	368149
Jan 12, 2022	57647	246	91267	361719
Jan 13, 2022	65665	225	93878	305322
Jan 14, 2022	69167	191	104386	329371
Jan 15, 2022	74013	148	27506	324580
Jan 16, 2022	81554	98	30235	278129
Jan 17, 2022	83392	296	179709	102144
Jan 18, 2022	94017	375	207803	464769
Jan 19, 2022	86528	231	205868	436167
Jan 20, 2022	69976	245	231969	425183
Jan 21, 2022	73335	233	218881	400851
Jan 22, 2022	73986	167	58199	389320
Jan 23, 2022	73789	115	67294	301614
Jan 24, 2022	75781	393	271571	108481
Jan 25, 2022	76027	467	331859	501635
Jan 26, 2022	76010	258	261014	428008
Jan 27, 2022	73275	268	327956	392168
Jan 28, 2022	74018	263	303401	353503
Jan 29, 2022	70655	178	295834	332398
Jan 30, 2022	68807	127	93718	249448
Jan 31, 2022	67119	348	368022	82657
Feb 01, 2022	66523	381	361371	416896
Feb 02, 2022	66727	276	304941	315363
Feb 03, 2022	66625	264	329095	274352
Feb 04, 2022	66786	355	324316	241049
Feb 05, 2022	65833	170	277774	214542
Feb 06, 2022	63268	129	101974	155439
Feb 07, 2022	63036	417	464640	46001
Feb 08, 2022	61580	691	435750	235267
Feb 09, 2022	59339	283	412530	179614
Feb 10, 2022	57843	310	412530	153025
Feb 11, 2022	55642	329	389010	131376
Feb 12, 2022	53066	161	301285	118611
Feb 13, 2022	50071	107	108320	86562
Feb 14, 2022	49300	385	501528	26475
Feb 15, 2022	47079	390	427623	142253
Feb 16, 2022	45870	276	391778	98735
Feb 17, 2022	43088	287	353227	92345
Feb 18, 2022	42678	304	332111	82553
Feb 19, 2022	39869	148	249144	76638
Feb 20, 2022	37476	114	82509	59003
Feb 21, 2022	36442	283	416896	17195
Feb 22, 2022	34666	285	319295	97382
Feb 23, 2022	32234	213	269738	66833
Feb 24, 2022	29739	281	240836	66732
Feb 25, 2022	27295	188	214261	58138
Feb 26, 2022	25206	101	155251	53623
Feb 27, 2022	23736	76	45900	42600
Feb 28, 2022	22570	232	235191	13483
Mar 01, 2022	20435	209	179382	79794
Mar 02, 2022	18593	186	152816	57697
Mar 03, 2022	16991	180	131190	60225
Mar 04, 2022	15766	181	118431	57789
Mar 05, 2022	14606	120	86381	53678
Mar 06, 2022	13605	32	26355	45328
Mar 07, 2022	13427	176	142221	14496
Mar 08, 2022	12914	167	98559	93050
Mar 09, 2022	12394	155	92178	69190
Mar 10, 2022	11334	107	82398	74818
Mar 11, 2022	10636	149	76531	72399
Mar 12, 2022	9958	51	58854	72443
Mar 13, 2022	9488	29	17144	60422
Mar 14, 2022	9574	185	97353	18853
Mar 15, 2022	9474	146	66648	116618
Mar 16, 2022	9453	173	66586	108832
Mar 17, 2022	9900	116	57965	101747
Mar 18, 2022	10196	112	53507	97579
Mar 19, 2022	10492	62	42488	98104
Mar 20, 2022	10256	30	13421	81283
Mar 21, 2022	10206	152	79764	24179
Mar 22, 2022	9781	133	57545	180777
Mar 23, 2022	9705	101	60092	145560
Mar 24, 2022	9391	124	57688	148635
Mar 25, 2022	8959	121	53554	143571
Mar 26, 2022	8597	67	45207	139517
Mar 27, 2022	8186	41	14429	110174
Mar 28, 2022	7840	149	93009	29455
Mar 29, 2022	7557	164	69041	217480
Mar 30, 2022	7110	149	74654	169024
Mar 31, 2022	6648	139	72250	169311
Apr 01, 2022	6143	134	72304	148629
Apr 02, 2022	5601	68	60288	132114
Apr 03, 2022	5233	31	18785	102266
Apr 04, 2022	5176	149	116587	27648
Apr 05, 2022	4933	129	108683	203021
Apr 06, 2022	4616	128	101618	161950
Apr 07, 2022	4353	105	97451	158792
Apr 08, 2022	3947	139	97999	148768
Apr 09, 2022	3743	87	81144	141690
Apr 10, 2022	3556	45	24092	107654
Apr 11, 2022	3425	178	180732	25492
Apr 12, 2022	3138	159	145382	190762
Apr 13, 2022	2889	152	148476	146426
Apr 14, 2022	2982	133	143419	137342
Apr 15, 2022	2338	151	139384	125394
Apr 16, 2022	2069	61	110023	111583
Apr 17, 2022	1924	35	29394	86650
Apr 18, 2022	1924	48	217445	19810
Apr 19, 2022	1924	182	168976	25465
Apr 20, 2022	1924	227	169129	155711
Apr 21, 2022	1924	185	148402	104007
Apr 22, 2022	1924	146	131929	88389
Apr 23, 2022	1924	75	102120	80571
Apr 24, 2022	2206	40	27573	58954
Apr 25, 2022	2468	197	202981	13984
Apr 26, 2022	2775	170	161753	97498
Apr 27, 2022	3073	152	158622	67711
Apr 28, 2022	3429	132	148616	59760
Apr 29, 2022	3722	158	141558	52919
Apr 30, 2022	3956	61	107496	49482
May 01, 2022	3956	32	25431	36726
May 02, 2022	3956	180	190730	8737
May 03, 2022	3956	120	146246	67017
May 04, 2022	3956	114	137222	47925
May 05, 2022	3956	122	125280	44225
May 06, 2022	3956	110	111461	40224
May 07, 2022	3956	62	86540	37958
May 08, 2022	3956	54	19748	29324
May 09, 2022	3956	132	25411	7354
May 10, 2022	3956	123	155579	56449
May 11, 2022	2893	96	103884	40299
May 12, 2022	3185	84	88293	36047
May 13, 2022	3587	98	80487	32773
May 14, 2022	4071	74	58856	30459
May 15, 2022	4515	21	13984	22844
May 16, 2022	4642	126	97403	5936
May 17, 2022	4938	90	67585	43727
May 18, 2022	3988	80	59670	29995
May 19, 2022	4137	67	52839	27842
May 20, 2022	4515	65	49415	24332
May 21, 2022	5440	44	36661	22507
May 22, 2022	6269	11	8737	16965
May 23, 2022	7092	82	66962	4386
May 24, 2022	7606	88	47843	32029
May 25, 2022	8542	51	44137	22006
May 26, 2022	10102	28	40173	21234
May 27, 2022	11644	45	37930	4811
May 28, 2022	13222	23	29279	23582
May 29, 2022	14491	14	7354	16440
May 30, 2022	16039	85	56412	4673
May 31, 2022	16984	76	40214	35142
Jun 01, 2022	7974	58	35971	26144
Jun 02, 2022	7912	41	32715	25365
Jun 03, 2022	7850	38	30418	25130
Jun 04, 2022	7788	34	22806	25172
Jun 05, 2022	7726	10	5936	20542
Jun 06, 2022	7637	9	43727	6184
Jun 07, 2022	6951	74	29942	11627
Jun 08, 2022	7004	77	27768	53802
Jun 09, 2022	7143	42	24255	40151
Jun 10, 2022	7355	39	-42	17152
Jun 11, 2022	7342	0	39433	0
Jun 12, 2022	8214	0	4386	79397
Jun 13, 2022	8819	92	32029	8474
Jun 14, 2022	10228	57	21914	65425
Jun 15, 2022	11653	49	21177	51954
Jun 16, 2022	12988	49	4762	53081
Jun 17, 2022	14224	43	23533	50605
Jun 18, 2022	15446	19	-43	50266
Jun 19, 2022	16263	3	16440	40125
Jun 20, 2022	14400	45	39793	11566
Jun 21, 2022	13089	56	26099	95217
Jun 22, 2022	11813	66	25309	77967
Jun 23, 2022	10598	40	25064	79852
Jun 24, 2022	9097	49	25132	79262
Jun 25, 2022	7502	30	-49	80926
Jun 26, 2022	5339	11	20542	66301
Jun 27, 2022	5915	48	17770	17601
Jun 28, 2022	6384	37	53754	147248
Jun 29, 2022	6829	48	40114	124724
Jun 30, 2022	7602	42	17104	133346
Jul 01, 2022	8461	52	-42	125066
Jul 02, 2022	9211	30	-52	122639
Jul 03, 2022	3607	14	79397	96191
Jul 04, 2022	3261	97	73899	24418
Jul 05, 2022	3262	75	51813	206554
Jul 06, 2022	3253	53	53006	154615
Jul 07, 2022	3196	89	50552	161265
Jul 08, 2022	3093	74	50177	140997
Jul 09, 2022	2930	39	-74	116405
Jul 10, 2022	2626	15	40125	110589
Jul 11, 2022	2401	108	106783	24343
Jul 12, 2022	2390	126	77805	182006
Jul 13, 2022	2441	109	79726	127642
Jul 14, 2022	2223	54	79153	119285
Jul 15, 2022	2310	108	80872	23027
Jul 16, 2022	2231	59	66193	124009
Jul 17, 2022	2019	26	17601	73668
Jul 18, 2022	1858	174	147163	17733
Jul 19, 2022	1749	144	124550	134188
Jul 20, 2022	1819	125	133202	89982
Jul 21, 2022	1841	133	124941	80869
Jul 22, 2022	1833	113	122506	74348
Jul 23, 2022	1873	57	96078	68532
Jul 24, 2022	1768	23	24418	50032
Jul 25, 2022	1661	130	206474	11195
Jul 26, 2022	1741	119	154485	87562
Jul 27, 2022	1725	103	161146	58638
Jul 28, 2022	1801	112	140894	51594
Jul 29, 2022	1790	89	116293	45515
Jul 30, 2022	1823	55	110500	41274
Jul 31, 2022	1768	20	24343	31535
Aug 01, 2022	1790	121	181931	7249
Aug 02, 2022	1809	101	127521	54519
Aug 03, 2022	1897	90	119184	38788
Aug 04, 2022	1891	87	22937	33799
Aug 05, 2022	1885	80	123922	30592
Aug 06, 2022	1779	45	73588	28518
Aug 07, 2022	1599	20	17733	21528
Aug 08, 2022	1471	109	134123	5090
Aug 09, 2022	1543	111	89873	38230
Aug 10, 2022	1589	88	80758	27081
Aug 11, 2022	1670	80	74260	24312
Aug 12, 2022	1703	74	68452	22638
Aug 13, 2022	1719	0	49958	21175
Aug 14, 2022	1664	0	11195	16347
Aug 15, 2022	1501	65	87562	4564
Aug 16, 2022	1626	113	58573	6331
Aug 17, 2022	1707	93	51481	35745
Aug 18, 2022	1763	92	45422	23605
Aug 19, 2022	1775	74	41182	20236
Aug 20, 2022	1816	40	31461	19870
Aug 21, 2022	1698	0	7249	14820
Aug 22, 2022	1540	76	54479	4012
Aug 23, 2022	1602	88	38712	28988
Aug 24, 2022	1681	57	33711	21289
Aug 25, 2022	1761	44	30535	19837
Aug 26, 2022	1627	51	28474	18116
Aug 27, 2022	1687	23	21477	17833
Aug 28, 2022	1599	9	5090	14110
Aug 29, 2022	1746	78	38198	3806
Aug 30, 2022	2129	72	27003	27358
Aug 31, 2022	2477	54	24240	19240
Sep 01, 2022	2841	41	22584	18646
Sep 02, 2022	3113	55	21134	16399
Sep 03, 2022	3438	14	16292	15597
Sep 04, 2022	1737	3	4564	12894
Sep 05, 2022	1973	67	6314	3443
Sep 06, 2022	2209	60	35678	26918
Sep 07, 2022	2445	46	23545	20142
Sep 08, 2022	2681	58	20190	19866
Sep 09, 2022	2917	31	19812	19087
Sep 10, 2022	3153	15	14789	19517
Sep 11, 2022	1515	6	4012	16422
Sep 12, 2022	1641	40	28967	4579
Sep 13, 2022	1871	49	21249	41850
Sep 14, 2022	2103	33	19788	33575
Sep 15, 2022	2328	33	18083	33263
Sep 16, 2022	2488	28	17800	28686
Sep 17, 2022	2697	11	14082	33162
Sep 18, 2022	1224	2	3806	23137
Sep 19, 2022	1332	58	27345	5219
Sep 20, 2022	1567	48	19182	51816
Sep 21, 2022	1765	33	18598	38250
Sep 22, 2022	1989	30	16366	38464
Sep 23, 2022	2164	33	15567	37524
Sep 24, 2022	2362	14	12861	38024
Sep 25, 2022	1177	8	3443	31365
Sep 26, 2022	1177	51	26896	7489
Sep 27, 2022	1177	40	20091	73639
Sep 28, 2022	1177	45	19826	53410
Sep 29, 2022	1177	33	19042	51366
Sep 30, 2022	1177	34	19484	48261
Oct 01, 2022	1177	17	16388	46596
Oct 02, 2022	1177	7	4579	37453
Oct 03, 2022	996	62	41826	8690
Oct 04, 2022	996	74	33513	89185
Oct 05, 2022	996	47	33189	66564
Oct 06, 2022	996	50	28639	65537
Oct 07, 2022	996	53	33112	61121
Oct 08, 2022	996	26	23084	57270
Oct 09, 2022	996	8	5219	42626
Oct 10, 2022	1090	79	51782	9373
Oct 11, 2022	1090	85	38171	94753
Oct 12, 2022	1090	55	38379	67948
Oct 13, 2022	1090	62	37469	64218
Oct 14, 2022	1090	79	37962	58695
Oct 15, 2022	1090	35	31286	55394
Oct 16, 2022	1090	17	7489	41973
Oct 17, 2022	920	112	73587	9421
Oct 18, 2022	920	101	53298	87666
Oct 19, 2022	920	106	51265	63031
Oct 20, 2022	920	69	48155	56793
Oct 21, 2022	920	81	46527	49087
Oct 22, 2022	920	33	37372	43746
Oct 23, 2022	920	17	8690	31470
Oct 24, 2022	1048	122	89135	6907
Oct 25, 2022	1048	131	66442	59653
Oct 26, 2022	1048	60	65406	41185
Oct 27, 2022	1048	71	61061	37089
Oct 28, 2022	1048	61	57199	25783
Oct 29, 2022	1048	41	42565	22723
Oct 30, 2022	1048	9	9373	16456
Oct 31, 2022	939	112	94703	3768
Nov 01, 2022	939	53	67836	29525
Nov 02, 2022	939	97	64165	5691
Nov 03, 2022	939	55	58598	42025
Nov 04, 2022	939	78	55339	29438
Nov 05, 2022	939	34	41895	26840
Nov 06, 2022	939	9	0	21178
Nov 07, 2022	709	109	97044	3645
Nov 08, 2022	709	117	62922	40591
Nov 09, 2022	709	72	56676	28702
Nov 10, 2022	709	53	49015	27068
Nov 11, 2022	709	33	43693	26353
Nov 12, 2022	709	15	31437	5577
Nov 13, 2022	709	2	6907	27155
Nov 14, 2022	809	100	59636	6017
Nov 15, 2022	809	110	41085	48971
Nov 16, 2022	809	71	36979	34878
Nov 17, 2022	809	87	25712	33331
Nov 18, 2022	809	74	22636	37177
Nov 19, 2022	809	75	16382	47088
Nov 20, 2022	809	6	3768	14204
Nov 21, 2022	881	94	29444	29335
Nov 22, 2022	881	89	5597	64772
Nov 23, 2022	881	84	41936	49188
Nov 24, 2022	881	60	-84	50530
Nov 25, 2022	881	68	56218	48629
Nov 26, 2022	881	29	21110	48331
Nov 27, 2022	881	8	3645	37675
Nov 28, 2022	1026	95	40554	9304
Nov 29, 2022	1026	88	28607	91814
Nov 30, 2022	1026	91	26980	68382
Dec 01, 2022	1026	76	26262	69253
Dec 02, 2022	1026	67	5501	59008
Dec 03, 2022	1026	38	27088	52908
Dec 04, 2022	1026	10	6017	40006
Dec 05, 2022	1490	104	48923	10591
Dec 06, 2022	1490	117	34774	105516
Dec 07, 2022	1490	93	33214	75752
Dec 08, 2022	1490	62	37084	71597
Dec 09, 2022	1490	94	47026	65509
Dec 10, 2022	1490	62	14110	61482
Dec 11, 2022	1490	30	29335	46422
Dec 12, 2022	2189	167	64680	10878
Dec 13, 2022	2189	138	49021	97037
Dec 14, 2022	2189	114	50392	70224
Dec 15, 2022	2189	106	48515	62541
Dec 16, 2022	2189	131	48225	56361
Dec 17, 2022	2189	45	37544	52544
Dec 18, 2022	2189	35	9304	37264
Dec 19, 2022	4599	178	91734	8213
Dec 20, 2022	4599	130	68204	71212
Dec 21, 2022	4599	127	69123	54613
Dec 22, 2022	4599	120	58881	49517
Dec 23, 2022	4599	158	52788	43766
Dec 24, 2022	4599	58	39848	40744
Dec 25, 2022	4599	24	0	23681
Dec 26, 2022	7631	133	10591	5429
Dec 27, 2022	7631	208	105516	30989
Dec 28, 2022	7631	140	147349	26081
Dec 29, 2022	7631	132	64946	24436
Dec 30, 2022	7631	115	61350	23808
Dec 31, 2022	7631	52	46307	21836
Jan 01, 2023	7631	28	10878	15005
Jan 02, 2023	8285	172	96957	2246
Jan 03, 2023	8285	163	70052	22916
Jan 04, 2023	8285	123	62378	14105
Jan 05, 2023	8285	143	56238	11537
Jan 06, 2023	8285	126	52401	10383
Jan 07, 2023	8285	54	37264	8961
Jan 08, 2023	8285	22	8213	6557
Jan 09, 2023	5165	145	71010	1702
Jan 10, 2023	5165	115	54468	11715
Jan 11, 2023	5165	88	49402	7635
Jan 12, 2023	5165	53	43678	7159
Jan 13, 2023	5165	101	40691	6238
Jan 14, 2023	5165	27	23580	5429
Jan 15, 2023	5165	9	5429	4166
Jan 16, 2023	3288	80	30953	1235
Jan 17, 2023	3288	99	26001	8381
Jan 18, 2023	3288	82	24337	5894
Jan 19, 2023	3288	64	23726	4992
Jan 20, 2023	3288	44	21772	4475
Jan 21, 2023	3288	54	14961	4324
Jan 22, 2023	3288	9	2246	3477
Jan 23, 2023	1925	134	22853	1027
Jan 24, 2023	1925	59	13971	7263
Jan 25, 2023	1925	0	11478	5347
Jan 26, 2023	1925	28	10383	5287
Jan 27, 2023	1925	44	8933	4681
Jan 28, 2023	1925	0	6513	4513
Jan 29, 2023	1925	0	1702	3802
Jan 30, 2023	1162	96	11715	982
Jan 31, 2023	1162	57	7539	6860
Feb 01, 2023	1162	53	7102	4506
Feb 02, 2023	1162	52	6185	4021
Feb 03, 2023	1162	28	0	3618
Feb 04, 2023	1162	21	5429	3312
Feb 05, 2023	1162	0	4166	2632
Feb 06, 2023	716	40	9616	718
Feb 07, 2023	716	42	5753	4999
Feb 08, 2023	716	31	4950	3991
Feb 09, 2023	716	17	4444	3653
Feb 10, 2023	716	20	4307	3366
Feb 11, 2023	716	0	3457	3187
Feb 12, 2023	716	0	1027	2469
Feb 13, 2023	716	50	7263	706
Feb 14, 2023	639	35	5297	4986
Feb 15, 2023	639	35	5252	3972
Feb 16, 2023	639	27	4646	4021
Feb 17, 2023	639	28	4486	3589
Feb 18, 2023	639	0	3774	4236
Feb 19, 2023	639	0	982	2999
Feb 20, 2023	434	47	6860	898
Feb 21, 2023	434	32	4459	5774
Feb 22, 2023	434	38	3989	4584
Feb 23, 2023	434	19	3580	4489
Feb 24, 2023	434	29	3293	3917
Feb 25, 2023	434	0	2603	3843
Feb 26, 2023	434	0	718	2942
Feb 27, 2023	500	52	4999	841
Feb 28, 2023	500	34	3939	5651
Mar 01, 2023	500	25	3619	4525
Mar 02, 2023	500	21	3341	4196
Mar 03, 2023	500	21	3166	3194
Mar 04, 2023	500	0	2448	4013
Mar 05, 2023	500	0	0	0
Mar 06, 2023	500	43	5692	953
Mar 07, 2023	500	0	-43	0
Mar 08, 2023	500	0	3972	0
Mar 09, 2023	500	0	4021	0
Mar 10, 2023	500	90	7825	6188
Mar 11, 2023	500	0	2909	6072
Mar 12, 2023	500	0	898	4558
Mar 13, 2023	500	50	5774	1235
Mar 14, 2023	500	27	4534	9937
Mar 15, 2023	573	24	4462	8348
Mar 16, 2023	573	24	3893	7932
Mar 17, 2023	573	26	3819	7228
Mar 18, 2023	573	0	2916	7210
Mar 19, 2023	573	0	841	5459
Mar 20, 2023	573	63	5651	1470
Mar 21, 2023	573	35	4462	11519
Mar 22, 2023	573	13	4161	9762
Mar 23, 2023	573	29	3181	9249
Mar 24, 2023	573	15	3984	8839
Mar 25, 2023	573	0	-15	8435
Mar 26, 2023	573	0	953	6211
Mar 27, 2023	608	65	0	7
Mar 28, 2023	608	39	-65	12933
Mar 29, 2023	608	36	-39	10885
Mar 30, 2023	608	0	-36	0
Mar 31, 2023	608	69	12260	9211
Apr 01, 2023	608	0	4489	8455
Apr 02, 2023	608	0	1235	6027
Apr 03, 2023	608	58	9937	1453
Apr 04, 2023	608	0	-58	0
Apr 05, 2023	608	58	16280	9922
Apr 06, 2023	608	35	7170	9374
Apr 07, 2023	608	28	7175	8786
Apr 08, 2023	608	0	5431	7739
Apr 09, 2023	608	0	1470	6474
Apr 10, 2023	608	0	11519	1342
Apr 11, 2023	608	0	9762	1884
Apr 12, 2023	478	59	9249	14207
Apr 13, 2023	478	0	8780	10678
Apr 14, 2023	478	108	8435	9467
Apr 15, 2023	478	0	6103	8595
Apr 16, 2023	478	0	7	5805
Apr 17, 2023	478	0	12933	1411
Apr 18, 2023	478	140	10885	10616
Apr 19, 2023	478	0	-140	8807
Apr 20, 2023	478	0	9211	8201
Apr 21, 2023	478	125	8455	7400
Apr 22, 2023	478	0	5902	6796
Apr 23, 2023	478	0	1453	5008
Apr 24, 2023	433	0	0	1185
Apr 25, 2023	433	136	9922	8895
Apr 26, 2023	433	0	9238	7490
Apr 27, 2023	433	0	8786	6609
Apr 28, 2023	433	131	7739	6144
Apr 29, 2023	433	0	6343	5642
Apr 30, 2023	433	0	1342	4030
May 01, 2023	433	0	1884	1098
May 02, 2023	433	89	14207	1065
May 03, 2023	433	0	10589	8715
May 04, 2023	433	0	9467	6161
May 05, 2023	433	166	8595	5505
May 06, 2023	433	0	5639	5103
May 07, 2023	433	0	1411	3301
May 08, 2023	365	0	10616	759
May 09, 2023	365	51	8807	1044
May 10, 2023	365	0	8150	6708
May 11, 2023	365	0	0	0
May 12, 2023	365	108	14196	9003
May 13, 2023	365	0	4900	3706
May 14, 2023	365	0	1185	2563
May 15, 2023	365	0	8895	623
May 16, 2023	365	82	7490	5118
May 17, 2023	365	0	6527	4149
May 18, 2023	365	0	0	0
May 19, 2023	365	0	6144	0
May 20, 2023	365	0	5642	0
May 21, 2023	365	0	4030	0
May 22, 2023	365	76	2163	677
May 23, 2023	365	79	8639	5901
May 24, 2023	196	0	6082	4905
May 25, 2023	196	0	5505	4220
May 26, 2023	196	56	5103	3724
May 27, 2023	196	0	3245	3317
May 28, 2023	196	0	759	2284
May 29, 2023	196	0	1044	592
May 30, 2023	196	48	6708	902
May 31, 2023	196	0	-48	5210
Jun 01, 2023	196	0	9003	3735
Jun 02, 2023	196	62	3706	3204
Jun 03, 2023	196	0	2501	2797
Jun 04, 2023	196	0	623	2082
Jun 05, 2023	196	0	5118	443
Jun 06, 2023	196	51	4149	3590
Jun 07, 2023	196	0	-51	2762
Jun 08, 2023	196	0	0	2603
Jun 09, 2023	196	56	0	2357
Jun 10, 2023	196	0	-56	2135
Jun 11, 2023	196	0	677	1282
Jun 12, 2023	196	0	5901	332
Jun 13, 2023	196	28	4905	2631
Jun 14, 2023	196	0	4192	2069
Jun 15, 2023	196	0	3724	545
Jun 16, 2023	196	40	3317	2895
Jun 17, 2023	196	0	2244	1482
Jun 18, 2023	196	0	592	1080
Jun 19, 2023	196	0	902	270
Jun 20, 2023	196	45	5210	2071
Jun 21, 2023	196	0	3690	1702
Jun 22, 2023	196	0	3204	1420
Jun 23, 2023	196	23	2797	1232
Jun 24, 2023	196	0	2059	1217
Jun 25, 2023	196	0	443	776
Jun 26, 2023	196	0	3590	213
Jun 27, 2023	196	26	2762	1680
Jun 28, 2023	196	0	2577	1148
Jun 29, 2023	196	0	2357	1106
Jun 30, 2023	196	0	2135	1106
Jul 01, 2023	196	0	0	0
Jul 02, 2023	196	0	1282	0
Jul 03, 2023	196	0	332	0
Jul 04, 2023	196	0	2631	0
Jul 05, 2023	196	0	2069	0
Jul 06, 2023	196	0	545	0
Jul 07, 2023	196	0	2895	0
Jul 08, 2023	196	0	1482	0
Jul 09, 2023	196	0	1080	0
Jul 10, 2023	196	0	270	0
Jul 11, 2023	196	0	2071	0
Jul 12, 2023	196	0	1702	0
Jul 13, 2023	196	0	1420	0
Jul 14, 2023	196	0	1232	0
Jul 15, 2023	196	0	1217	0
Jul 16, 2023	196	0	776	0
Jul 17, 2023	196	0	213	0
Jul 18, 2023	196	0	1680	0
Jul 19, 2023	196	0	1148	0
Jul 20, 2023	196	0	1106	0
Jul 21, 2023	196	0	1106	0
Jul 22, 2023	196	0	0	0
Jul 23, 2023	196	0	0	0
Jul 24, 2023	196	0	0	0
Jul 25, 2023	196	0	0	0
Jul 26, 2023	196	0	0	0
Jul 27, 2023	196	0	0	0
Jul 28, 2023	196	0	0	0
Jul 29, 2023	196	0	0	0
Jul 30, 2023	196	0	0	0
Jul 31, 2023	196	0	0	0
Aug 01, 2023	196	0	0	0
Aug 02, 2023	196	0	0	0
Aug 03, 2023	196	0	0	0
Aug 04, 2023	196	0	0	0
Aug 05, 2023	196	0	0	0
Aug 06, 2023	196	0	0	0
Aug 07, 2023	196	0	0	0
Aug 08, 2023	196	0	0	0
Aug 09, 2023	196	0	0	0
Aug 10, 2023	196	0	0	0
Aug 11, 2023	196	0	0	0
Aug 12, 2023	196	0	0	0
Aug 13, 2023	196	0	0	0
Aug 14, 2023	196	0	0	0
Aug 15, 2023	196	0	0	0
Aug 16, 2023	196	0	0	0
Aug 17, 2023	196	0	0	0
Aug 18, 2023	196	0	0	0
Aug 19, 2023	196	0	0	0
Aug 20, 2023	196	0	0	0
Aug 21, 2023	196	0	0	0
Aug 22, 2023	196	0	0	0
Aug 23, 2023	196	0	0	0
Aug 24, 2023	196	0	0	0
Aug 25, 2023	196	0	0	0
Aug 26, 2023	196	0	0	0
Aug 27, 2023	196	0	0	0
Aug 28, 2023	196	0	0	0
Aug 29, 2023	196	0	0	0
Aug 30, 2023	196	0	0	0
Aug 31, 2023	196	0	0	0
Sep 01, 2023	196	0	0	0
Sep 02, 2023	196	0	0	0
Sep 03, 2023	196	0	0	0
Sep 04, 2023	196	0	0	0
Sep 05, 2023	196	0	0	0
Sep 06, 2023	196	0	0	0
Sep 07, 2023	196	0	0	0
Sep 08, 2023	196	0	0	0
Sep 09, 2023	196	0	0	0
Sep 10, 2023	196	0	0	0
Sep 11, 2023	196	0	0	0
Sep 12, 2023	196	0	0	0
Sep 13, 2023	196	0	0	0
Sep 14, 2023	196	0	0	0
Sep 15, 2023	196	0	0	0
Sep 16, 2023	196	0	0	0
Sep 17, 2023	196	0	0	0
Sep 18, 2023	196	0	0	0
Sep 19, 2023	196	0	0	0
Sep 20, 2023	196	0	0	0
Sep 21, 2023	196	0	0	0
Sep 22, 2023	196	0	0	0
Sep 23, 2023	196	0	0	0
Sep 24, 2023	196	0	0	0
Sep 25, 2023	196	0	0	0
Sep 26, 2023	196	0	0	0
Sep 27, 2023	196	0	0	0
Sep 28, 2023	196	0	0	0
Sep 29, 2023	196	0	0	0
Sep 30, 2023	196	0	0	0
Oct 01, 2023	196	0	0	0
Oct 02, 2023	196	0	0	0
Oct 03, 2023	196	0	0	0
Oct 04, 2023	196	0	0	0
Oct 05, 2023	196	0	0	0
Oct 06, 2023	196	0	0	0
Oct 07, 2023	196	0	0	0
Oct 08, 2023	196	0	0	0
Oct 09, 2023	196	0	0	0
Oct 10, 2023	196	0	0	0
Oct 11, 2023	196	0	0	0
Oct 12, 2023	196	0	0	0
Oct 13, 2023	196	0	0	0
Oct 14, 2023	196	0	0	0
Oct 15, 2023	196	0	0	0
Oct 16, 2023	196	0	0	0
Oct 17, 2023	196	0	0	0
Oct 18, 2023	196	0	0	0
Oct 19, 2023	196	0	0	0
Oct 20, 2023	196	0	0	0
Oct 21, 2023	196	0	0	0
Oct 22, 2023	196	0	0	0
Oct 23, 2023	196	0	0	0
Oct 24, 2023	196	0	0	0
Oct 25, 2023	196	0	0	0
Oct 26, 2023	196	0	0	0
Oct 27, 2023	196	0	0	0
Oct 28, 2023	196	0	0	0
Oct 29, 2023	196	0	0	0
Oct 30, 2023	196	0	0	0
Oct 31, 2023	196	0	0	0
Nov 01, 2023	196	0	0	0
Nov 02, 2023	196	0	0	0
Nov 03, 2023	196	0	0	0
Nov 04, 2023	196	0	0	0
Nov 05, 2023	196	0	0	0
Nov 06, 2023	196	0	0	0
Nov 07, 2023	196	0	0	0
Nov 08, 2023	196	0	0	0
Nov 09, 2023	196	0	0	0
Nov 10, 2023	196	0	0	0
Nov 11, 2023	196	0	0	0
Nov 12, 2023	196	0	0	0
Nov 13, 2023	196	0	0	0
Nov 14, 2023	1927	0	0	0
Nov 15, 2023	1927	0	0	0
Nov 16, 2023	1927	0	0	0
Nov 17, 2023	1927	0	0	0
Nov 18, 2023	1927	0	0	0
Nov 19, 2023	1927	0	0	0
Nov 20, 2023	2368	0	0	0
Nov 21, 2023	2368	0	0	0
Nov 22, 2023	2368	0	0	0
Nov 23, 2023	2368	0	0	0
Nov 24, 2023	2368	0	0	0
Nov 25, 2023	2368	0	0	0
Nov 26, 2023	2368	0	0	0
Nov 27, 2023	2368	0	0	0
Nov 28, 2023	2368	0	0	0
Nov 29, 2023	2368	0	0	0
Nov 30, 2023	2368	0	0	0
Dec 01, 2023	2368	0	0	0
Dec 02, 2023	2368	0	0	0
Dec 03, 2023	2368	0	0	0
Dec 04, 2023	2503	0	0	0
Dec 05, 2023	2503	0	0	0
Dec 06, 2023	2503	0	0	0
Dec 07, 2023	2503	0	0	0
Dec 08, 2023	2503	0	0	0
Dec 09, 2023	2503	0	0	0
Dec 10, 2023	2503	0	0	0
Dec 11, 2023	2503	0	0	0
Dec 12, 2023	2503	0	0	0
Dec 13, 2023	2503	0	0	0
Dec 14, 2023	2503	0	0	0
Dec 15, 2023	2503	0	0	0
Dec 16, 2023	2503	0	0	0
Dec 17, 2023	2503	0	0	0
Dec 18, 2023	2503	0	0	0
Dec 19, 2023	2503	0	0	0
Dec 20, 2023	2503	0	0	0
Dec 21, 2023	2503	0	0	0
Dec 22, 2023	2503	0	0	0
Dec 23, 2023	2503	0	0	0
Dec 24, 2023	2503	0	0	0
Dec 25, 2023	2503	0	0	0
Dec 26, 2023	2503	0	0	0
Dec 27, 2023	2503	0	0	0
Dec 28, 2023	2503	0	0	0
Dec 29, 2023	2503	0	0	0
Dec 30, 2023	2503	0	0	0
Dec 31, 2023	2503	0	0	0
Jan 01, 2024	2503	0	0	0
Jan 02, 2024	2503	0	0	0
Jan 03, 2024	2503	0	0	0
Jan 04, 2024	2503	0	0	0
Jan 05, 2024	2503	0	0	0
Jan 06, 2024	2503	0	0	0
Jan 07, 2024	2503	0	0	0
Jan 08, 2024	2503	0	0	0
Jan 09, 2024	2503	0	0	0
Jan 10, 2024	2503	0	0	0
Jan 11, 2024	2503	0	0	0
Jan 12, 2024	2503	0	0	0
Jan 13, 2024	2503	0	0	0
Jan 14, 2024	2503	0	0	0
Jan 15, 2024	2503	0	0	0
Jan 16, 2024	2503	0	0	0
Jan 17, 2024	2503	0	0	0
Jan 18, 2024	2503	0	0	0
Jan 19, 2024	2503	0	0	0
Jan 20, 2024	2503	0	0	0
Jan 21, 2024	2503	0	0	0
Jan 22, 2024	2503	0	0	0
Jan 23, 2024	2503	0	0	0
Jan 24, 2024	2503	0	0	0
Jan 25, 2024	2503	0	0	0
Jan 26, 2024	2503	0	0	0
Jan 27, 2024	2503	0	0	0
Jan 28, 2024	2503	0	0	0
Jan 29, 2024	2503	0	0	0
Jan 30, 2024	2503	0	0	0
Jan 31, 2024	2503	0	0	0
Feb 01, 2024	2503	0	0	0
Feb 02, 2024	2503	0	0	0
Feb 03, 2024	2503	0	0	0
Feb 04, 2024	2503	0	0	0
Feb 05, 2024	2503	0	0	0
Feb 06, 2024	2503	0	0	0
Feb 07, 2024	2503	0	0	0
Feb 08, 2024	2503	0	0	0
Feb 09, 2024	2503	0	0	0
Feb 10, 2024	2503	0	0	0
Feb 11, 2024	2503	0	0	0
Feb 12, 2024	2503	0	0	0
Feb 13, 2024	2503	0	0	0
Feb 14, 2024	2503	0	0	0
Feb 15, 2024	2503	0	0	0
Feb 16, 2024	2503	0	0	0
Feb 17, 2024	2503	0	0	0
Feb 18, 2024	2503	0	0	0
Feb 19, 2024	2503	0	0	0
Feb 20, 2024	2503	0	0	0
Feb 21, 2024	2503	0	0	0
Feb 22, 2024	2503	0	0	0
Feb 23, 2024	2503	0	0	0
Feb 24, 2024	2503	0	0	0
Feb 25, 2024	2503	0	0	0
Feb 26, 2024	2503	0	0	0
Feb 27, 2024	2503	0	0	0
Feb 28, 2024	2503	0	0	0
Feb 29, 2024	2503	0	0	0
Mar 01, 2024	2503	0	0	0
Mar 02, 2024	2503	0	0	0
Mar 03, 2024	2503	0	0	0
Mar 04, 2024	2503	0	0	0
Mar 05, 2024	2503	0	0	0
Mar 06, 2024	2503	0	0	0
Mar 07, 2024	2503	0	0	0
Mar 08, 2024	2503	0	0	0
Mar 09, 2024	2503	0	0	0
Mar 10, 2024	2503	0	0	0
Mar 11, 2024	2503	0	0	0
Mar 12, 2024	2503	0	0	0
Mar 13, 2024	2503	0	0	0
Mar 14, 2024	2503	0	0	0
Mar 15, 2024	2503	0	0	0
Mar 16, 2024	2503	0	0	0
Mar 17, 2024	2503	0	0	0
Mar 18, 2024	2503	0	0	0
Mar 19, 2024	2503	0	0	0
Mar 20, 2024	2503	0	0	0
Mar 21, 2024	2503	0	0	0
Mar 22, 2024	2503	0	0	0
Mar 23, 2024	2503	0	0	0
