Feb 15, 2020	12	null	null	null
Feb 16, 2020	12	0	0	0
Feb 17, 2020	12	0	1	0
Feb 18, 2020	12	0	2	0
Feb 19, 2020	12	0	0	0
Feb 20, 2020	10	0	0	0
Feb 21, 2020	29	0	0	0
Feb 22, 2020	29	0	3	0
Feb 23, 2020	28	0	0	0
Feb 24, 2020	48	0	1	0
Feb 25, 2020	51	0	0	2
Feb 26, 2020	54	0	0	4
Feb 27, 2020	54	0	0	19
Feb 28, 2020	57	0	0	18
Feb 29, 2020	60	0	1	39
Mar 01, 2020	65	0	0	27
Mar 02, 2020	85	0	0	56
Mar 03, 2020	106	0	0	20
Mar 04, 2020	138	0	0	67
Mar 05, 2020	200	0	0	126
Mar 06, 2020	289	0	0	209
Mar 07, 2020	401	5	0	269
Mar 08, 2020	504	3	0	236
Mar 09, 2020	663	11	0	185
Mar 10, 2020	949	3	0	338
Mar 11, 2020	1248	15	0	452
Mar 12, 2020	2367	13	0	540
Mar 13, 2020	3102	18	0	714
Mar 14, 2020	3895	12	0	761
Mar 15, 2020	4905	36	0	840
Mar 16, 2020	6228	21	0	1100
Mar 17, 2020	8645	27	590	997
Mar 18, 2020	12359	89	0	1277
Mar 19, 2020	17654	108	693	1691
Mar 20, 2020	24121	78	292	1469
Mar 21, 2020	29866	112	0	1678
Mar 22, 2020	39903	112	613	1417
Mar 23, 2020	51101	186	0	3488
Mar 24, 2020	63616	240	1081	2224
Mar 25, 2020	78181	231	619	2662
Mar 26, 2020	94915	365	1048	3564
Mar 27, 2020	113987	299	752	3462
Mar 28, 2020	131404	319	0	4191
Mar 29, 2020	148243	292	1502	2362
Mar 30, 2020	169461	418	725	3977
Mar 31, 2020	188896	498	1517	6887
Apr 01, 2020	210363	508	1491	4418
Apr 02, 2020	232470	1354	1493	1923
Apr 03, 2020	258587	1119	1580	4755
Apr 04, 2020	284035	1052	1430	3877
Apr 05, 2020	301360	517	745	1703
Apr 06, 2020	324110	832	1067	3555
Apr 07, 2020	348568	1416	2087	3432
Apr 08, 2020	372321	540	1917	3526
Apr 09, 2020	395178	1339	1952	3895
Apr 10, 2020	418942	986	1726	3946
Apr 11, 2020	435911	634	1459	2829
Apr 12, 2020	448669	561	795	1466
Apr 13, 2020	460109	574	532	2428
Apr 14, 2020	477282	761	1087	4996
Apr 15, 2020	495181	1437	2150	2393
Apr 16, 2020	504261	752	1857	2400
Apr 17, 2020	524769	760	1608	368
Apr 18, 2020	533983	641	1563	2335
Apr 19, 2020	543920	395	595	714
Apr 20, 2020	560008	546	831	1864
Apr 21, 2020	571903	530	1772	2423
Apr 22, 2020	592612	543	1476	1661
Apr 23, 2020	614093	515	1431	1502
Apr 24, 2020	612447	389	1405	1611
Apr 25, 2020	628839	369	1101	1397
Apr 26, 2020	644556	242	309	419
Apr 27, 2020	654450	436	610	3420
Apr 28, 2020	669678	367	1373	1381
Apr 29, 2020	687025	426	1342	1675
Apr 30, 2020	703829	289	1248	1061
May 01, 2020	720971	218	736	563
May 02, 2020	727308	166	350	740
May 03, 2020	737428	135	222	287
May 04, 2020	738116	306	587	537
May 05, 2020	743870	330	1365	1029
May 06, 2020	750196	278	1236	3898
May 07, 2020	766471	178	1055	586
May 08, 2020	778228	243	815	598
May 09, 2020	779117	80	4206	403
May 10, 2020	785265	70	4272	195
May 11, 2020	791059	263	2851	425
May 12, 2020	780885	348	1265	659
May 13, 2020	777633	83	2590	473
May 14, 2020	791576	351	5146	580
May 15, 2020	801978	104	2529	524
May 16, 2020	811463	96	2468	347
May 17, 2020	818668	146	77	112
May 18, 2020	825166	131	2361	459
May 19, 2020	830823	119	1002	489
May 20, 2020	836894	110	1941	389
May 21, 2020	842981	83	2584	296
May 22, 2020	804158	74	1753	366
May 23, 2020	809646	43	1610	233
May 24, 2020	812754	35	1738	107
May 25, 2020	809877	65	1267	334
May 26, 2020	802422	98	3800	257
May 27, 2020	799506	66	520	178
May 28, 2020	799895	66	532	3098
May 29, 2020	802988	52	351	556
May 30, 2020	805685	57	138	1703
May 31, 2020	751071	31	394	239
Jun 01, 2020	747065	31	628	315
Jun 02, 2020	727945	107	366	283
Jun 03, 2020	697877	81	499	330
Jun 04, 2020	693115	44	480	720
Jun 05, 2020	696318	46	301	573
Jun 06, 2020	699824	31	81	543
Jun 07, 2020	700623	13	446	322
Jun 08, 2020	697855	54	435	198
Jun 09, 2020	695083	87	302	378
Jun 10, 2020	685166	23	273	511
Jun 11, 2020	690367	27	339	399
Jun 12, 2020	682285	28	205	681
Jun 13, 2020	688065	24	83	494
Jun 14, 2020	685711	9	325	382
Jun 15, 2020	682027	29	228	143
Jun 16, 2020	689237	111	67	323
Jun 17, 2020	688115	28	3070	430
Jun 18, 2020	698688	28	528	438
Jun 19, 2020	698195	14	1689	761
Jun 20, 2020	712507	16	223	602
Jun 21, 2020	724871	7	308	267
Jun 22, 2020	731971	23	260	350
Jun 23, 2020	745470	57	273	485
Jun 24, 2020	756808	11	709	76
Jun 25, 2020	781708	21	552	0
Jun 26, 2020	807749	26	517	1490
Jun 27, 2020	834414	8	314	490
Jun 28, 2020	858407	9	189	490
Jun 29, 2020	873625	18	360	263
Jun 30, 2020	895219	30	481	508
Jul 01, 2020	928303	18	381	861
Jul 02, 2020	963523	14	667	618
Jul 03, 2020	1002099	18	476	546
Jul 04, 2020	1035085	7	375	526
Jul 05, 2020	1063033	7	136	600
Jul 06, 2020	1081651	13	310	165
Jul 07, 2020	1116115	13	417	446
Jul 08, 2020	1157319	32	406	622
Jul 09, 2020	1193774	14	747	583
Jul 10, 2020	1241595	25	577	617
Jul 11, 2020	1282422	4	263	628
Jul 12, 2020	1321672	3	347	627
Jul 13, 2020	1359374	18	467	270
Jul 14, 2020	1387362	71	5	480
Jul 15, 2020	1427235	20	-20	390
Jul 16, 2020	1472683	18	1472	501
Jul 17, 2020	1495877	14	476	785
Jul 18, 2020	1533150	9	481	812
Jul 19, 2020	1575448	8	255	812
Jul 20, 2020	1592960	8	500	328
Jul 21, 2020	1628499	13	848	548
Jul 22, 2020	1652626	7	611	937
Jul 23, 2020	1685528	10	536	997
Jul 24, 2020	1716793	10	516	1060
Jul 25, 2020	1754107	4	596	956
Jul 26, 2020	1779413	4	161	955
Jul 27, 2020	1793909	9	437	482
Jul 28, 2020	1812590	14	608	680
Jul 29, 2020	1835208	15	568	1306
Jul 30, 2020	1858440	16	601	1292
Jul 31, 2020	1886739	11	617	1263
Aug 01, 2020	1909253	3	624	0
Aug 02, 2020	1935992	4	266	2646
Aug 03, 2020	1914842	22	458	522
Aug 04, 2020	1931649	2	388	975
Aug 05, 2020	1936123	9	492	1591
Aug 06, 2020	1951833	7	778	1505
Aug 07, 2020	1968082	12	800	2147
Aug 08, 2020	1993630	1	811	1910
Aug 09, 2020	2013887	1	327	1909
Aug 10, 2020	2006862	14	534	737
Aug 11, 2020	2017953	14	923	1311
Aug 12, 2020	2022544	17	980	2369
Aug 13, 2020	2033460	17	1043	2505
Aug 14, 2020	2052379	17	939	2671
Aug 15, 2020	2070734	4	951	3106
Aug 16, 2020	2080799	1	481	2829
Aug 17, 2020	2068151	24	656	463
Aug 18, 2020	2067454	17	1289	2100
Aug 19, 2020	2066138	17	1275	3544
Aug 20, 2020	2066760	12	1251	4477
Aug 21, 2020	2075139	23	-23	4304
Aug 22, 2020	2087429	9	2637	3380
Aug 23, 2020	2092534	1	521	4596
Aug 24, 2020	2077348	15	960	1835
Aug 25, 2020	2072093	16	1575	3101
Aug 26, 2020	2053329	0	1505	5095
Aug 27, 2020	2052208	32	2115	5735
Aug 28, 2020	2061069	20	1890	6925
Aug 29, 2020	2062671	6	1903	5117
Aug 30, 2020	2069082	4	733	5080
Aug 31, 2020	2071089	29	1282	2892
Sep 01, 2020	2062292	26	2343	4675
Sep 02, 2020	2050460	25	2480	6585
Sep 03, 2020	2053199	0	2671	6716
Sep 04, 2020	2014215	0	3106	8423
Sep 05, 2020	2019352	12	2817	8024
Sep 06, 2020	2022598	3	460	6636
Sep 07, 2020	2005827	25	2075	3944
Sep 08, 2020	1989110	38	3506	6141
Sep 09, 2020	1970785	30	4447	8049
Sep 10, 2020	1963401	19	4285	9237
Sep 11, 2020	1962081	80	3300	8827
Sep 12, 2020	1965679	17	4579	9911
Sep 13, 2020	1965774	6	1829	6741
Sep 14, 2020	1941758	34	3067	5779
Sep 15, 2020	1934068	49	5046	7369
Sep 16, 2020	1918707	46	5689	9182
Sep 17, 2020	1921550	50	6875	9941
Sep 18, 2020	1925544	153	4964	12402
Sep 19, 2020	1931896	26	5054	12667
Sep 20, 2020	1932018	11	2881	9918
Sep 21, 2020	1913812	53	4622	4972
Sep 22, 2020	1898220	78	6507	9392
Sep 23, 2020	1884577	43	6673	12267
Sep 24, 2020	1884796	52	8371	15105
Sep 25, 2020	1885770	150	7874	14825
Sep 26, 2020	1879142	39	6597	13525
Sep 27, 2020	1875783	27	3917	10438
Sep 28, 2020	1858827	81	6060	3819
Sep 29, 2020	1857047	85	7964	7555
Sep 30, 2020	1847462	63	9174	12054
Oct 01, 2020	1852200	63	8764	13110
Oct 02, 2020	1855361	130	9781	11400
Oct 03, 2020	1859485	49	6692	15927
Oct 04, 2020	1860450	32	5747	11792
Oct 05, 2020	1850050	69	7300	4771
Oct 06, 2020	1853938	66	9116	9843
Oct 07, 2020	1856784	80	9861	17592
Oct 08, 2020	1867389	76	12326	17013
Oct 09, 2020	1882618	109	12558	19087
Oct 10, 2020	1907595	54	9864	25240
Oct 11, 2020	1909557	46	4926	15110
Oct 12, 2020	1899984	95	9297	7981
Oct 13, 2020	1905405	108	12159	12193
Oct 14, 2020	1912627	104	15001	21200
Oct 15, 2020	1931140	88	14737	28736
Oct 16, 2020	1922381	178	13347	23542
Oct 17, 2020	1947507	89	10349	30431
Oct 18, 2020	1966050	85	3734	28000
Oct 19, 2020	1972896	146	7409	12428
Oct 20, 2020	1994875	262	11792	19208
Oct 21, 2020	2001939	163	12947	25034
Oct 22, 2020	2026795	162	11238	39060
Oct 23, 2020	2062060	298	15629	39445
Oct 24, 2020	2098501	137	11655	42626
Oct 25, 2020	2124975	116	4655	48808
Oct 26, 2020	2129716	257	9586	25123
Oct 27, 2020	2161323	523	17069	31360
Oct 28, 2020	2186092	244	16769	34194
Oct 29, 2020	2224719	235	18852	44705
Oct 30, 2020	2279221	545	24695	46185
Oct 31, 2020	2324746	223	14887	33447
Nov 01, 2020	2362482	231	7750	45258
Nov 02, 2020	2377054	467	11726	51104
Nov 03, 2020	2427940	906	20294	35912
Nov 04, 2020	2482503	437	28299	39880
Nov 05, 2020	2556213	415	23127	56292
Nov 06, 2020	2631605	880	29551	58581
Nov 07, 2020	2711950	356	27644	83324
Nov 08, 2020	2784627	322	12106	38059
Nov 09, 2020	2825846	548	18660	20732
Nov 10, 2020	2922452	857	24177	22632
Nov 11, 2020	3017514	328	38732	35488
Nov 12, 2020	3099127	425	39020	32948
Nov 13, 2020	3211991	932	41694	24147
Nov 14, 2020	3307091	552	48256	31937
Nov 15, 2020	3402980	500	24623	27370
Nov 16, 2020	3466567	704	30656	10645
Nov 17, 2020	3561371	625	33569	13630
Nov 18, 2020	3656922	677	44028	26636
Nov 19, 2020	3765802	681	45504	19848
Nov 20, 2020	3881969	634	32813	21473
Nov 21, 2020	3974397	390	44868	16780
Nov 22, 2020	4060671	352	50752	12347
Nov 23, 2020	4122349	638	35274	4178
Nov 24, 2020	4209206	592	39288	8591
Nov 25, 2020	4181068	569	55723	15280
Nov 26, 2020	4279169	527	58054	12728
Nov 27, 2020	4326288	581	82743	11692
Nov 28, 2020	4371488	316	37743	11806
Nov 29, 2020	4439672	301	20431	9182
Nov 30, 2020	4469765	509	22123	3758
Dec 01, 2020	4529806	466	35022	7585
Dec 02, 2020	4598526	425	32523	13198
Dec 03, 2020	4701986	439	23708	11914
Dec 04, 2020	4817442	397	31540	10530
Dec 05, 2020	4909008	327	27043	12127
Dec 06, 2020	4995370	287	10358	10344
Dec 07, 2020	5036671	480	13150	3201
Dec 08, 2020	5119683	491	26145	12869
Dec 09, 2020	5190148	403	19445	13697
Dec 10, 2020	5281431	400	21073	12904
Dec 11, 2020	5318390	412	16368	12581
Dec 12, 2020	5407294	314	12033	13088
Dec 13, 2020	5482243	271	3907	10823
Dec 14, 2020	5502284	492	8099	2874
Dec 15, 2020	5536592	428	14852	10822
Dec 16, 2020	5598178	407	12321	16531
Dec 17, 2020	5672090	376	11316	17130
Dec 18, 2020	5776336	374	11432	14709
Dec 19, 2020	5826613	294	8888	16484
Dec 20, 2020	5903561	236	3522	12011
Dec 21, 2020	5883959	456	7129	5440
Dec 22, 2020	5919011	487	12711	11069
Dec 23, 2020	5960372	359	11555	14010
Dec 24, 2020	6007155	373	10157	20302
Dec 25, 2020	6070466	242	11885	19015
Dec 26, 2020	6077668	230	10114	2903
Dec 27, 2020	6089074	257	2944	8279
Dec 28, 2020	6035898	447	12422	2778
Dec 29, 2020	6053544	468	13229	10694
Dec 30, 2020	6092009	377	12527	24828
Dec 31, 2020	6163359	325	12256	18700
Jan 01, 2021	6279694	207	12881	18157
Jan 02, 2021	6327331	231	10592	3253
Jan 03, 2021	6407207	191	2683	11720
Jan 04, 2021	6283977	453	10369	3774
Jan 05, 2021	6348369	420	16111	19228
Jan 06, 2021	6414040	387	16743	23817
Jan 07, 2021	6508888	381	14328	20367
Jan 08, 2021	6645293	381	16103	18594
Jan 09, 2021	6761277	264	11747	18935
Jan 10, 2021	6834711	248	5192	14963
Jan 11, 2021	6811681	407	10662	3362
Jan 12, 2021	6852520	452	13558	18536
Jan 13, 2021	6901818	347	19955	22384
Jan 14, 2021	6925745	401	18614	19921
Jan 15, 2021	6997467	399	2504	19962
Jan 16, 2021	7044151	264	8015	20088
Jan 17, 2021	7071056	213	2565	15618
Jan 18, 2021	7030050	475	10219	3506
Jan 19, 2021	6947934	441	24387	22155
Jan 20, 2021	6912390	420	18280	25135
Jan 21, 2021	6905903	456	17701	21442
Jan 22, 2021	6907637	429	2824	21858
Jan 23, 2021	6918341	295	11425	22451
Jan 24, 2021	6909713	237	3537	17301
Jan 25, 2021	6812248	510	18718	3979
Jan 26, 2021	6775653	417	23400	20726
Jan 27, 2021	6717678	505	19862	25259
Jan 28, 2021	6657409	499	18095	22307
Jan 29, 2021	6613631	510	18425	21451
Jan 30, 2021	6547229	322	14641	22890
Jan 31, 2021	6498947	275	3087	18051
Feb 01, 2021	6364341	536	18000	4079
Feb 02, 2021	6283955	485	21899	21900
Feb 03, 2021	6196031	476	19445	24739
Feb 04, 2021	6090634	476	19486	22005
Feb 05, 2021	6040176	413	19675	20776
Feb 06, 2021	5960952	263	15355	19319
Feb 07, 2021	5891975	243	3263	18501
Feb 08, 2021	5780048	530	21625	4051
Feb 09, 2021	5672124	508	24627	17708
Feb 10, 2021	5525642	404	21038	23824
Feb 11, 2021	5454482	468	21390	19766
Feb 12, 2021	5376737	429	22022	19427
Feb 13, 2021	5293281	257	17044	19924
Feb 14, 2021	5199901	226	3753	15527
Feb 15, 2021	5060150	471	20255	4107
Feb 16, 2021	4949329	410	24849	18384
Feb 17, 2021	4856428	391	21916	23478
Feb 18, 2021	4742891	352	21099	21116
Feb 19, 2021	4654521	409	22481	22631
Feb 20, 2021	4539985	213	17838	20994
Feb 21, 2021	4443951	163	3916	20689
Feb 22, 2021	4314372	363	21537	4360
Feb 23, 2021	4217668	341	24398	18829
Feb 24, 2021	4128102	370	21635	29579
Feb 25, 2021	4028650	354	20422	23839
Feb 26, 2021	3950984	379	18940	23655
Feb 27, 2021	3859390	214	18287	22519
Feb 28, 2021	3784992	125	3926	18724
Mar 01, 2021	3692496	404	17304	4413
Mar 02, 2021	3614558	330	23494	21450
Mar 03, 2021	3533598	389	19377	25139
Mar 04, 2021	3474842	360	19067	23723
Mar 05, 2021	3416475	305	19619	22060
Mar 06, 2021	3338981	187	15340	21871
Mar 07, 2021	3275155	147	3960	20482
Mar 08, 2021	3196500	377	18007	4999
Mar 09, 2021	3121202	316	23162	21868
Mar 10, 2021	3063315	295	20821	28438
Mar 11, 2021	3015510	296	22335	25494
Mar 12, 2021	2954449	254	20740	23676
Mar 13, 2021	2912203	192	20497	27927
Mar 14, 2021	2872134	137	4223	24721
Mar 15, 2021	2808841	357	18472	6073
Mar 16, 2021	2762105	338	29241	28130
Mar 17, 2021	2723979	300	23539	36131
Mar 18, 2021	2696313	327	23328	32844
Mar 19, 2021	2662099	362	22157	32911
Mar 20, 2021	2634478	244	18480	33169
Mar 21, 2021	2602512	170	4243	28699
Mar 22, 2021	2548013	402	21048	35259
Mar 23, 2021	2519882	347	24792	23350
Mar 24, 2021	2496048	305	23418	31334
Mar 25, 2021	2485600	285	21775	42831
Mar 26, 2021	2471777	363	21508	39292
Mar 27, 2021	2466206	201	20281	39995
Mar 28, 2021	2449804	142	4857	34736
Mar 29, 2021	2422360	371	21497	26843
Mar 30, 2021	2412479	348	28090	26580
Mar 31, 2021	2400566	325	25169	39327
Apr 01, 2021	2396610	314	23362	47541
Apr 02, 2021	2397840	304	27623	43804
Apr 03, 2021	2406416	213	24508	18571
Apr 04, 2021	2404746	185	5888	57172
Apr 05, 2021	2381411	197	27933	11576
Apr 06, 2021	2367869	414	35717	54241
Apr 07, 2021	2367460	431	32413	28890
Apr 08, 2021	2375107	374	32537	14892
Apr 09, 2021	2386617	301	32868	38704
Apr 10, 2021	2383943	179	28520	40620
Apr 11, 2021	2385475	176	35083	32747
Apr 12, 2021	2367661	385	22965	8011
Apr 13, 2021	2380274	351	30983	36705
Apr 14, 2021	2388706	303	42528	40827
Apr 15, 2021	2387694	302	38990	35703
Apr 16, 2021	2400612	313	39682	34199
Apr 17, 2021	2410861	189	34547	33653
Apr 18, 2021	2407676	140	26703	27538
Apr 19, 2021	2382445	489	26091	6847
Apr 20, 2021	2380067	346	38981	39882
Apr 21, 2021	2369983	313	47228	32815
Apr 22, 2021	2370230	283	43521	32205
Apr 23, 2021	2373203	332	18239	30349
Apr 24, 2021	2375163	217	56955	30624
Apr 25, 2021	2370305	152	11424	22959
Apr 26, 2021	2341586	405	53836	5586
Apr 27, 2021	2329903	333	28557	28451
Apr 28, 2021	2315501	322	14570	29598
Apr 29, 2021	2307872	313	38391	24904
Apr 30, 2021	2289698	276	40344	22803
May 01, 2021	2281323	195	32552	24090
May 02, 2021	2270225	116	7895	9279
May 03, 2021	2229047	315	36390	3529
May 04, 2021	2205602	247	40580	22871
May 05, 2021	2182566	252	35451	24400
May 06, 2021	2145276	227	33972	20375
May 07, 2021	2130191	235	33418	17947
May 08, 2021	2111809	179	27359	19468
May 09, 2021	2091114	119	6728	8566
May 10, 2021	2045306	296	39586	3089
May 11, 2021	2013143	240	32575	18573
May 12, 2021	1973482	184	32021	20175
May 13, 2021	1950994	131	30218	18263
May 14, 2021	1926688	173	30451	6593
May 15, 2021	1891043	122	22837	14719
May 16, 2021	1866627	91	5495	13089
May 17, 2021	1820117	206	28245	3144
May 18, 2021	1791731	198	29400	16151
May 19, 2021	1767059	146	24763	17877
May 20, 2021	1731761	138	22803	15415
May 21, 2021	1709912	113	23947	12800
May 22, 2021	1687401	95	9166	12611
May 23, 2021	1665382	76	3440	9704
May 24, 2021	1621577	68	22801	2229
May 25, 2021	1596204	203	24320	3155
May 26, 2021	1557698	153	20172	12646
May 27, 2021	1533753	151	17803	13933
May 28, 2021	1513794	107	19308	11268
May 29, 2021	1489041	69	8459	10675
May 30, 2021	1469148	46	3021	8541
May 31, 2021	1448420	128	18529	1211
Jun 01, 2021	1393786	129	20044	9848
Jun 02, 2021	1360288	98	18134	8743
Jun 03, 2021	1335105	72	6469	8161
Jun 04, 2021	1313522	84	14673	6953
Jun 05, 2021	1294827	57	13005	6654
Jun 06, 2021	1277934	26	3087	5070
Jun 07, 2021	1235552	65	16126	1166
Jun 08, 2021	1199171	73	17811	6016
Jun 09, 2021	1178581	66	15342	5557
Jun 10, 2021	1158703	70	12735	4475
Jun 11, 2021	1138487	71	12540	3871
Jun 12, 2021	1030734	34	9604	3972
Jun 13, 2021	1012262	13	2195	2855
Jun 14, 2021	983911	63	3171	689
Jun 15, 2021	964298	80	12583	3235
Jun 16, 2021	945021	50	13853	3058
Jun 17, 2021	930513	62	11224	2044
Jun 18, 2021	909888	56	10607	3181
Jun 19, 2021	887978	22	8485	2624
Jun 20, 2021	867308	14	1189	1815
Jun 21, 2021	842467	40	9834	487
Jun 22, 2021	830708	51	8703	2204
Jun 23, 2021	820215	33	8110	2320
Jun 24, 2021	812628	44	6920	2007
Jun 25, 2021	804449	33	6610	1986
Jun 26, 2021	794674	16	5037	2128
Jun 27, 2021	787482	21	1154	1578
Jun 28, 2021	774666	48	5999	509
Jun 29, 2021	767273	33	5501	2314
Jun 30, 2021	767851	25	4442	2457
Jul 01, 2021	762262	29	3846	2664
Jul 02, 2021	761070	24	3943	2683
Jul 03, 2021	761163	17	2831	3006
Jul 04, 2021	761524	9	672	2549
Jul 05, 2021	758692	36	3226	796
Jul 06, 2021	755327	34	3022	3585
Jul 07, 2021	757881	28	2010	4081
Jul 08, 2021	766945	25	3153	4442
Jul 09, 2021	779132	18	2599	4580
Jul 10, 2021	790546	19	1797	4696
Jul 11, 2021	798916	4	468	4256
Jul 12, 2021	799158	28	2200	1260
Jul 13, 2021	817528	54	2292	6950
Jul 14, 2021	839890	6	1953	8875
Jul 15, 2021	865295	16	1980	3617
Jul 16, 2021	893491	22	2112	10908
Jul 17, 2021	922780	16	1556	10949
Jul 18, 2021	947069	5	493	12532
Jul 19, 2021	962839	20	2309	4151
Jul 20, 2021	993861	33	2437	18181
Jul 21, 2021	1039551	29	2631	21539
Jul 22, 2021	1086710	11	2654	21909
Jul 23, 2021	1144060	26	2995	19561
Jul 24, 2021	1197006	25	2523	25624
Jul 25, 2021	1242180	7	771	15242
Jul 26, 2021	1272940	50	3579	5307
Jul 27, 2021	1337836	31	4036	26871
Jul 28, 2021	1408301	44	4414	27934
Jul 29, 2021	1487245	32	4540	25190
Jul 30, 2021	1574185	66	4667	24309
Jul 31, 2021	1653550	47	4196	23471
Aug 01, 2021	1719648	20	1217	19600
Aug 02, 2021	1768068	56	6932	5184
Aug 03, 2021	1845468	63	8824	26829
Aug 04, 2021	1945630	59	3560	28784
Aug 05, 2021	2050681	57	10855	26460
Aug 06, 2021	2160673	66	10897	25077
Aug 07, 2021	2256719	35	12472	25755
Aug 08, 2021	2336048	33	4119	20450
Aug 09, 2021	2389452	75	18151	5775
Aug 10, 2021	2481843	75	21471	28576
Aug 11, 2021	2594345	60	21841	30920
Aug 12, 2021	2702377	85	19507	28554
Aug 13, 2021	2824918	82	25547	26453
Aug 14, 2021	2932630	56	15168	24427
Aug 15, 2021	3013994	49	5256	21172
Aug 16, 2021	3058201	107	26827	5829
Aug 17, 2021	3148254	123	27837	28114
Aug 18, 2021	3251006	124	25079	28405
Aug 19, 2021	3368842	140	24197	23973
Aug 20, 2021	3493896	92	23344	22319
Aug 21, 2021	3596898	89	19517	22636
Aug 22, 2021	3683385	49	5103	17300
Aug 23, 2021	3717177	119	26785	5166
Aug 24, 2021	3811714	169	28676	24853
Aug 25, 2021	3919567	102	26307	23706
Aug 26, 2021	4036085	110	24984	19683
Aug 27, 2021	4164448	109	25432	18249
Aug 28, 2021	4263095	85	20355	17590
Aug 29, 2021	4339367	61	5701	13630
Aug 30, 2021	4368744	112	28523	3795
Aug 31, 2021	4446674	136	30822	19425
Sep 01, 2021	4499450	86	28418	17621
Sep 02, 2021	4592814	103	26320	15911
Sep 03, 2021	4695081	93	24324	13466
Sep 04, 2021	4751389	83	21079	13336
Sep 05, 2021	4807133	49	5746	10410
Sep 06, 2021	4813596	102	28065	3042
Sep 07, 2021	4829675	152	28303	14534
Sep 08, 2021	4835987	100	23821	12828
Sep 09, 2021	4900627	103	22219	10969
Sep 10, 2021	4964926	80	22533	9966
Sep 11, 2021	5017918	46	17220	9601
Sep 12, 2021	5057754	29	5120	7679
Sep 13, 2021	5024750	86	24824	2062
Sep 14, 2021	5031561	147	23620	10327
Sep 15, 2021	5058567	79	19536	9144
Sep 16, 2021	5102335	65	18170	8128
Sep 17, 2021	5130556	66	17525	7373
Sep 18, 2021	5142820	42	13564	7414
Sep 19, 2021	5136379	28	3753	5814
Sep 20, 2021	5055160	68	19397	1515
Sep 21, 2021	5031801	153	17553	7851
Sep 22, 2021	5019047	58	15758	6794
Sep 23, 2021	5016515	62	13408	6229
Sep 24, 2021	5014079	49	13274	5879
Sep 25, 2021	4998743	29	10361	6012
Sep 26, 2021	4957862	14	3013	4706
Sep 27, 2021	4876019	92	14520	1309
Sep 28, 2021	4825982	60	12736	6765
Sep 29, 2021	4788877	42	10909	5835
Sep 30, 2021	4772906	56	9924	5204
Oct 01, 2021	4746837	46	9545	4935
Oct 02, 2021	4663977	30	7633	4948
Oct 03, 2021	4619612	9	2032	3744
Oct 04, 2021	4512526	50	10318	1138
Oct 05, 2021	4454157	75	9094	5558
Oct 06, 2021	4418595	34	8053	4946
Oct 07, 2021	4389482	34	7339	4615
Oct 08, 2021	4339412	38	7380	4470
Oct 09, 2021	4287625	15	5776	4734
Oct 10, 2021	4239462	8	1500	3991
Oct 11, 2021	4142820	30	7843	1120
Oct 12, 2021	4052402	68	6764	5880
Oct 13, 2021	3993799	23	6161	5578
Oct 14, 2021	3951380	38	5856	5187
Oct 15, 2021	3903567	34	5974	6099
Oct 16, 2021	3858968	15	4672	4899
Oct 17, 2021	3803601	5	1294	3778
Oct 18, 2021	3703634	41	6760	1057
Oct 19, 2021	3616149	49	5794	5934
Oct 20, 2021	3557115	21	5155	6036
Oct 21, 2021	3521618	35	4914	6127
Oct 22, 2021	3460948	29	4913	6366
Oct 23, 2021	3411413	23	3715	6291
Oct 24, 2021	3355567	4	1115	5005
Oct 25, 2021	3250393	41	5554	1295
Oct 26, 2021	3199146	47	4905	6603
Oct 27, 2021	3143425	34	4568	6528
Oct 28, 2021	3116264	33	4436	6461
Oct 29, 2021	3076841	27	4701	6433
Oct 30, 2021	3043706	22	3964	7360
Oct 31, 2021	3005681	12	1098	6329
Nov 01, 2021	2936501	6	5868	1866
Nov 02, 2021	2865192	74	5572	2039
Nov 03, 2021	2823187	39	5113	10050
Nov 04, 2021	2808262	47	6060	9502
Nov 05, 2021	2786298	26	4852	8998
Nov 06, 2021	2769484	25	3752	9605
Nov 07, 2021	2745521	10	1032	8547
Nov 08, 2021	2672852	55	5924	2197
Nov 09, 2021	2655110	58	5981	12476
Nov 10, 2021	2636429	33	6069	11883
Nov 11, 2021	2647170	17	6333	12603
Nov 12, 2021	2638438	48	6274	3860
Nov 13, 2021	2642318	16	4957	14646
Nov 14, 2021	2641818	17	1279	12496
Nov 15, 2021	2615607	70	6586	3241
Nov 16, 2021	2618297	47	6458	19778
Nov 17, 2021	2613112	50	6414	20294
Nov 18, 2021	2644538	52	6383	20366
Nov 19, 2021	2665001	50	7308	21220
Nov 20, 2021	2682442	23	6279	22678
Nov 21, 2021	2691035	15	1843	19749
Nov 22, 2021	2658202	94	2024	5266
Nov 23, 2021	2676400	98	9956	30454
Nov 24, 2021	2693180	81	9404	32591
Nov 25, 2021	2696006	43	8917	33464
Nov 26, 2021	2676852	60	9562	34436
Nov 27, 2021	2656692	34	8487	37218
Nov 28, 2021	2641395	23	2163	31648
Nov 29, 2021	2632241	122	12453	8279
Nov 30, 2021	2644203	115	11761	47177
Dec 01, 2021	2677776	96	12488	49610
Dec 02, 2021	2738824	103	3764	48416
Dec 03, 2021	2792999	127	14543	49858
Dec 04, 2021	2839965	49	12369	51624
Dec 05, 2021	2866697	29	3192	42252
Dec 06, 2021	2864754	192	19749	11308
Dec 07, 2021	2906801	172	20102	59019
Dec 08, 2021	2937003	133	20194	61340
Dec 09, 2021	2983641	136	21087	56854
Dec 10, 2021	3025808	150	-136	55339
Dec 11, 2021	3062023	65	42277	53720
Dec 12, 2021	3088130	48	5201	43848
Dec 13, 2021	3011935	243	30406	12036
Dec 14, 2021	3021709	158	32348	63405
Dec 15, 2021	3059112	151	33306	65713
Dec 16, 2021	3121289	188	34285	60866
Dec 17, 2021	3190974	162	37030	58128
Dec 18, 2021	3256792	85	31486	58536
Dec 19, 2021	3320454	75	8194	48473
Dec 20, 2021	3359049	224	47102	15075
Dec 21, 2021	3445258	229	49386	72832
Dec 22, 2021	3546271	170	48187	84272
Dec 23, 2021	3749586	179	49688	91608
Dec 24, 2021	3990364	167	51445	94124
Dec 25, 2021	4186429	84	42085	104611
Dec 26, 2021	4326832	96	11224	27697
Dec 27, 2021	4480852	256	58923	30383
Dec 28, 2021	4675175	290	61084	179807
Dec 29, 2021	5018477	184	56564	208099
Dec 30, 2021	5501915	180	55155	206243
Dec 31, 2021	6009426	189	53540	232200
Jan 01, 2022	6490026	110	43659	219126
Jan 02, 2022	6879362	91	11926	58432
Jan 03, 2022	7246815	270	63314	67461
Jan 04, 2022	7638688	351	65443	271686
Jan 05, 2022	8209461	246	60515	332252
Jan 06, 2022	8878702	204	57882	261481
Jan 07, 2022	9607177	193	58332	328214
Jan 08, 2022	10254116	142	48280	303669
Jan 09, 2022	10869524	90	14933	296097
Jan 10, 2022	11314228	280	72742	93896
Jan 11, 2022	11826427	341	83992	368149
Jan 12, 2022	12487113	246	91267	361719
Jan 13, 2022	13168164	225	93878	305322
Jan 14, 2022	13809444	191	104386	329371
Jan 15, 2022	14393566	148	27506	324580
Jan 16, 2022	14920076	98	30235	278129
Jan 17, 2022	15293561	296	179709	102144
Jan 18, 2022	15469687	375	207803	464769
Jan 19, 2022	15788901	231	205868	436167
Jan 20, 2022	16260799	245	231969	425183
Jan 21, 2022	16779480	233	218881	400851
Jan 22, 2022	17204211	167	58199	389320
Jan 23, 2022	17460131	115	67294	301614
Jan 24, 2022	17496406	393	271571	108481
Jan 25, 2022	17548987	467	331859	501635
Jan 26, 2022	17694832	258	261014	428008
Jan 27, 2022	17888678	268	327956	392168
Jan 28, 2022	18047231	263	303401	353503
Jan 29, 2022	18122155	178	295834	332398
Jan 30, 2022	18138683	127	93718	249448
Jan 31, 2022	18030013	348	368022	82657
Feb 01, 2022	17736681	381	361371	416896
Feb 02, 2022	17441859	276	304941	315363
Feb 03, 2022	17344978	264	329095	274352
Feb 04, 2022	17142285	355	324316	241049
Feb 05, 2022	16928224	170	277774	214542
Feb 06, 2022	16688920	129	101974	155439
Feb 07, 2022	16383606	417	464640	46001
Feb 08, 2022	15956787	691	435750	235267
Feb 09, 2022	15614301	283	412530	179614
Feb 10, 2022	15288764	310	412530	153025
Feb 11, 2022	14890891	329	389010	131376
Feb 12, 2022	14476650	161	301285	118611
Feb 13, 2022	14137621	107	108320	86562
Feb 14, 2022	13554212	385	501528	26475
Feb 15, 2022	13179510	390	427623	142253
Feb 16, 2022	12753181	276	391778	98735
Feb 17, 2022	12330652	287	353227	92345
Feb 18, 2022	11891645	304	332111	82553
Feb 19, 2022	11459945	148	249144	76638
Feb 20, 2022	11008588	114	82509	59003
Feb 21, 2022	10444014	283	416896	17195
Feb 22, 2022	10006783	285	319295	97382
Feb 23, 2022	9565853	213	269738	66833
Feb 24, 2022	9098653	281	240836	66732
Feb 25, 2022	8650267	188	214261	58138
Feb 26, 2022	8242196	101	155251	53623
Feb 27, 2022	7860906	76	45900	42600
Feb 28, 2022	7417158	232	235191	13483
Mar 01, 2022	7090534	209	179382	79794
Mar 02, 2022	6748866	186	152816	57697
Mar 03, 2022	6404125	180	131190	60225
Mar 04, 2022	6035239	181	118431	57789
Mar 05, 2022	5678034	120	86381	53678
Mar 06, 2022	5376292	32	26355	45328
Mar 07, 2022	5091706	176	142221	14496
Mar 08, 2022	4826499	167	98559	93050
Mar 09, 2022	4580050	155	92178	69190
Mar 10, 2022	4338348	107	82398	74818
Mar 11, 2022	4101644	149	76531	72399
Mar 12, 2022	3877053	51	58854	72443
Mar 13, 2022	3677156	29	17144	60422
Mar 14, 2022	3477804	185	97353	18853
Mar 15, 2022	3324900	146	66648	116618
Mar 16, 2022	3181834	173	66586	108832
Mar 17, 2022	3011177	116	57965	101747
Mar 18, 2022	2865285	112	53507	97579
Mar 19, 2022	2738433	62	42488	98104
Mar 20, 2022	2657012	30	13421	81283
Mar 21, 2022	2530019	152	79764	24179
Mar 22, 2022	2426154	133	57545	180777
Mar 23, 2022	2336701	101	60092	145560
Mar 24, 2022	2236403	124	57688	148635
Mar 25, 2022	2084017	121	53554	143571
Mar 26, 2022	2008984	67	45207	139517
Mar 27, 2022	1941756	41	14429	110174
Mar 28, 2022	1828550	149	93009	29455
Mar 29, 2022	1763538	164	69041	217480
Mar 30, 2022	1696774	149	74654	169024
Mar 31, 2022	1647645	139	72250	169311
Apr 01, 2022	1607110	134	72304	148629
Apr 02, 2022	1575859	68	60288	132114
Apr 03, 2022	1520452	31	18785	102266
Apr 04, 2022	1475579	149	116587	27648
Apr 05, 2022	1444109	129	108683	203021
Apr 06, 2022	1425739	128	101618	161950
Apr 07, 2022	1405526	105	97451	158792
Apr 08, 2022	1394389	139	97999	148768
Apr 09, 2022	1383049	87	81144	141690
Apr 10, 2022	1348015	45	24092	107654
Apr 11, 2022	1331019	178	180732	25492
Apr 12, 2022	1311906	159	145382	190762
Apr 13, 2022	1316322	152	148476	146426
Apr 14, 2022	1326049	133	143419	137342
Apr 15, 2022	1340090	151	139384	125394
Apr 16, 2022	1342482	61	110023	111583
Apr 17, 2022	1336542	35	29394	86650
Apr 18, 2022	1328229	48	217445	19810
Apr 19, 2022	1332064	182	168976	25465
Apr 20, 2022	1351264	227	169129	155711
Apr 21, 2022	1376919	185	148402	104007
Apr 22, 2022	1405869	146	131929	88389
Apr 23, 2022	1425335	75	102120	80571
Apr 24, 2022	1436519	40	27573	58954
Apr 25, 2022	1440592	197	202981	13984
Apr 26, 2022	1451964	170	161753	97498
Apr 27, 2022	1478629	152	158622	67711
Apr 28, 2022	1523891	132	148616	59760
Apr 29, 2022	1566659	158	141558	52919
Apr 30, 2022	1599434	61	107496	49482
May 01, 2022	1614764	32	25431	36726
May 02, 2022	1630804	180	190730	8737
May 03, 2022	1655648	120	146246	67017
May 04, 2022	1699273	114	137222	47925
May 05, 2022	1762495	122	125280	44225
May 06, 2022	1821237	110	111461	40224
May 07, 2022	1883200	62	86540	37958
May 08, 2022	1931252	54	19748	29324
May 09, 2022	1934567	132	25411	7354
May 10, 2022	1978419	123	155579	56449
May 11, 2022	2031191	96	103884	40299
May 12, 2022	2100180	84	88293	36047
May 13, 2022	2169003	98	80487	32773
May 14, 2022	2233889	74	58856	30459
May 15, 2022	2278396	21	13984	22844
May 16, 2022	2325459	126	97403	5936
May 17, 2022	2370330	90	67585	43727
May 18, 2022	2434442	80	59670	29995
May 19, 2022	2522648	67	52839	27842
May 20, 2022	2596336	65	49415	24332
May 21, 2022	2662239	44	36661	22507
May 22, 2022	2708190	11	8737	16965
May 23, 2022	2723695	82	66962	4386
May 24, 2022	2759277	88	47843	32029
May 25, 2022	2815852	51	44137	22006
May 26, 2022	2883847	28	40173	21234
May 27, 2022	2949018	45	37930	4811
May 28, 2022	3039848	23	29279	23582
May 29, 2022	3028700	14	7354	16440
May 30, 2022	3060716	85	56412	4673
May 31, 2022	3048963	76	40214	35142
Jun 01, 2022	3063174	58	35971	26144
Jun 02, 2022	3118115	41	32715	25365
Jun 03, 2022	3179244	38	30418	25130
Jun 04, 2022	3228735	34	22806	25172
Jun 05, 2022	3260993	10	5936	20542
Jun 06, 2022	3261600	9	43727	6184
Jun 07, 2022	3284244	74	29942	11627
Jun 08, 2022	3303587	77	27768	53802
Jun 09, 2022	3342719	42	24255	40151
Jun 10, 2022	3384086	39	-42	17152
Jun 11, 2022	3415349	0	39433	0
Jun 12, 2022	3420314	0	4386	79397
Jun 13, 2022	3415307	92	32029	8474
Jun 14, 2022	3416493	57	21914	65425
Jun 15, 2022	3428029	49	21177	51954
Jun 16, 2022	3455669	49	4762	53081
Jun 17, 2022	3477327	43	23533	50605
Jun 18, 2022	3501941	19	-43	50266
Jun 19, 2022	3479725	3	16440	40125
Jun 20, 2022	3472080	45	39793	11566
Jun 21, 2022	3483293	56	26099	95217
Jun 22, 2022	3489462	66	25309	77967
Jun 23, 2022	3547354	40	25064	79852
Jun 24, 2022	3582549	49	25132	79262
Jun 25, 2022	3611634	30	-49	80926
Jun 26, 2022	3619169	11	20542	66301
Jun 27, 2022	3614487	48	17770	17601
Jun 28, 2022	3616631	37	53754	147248
Jun 29, 2022	3640342	48	40114	124724
Jun 30, 2022	3695605	42	17104	133346
Jul 01, 2022	3746445	52	-42	125066
Jul 02, 2022	3795840	30	-52	122639
Jul 03, 2022	3771945	14	79397	96191
Jul 04, 2022	3738979	97	73899	24418
Jul 05, 2022	3712504	75	51813	206554
Jul 06, 2022	3708057	53	53006	154615
Jul 07, 2022	3751855	89	50552	161265
Jul 08, 2022	3810118	74	50177	140997
Jul 09, 2022	3903003	39	-74	116405
Jul 10, 2022	3986607	15	40125	110589
Jul 11, 2022	3850196	108	106783	24343
Jul 12, 2022	3867988	126	77805	182006
Jul 13, 2022	3896338	109	79726	127642
Jul 14, 2022	3945500	54	79153	119285
Jul 15, 2022	3997239	108	80872	23027
Jul 16, 2022	4028145	59	66193	124009
Jul 17, 2022	4051810	26	17601	73668
Jul 18, 2022	4044904	174	147163	17733
Jul 19, 2022	4058422	144	124550	134188
Jul 20, 2022	4089304	125	133202	89982
Jul 21, 2022	4135094	133	124941	80869
Jul 22, 2022	4167042	113	122506	74348
Jul 23, 2022	4182898	57	96078	68532
Jul 24, 2022	4178225	23	24418	50032
Jul 25, 2022	4157840	130	206474	11195
Jul 26, 2022	4181211	119	154485	87562
Jul 27, 2022	4196923	103	161146	58638
Jul 28, 2022	4229134	112	140894	51594
Jul 29, 2022	4262099	89	116293	45515
Jul 30, 2022	4284162	55	110500	41274
Jul 31, 2022	4266444	20	24343	31535
Aug 01, 2022	4250729	121	181931	7249
Aug 02, 2022	4256611	101	127521	54519
Aug 03, 2022	4251561	90	119184	38788
Aug 04, 2022	4276046	87	22937	33799
Aug 05, 2022	4277676	80	123922	30592
Aug 06, 2022	4266274	45	73588	28518
Aug 07, 2022	4238231	20	17733	21528
Aug 08, 2022	4186196	109	134123	5090
Aug 09, 2022	4188117	111	89873	38230
Aug 10, 2022	4174017	88	80758	27081
Aug 11, 2022	4182601	80	74260	24312
Aug 12, 2022	4159362	74	68452	22638
Aug 13, 2022	4134624	0	49958	21175
Aug 14, 2022	4097024	0	11195	16347
Aug 15, 2022	4036052	65	87562	4564
Aug 16, 2022	4004102	113	58573	6331
Aug 17, 2022	4014143	93	51481	35745
Aug 18, 2022	3990709	92	45422	23605
Aug 19, 2022	3952207	74	41182	20236
Aug 20, 2022	3960864	40	31461	19870
Aug 21, 2022	3878476	0	7249	14820
Aug 22, 2022	3832805	76	54479	4012
Aug 23, 2022	3804571	88	38712	28988
Aug 24, 2022	3780872	57	33711	21289
Aug 25, 2022	3765933	44	30535	19837
Aug 26, 2022	3736760	51	28474	18116
Aug 27, 2022	3706051	23	21477	17833
Aug 28, 2022	3678028	9	5090	14110
Aug 29, 2022	3610979	78	38198	3806
Aug 30, 2022	3583440	72	27003	27358
Aug 31, 2022	3523378	54	24240	19240
Sep 01, 2022	3497922	41	22584	18646
Sep 02, 2022	3469257	55	21134	16399
Sep 03, 2022	3437359	14	16292	15597
Sep 04, 2022	3386789	3	4564	12894
Sep 05, 2022	3327817	67	6314	3443
Sep 06, 2022	3276486	60	35678	26918
Sep 07, 2022	3237025	46	23545	20142
Sep 08, 2022	3195673	58	20190	19866
Sep 09, 2022	3177871	31	19812	19087
Sep 10, 2022	3135994	15	14789	19517
Sep 11, 2022	3106093	6	4012	16422
Sep 12, 2022	3056224	40	28967	4579
Sep 13, 2022	3002423	49	21249	41850
Sep 14, 2022	2961226	33	19788	33575
Sep 15, 2022	2897742	33	18083	33263
Sep 16, 2022	2883748	28	17800	28686
Sep 17, 2022	2839059	11	14082	33162
Sep 18, 2022	2803155	2	3806	23137
Sep 19, 2022	2762233	58	27345	5219
Sep 20, 2022	2720800	48	19182	51816
Sep 21, 2022	2693030	33	18598	38250
Sep 22, 2022	2631427	30	16366	38464
Sep 23, 2022	2608968	33	15567	37524
Sep 24, 2022	2569874	14	12861	38024
Sep 25, 2022	2545318	8	3443	31365
Sep 26, 2022	2482567	51	26896	7489
Sep 27, 2022	2463458	40	20091	73639
Sep 28, 2022	2420662	45	19826	53410
Sep 29, 2022	2369612	33	19042	51366
Sep 30, 2022	2340830	34	19484	48261
Oct 01, 2022	2311698	17	16388	46596
Oct 02, 2022	2268780	7	4579	37453
Oct 03, 2022	2227137	62	41826	8690
Oct 04, 2022	2197334	74	33513	89185
Oct 05, 2022	2152853	47	33189	66564
Oct 06, 2022	2108074	50	28639	65537
Oct 07, 2022	2086781	53	33112	61121
Oct 08, 2022	2073968	26	23084	57270
Oct 09, 2022	2020493	8	5219	42626
Oct 10, 2022	2007713	79	51782	9373
Oct 11, 2022	1960848	85	38171	94753
Oct 12, 2022	1938024	55	38379	67948
Oct 13, 2022	1910011	62	37469	64218
Oct 14, 2022	1895735	79	37962	58695
Oct 15, 2022	1883434	35	31286	55394
Oct 16, 2022	1851389	17	7489	41973
Oct 17, 2022	1820007	112	73587	9421
Oct 18, 2022	1796205	101	53298	87666
Oct 19, 2022	1795015	106	51265	63031
Oct 20, 2022	1778892	69	48155	56793
Oct 21, 2022	1767435	81	46527	49087
Oct 22, 2022	1754198	33	37372	43746
Oct 23, 2022	1736501	17	8690	31470
Oct 24, 2022	1722432	122	89135	6907
Oct 25, 2022	1737342	131	66442	59653
Oct 26, 2022	1700836	60	65406	41185
Oct 27, 2022	1690595	71	61061	37089
Oct 28, 2022	1688615	61	57199	25783
Oct 29, 2022	1670904	41	42565	22723
Oct 30, 2022	1661631	9	9373	16456
Oct 31, 2022	1654009	112	94703	3768
Nov 01, 2022	1647318	53	67836	29525
Nov 02, 2022	1656461	97	64165	5691
Nov 03, 2022	1646260	55	58598	42025
Nov 04, 2022	1635656	78	55339	29438
Nov 05, 2022	1659158	34	41895	26840
Nov 06, 2022	1636421	9	0	21178
Nov 07, 2022	1626421	109	97044	3645
Nov 08, 2022	1631947	117	62922	40591
Nov 09, 2022	1638657	72	56676	28702
Nov 10, 2022	1645741	53	49015	27068
Nov 11, 2022	1658997	33	43693	26353
Nov 12, 2022	1664690	15	31437	5577
Nov 13, 2022	1663000	2	6907	27155
Nov 14, 2022	1661922	100	59636	6017
Nov 15, 2022	1625096	110	41085	48971
Nov 16, 2022	1639773	71	36979	34878
Nov 17, 2022	1630788	87	25712	33331
Nov 18, 2022	1632400	74	22636	37177
Nov 19, 2022	1650462	75	16382	47088
Nov 20, 2022	1666878	6	3768	14204
Nov 21, 2022	1637039	94	29444	29335
Nov 22, 2022	1653333	89	5597	64772
Nov 23, 2022	1665696	84	41936	49188
Nov 24, 2022	1667975	60	-84	50530
Nov 25, 2022	1667796	68	56218	48629
Nov 26, 2022	1688248	29	21110	48331
Nov 27, 2022	1686539	8	3645	37675
Nov 28, 2022	1692128	95	40554	9304
Nov 29, 2022	1730334	88	28607	91814
Nov 30, 2022	1756599	91	26980	68382
Dec 01, 2022	1762312	76	26262	69253
Dec 02, 2022	1793681	67	5501	59008
Dec 03, 2022	1838171	38	27088	52908
Dec 04, 2022	1871633	10	6017	40006
Dec 05, 2022	1891575	104	48923	10591
Dec 06, 2022	1902565	117	34774	105516
Dec 07, 2022	1943394	93	33214	75752
Dec 08, 2022	1964190	62	37084	71597
Dec 09, 2022	1997258	94	47026	65509
Dec 10, 2022	2035560	62	14110	61482
Dec 11, 2022	2050145	30	29335	46422
Dec 12, 2022	2067889	167	64680	10878
Dec 13, 2022	2098540	138	49021	97037
Dec 14, 2022	2115899	114	50392	70224
Dec 15, 2022	2137355	106	48515	62541
Dec 16, 2022	2176186	131	48225	56361
Dec 17, 2022	2223251	45	37544	52544
Dec 18, 2022	2249921	35	9304	37264
Dec 19, 2022	2231930	178	91734	8213
Dec 20, 2022	2255992	130	68204	71212
Dec 21, 2022	2265290	127	69123	54613
Dec 22, 2022	2280257	120	58881	49517
Dec 23, 2022	2305177	158	52788	43766
Dec 24, 2022	2347370	58	39848	40744
Dec 25, 2022	2348641	24	0	23681
Dec 26, 2022	2347027	133	10591	5429
Dec 27, 2022	2345280	208	105516	30989
Dec 28, 2022	2377334	140	147349	26081
Dec 29, 2022	2381018	132	64946	24436
Dec 30, 2022	2412531	115	61350	23808
Dec 31, 2022	2452393	52	46307	21836
Jan 01, 2023	2476274	28	10878	15005
Jan 02, 2023	2465599	172	96957	2246
Jan 03, 2023	2462267	163	70052	22916
Jan 04, 2023	2458635	123	62378	14105
Jan 05, 2023	2475392	143	56238	11537
Jan 06, 2023	2493779	126	52401	10383
Jan 07, 2023	2534916	54	37264	8961
Jan 08, 2023	2485810	22	8213	6557
Jan 09, 2023	2494893	145	71010	1702
Jan 10, 2023	2520932	115	54468	11715
Jan 11, 2023	2535855	88	49402	7635
Jan 12, 2023	2514482	53	43678	7159
Jan 13, 2023	2492061	101	40691	6238
Jan 14, 2023	2484793	27	23580	5429
Jan 15, 2023	2435377	9	5429	4166
Jan 16, 2023	2437053	80	30953	1235
Jan 17, 2023	2437450	99	26001	8381
Jan 18, 2023	2359968	82	24337	5894
Jan 19, 2023	2313799	64	23726	4992
Jan 20, 2023	2311598	44	21772	4475
Jan 21, 2023	2346700	54	14961	4324
Jan 22, 2023	2258081	9	2246	3477
Jan 23, 2023	2252795	134	22853	1027
Jan 24, 2023	2257545	59	13971	7263
Jan 25, 2023	2256425	0	11478	5347
Jan 26, 2023	2209167	28	10383	5287
Jan 27, 2023	2218185	44	8933	4681
Jan 28, 2023	2224765	0	6513	4513
Jan 29, 2023	2212257	0	1702	3802
Jan 30, 2023	2197766	96	11715	982
Jan 31, 2023	2205856	57	7539	6860
Feb 01, 2023	2195091	53	7102	4506
Feb 02, 2023	2143376	52	6185	4021
Feb 03, 2023	2142317	28	0	3618
Feb 04, 2023	2142074	21	5429	3312
Feb 05, 2023	2160449	0	4166	2632
Feb 06, 2023	2143771	40	9616	718
Feb 07, 2023	2077278	42	5753	4999
Feb 08, 2023	2020345	31	4950	3991
Feb 09, 2023	1972085	17	4444	3653
Feb 10, 2023	1966431	20	4307	3366
Feb 11, 2023	1978979	0	3457	3187
Feb 12, 2023	1986426	0	1027	2469
Feb 13, 2023	1979907	50	7263	706
Feb 14, 2023	1959869	35	5297	4986
Feb 15, 2023	1947979	35	5252	3972
Feb 16, 2023	1924485	27	4646	4021
Feb 17, 2023	1927002	28	4486	3589
Feb 18, 2023	1942392	0	3774	4236
Feb 19, 2023	1914048	0	982	2999
Feb 20, 2023	1910358	47	6860	898
Feb 21, 2023	1903804	32	4459	5774
Feb 22, 2023	1884221	38	3989	4584
Feb 23, 2023	1859926	19	3580	4489
Feb 24, 2023	1860457	29	3293	3917
Feb 25, 2023	1853811	0	2603	3843
Feb 26, 2023	1866375	0	718	2942
Feb 27, 2023	1859837	52	4999	841
Feb 28, 2023	1866220	34	3939	5651
Mar 01, 2023	1834987	25	3619	4525
Mar 02, 2023	1822171	21	3341	4196
Mar 03, 2023	1795218	21	3166	3194
Mar 04, 2023	1805288	0	2448	4013
Mar 05, 2023	1824641	0	0	0
Mar 06, 2023	1813222	43	5692	953
Mar 07, 2023	1763807	0	-43	0
Mar 08, 2023	1713147	0	3972	0
Mar 09, 2023	1710346	0	4021	0
Mar 10, 2023	1693595	90	7825	6188
Mar 11, 2023	1714772	0	2909	6072
Mar 12, 2023	1703651	0	898	4558
Mar 13, 2023	1661429	50	5774	1235
Mar 14, 2023	1589876	27	4534	9937
Mar 15, 2023	1563630	24	4462	8348
Mar 16, 2023	1546542	24	3893	7932
Mar 17, 2023	1495356	26	3819	7228
Mar 18, 2023	1462690	0	2916	7210
Mar 19, 2023	1430168	0	841	5459
Mar 20, 2023	1419185	63	5651	1470
Mar 21, 2023	1423581	35	4462	11519
Mar 22, 2023	1390542	13	4161	9762
Mar 23, 2023	1355599	29	3181	9249
Mar 24, 2023	1361994	15	3984	8839
Mar 25, 2023	1372211	0	-15	8435
Mar 26, 2023	1369663	0	953	6211
Mar 27, 2023	1370397	65	0	7
Mar 28, 2023	1360812	39	-65	12933
Mar 29, 2023	1330634	36	-39	10885
Mar 30, 2023	1298779	0	-36	0
Mar 31, 2023	1272395	69	12260	9211
Apr 01, 2023	1274244	0	4489	8455
Apr 02, 2023	1282362	0	1235	6027
Apr 03, 2023	1278931	58	9937	1453
Apr 04, 2023	1273345	0	-58	0
Apr 05, 2023	1260114	58	16280	9922
Apr 06, 2023	1236815	35	7170	9374
Apr 07, 2023	1236574	28	7175	8786
Apr 08, 2023	1220121	0	5431	7739
Apr 09, 2023	1223438	0	1470	6474
Apr 10, 2023	1219218	0	11519	1342
Apr 11, 2023	1217322	0	9762	1884
Apr 12, 2023	1197981	59	9249	14207
Apr 13, 2023	1193722	0	8780	10678
Apr 14, 2023	1189415	108	8435	9467
Apr 15, 2023	1194306	0	6103	8595
Apr 16, 2023	1199616	0	7	5805
Apr 17, 2023	1191607	0	12933	1411
Apr 18, 2023	1198589	140	10885	10616
Apr 19, 2023	1184573	0	-140	8807
Apr 20, 2023	1150555	0	9211	8201
Apr 21, 2023	1133974	125	8455	7400
Apr 22, 2023	1131022	0	5902	6796
Apr 23, 2023	1139402	0	1453	5008
Apr 24, 2023	1139973	0	0	1185
Apr 25, 2023	1145761	136	9922	8895
Apr 26, 2023	1124674	0	9238	7490
Apr 27, 2023	1131240	0	8786	6609
Apr 28, 2023	1126902	131	7739	6144
Apr 29, 2023	1125771	0	6343	5642
Apr 30, 2023	1124534	0	1342	4030
May 01, 2023	1120877	0	1884	1098
May 02, 2023	1108041	89	14207	1065
May 03, 2023	1068272	0	10589	8715
May 04, 2023	1042590	0	9467	6161
May 05, 2023	1043652	166	8595	5505
May 06, 2023	1051765	0	5639	5103
May 07, 2023	1044514	0	1411	3301
May 08, 2023	1042271	0	10616	759
May 09, 2023	1049445	51	8807	1044
May 10, 2023	1041573	0	8150	6708
May 11, 2023	1033025	0	0	0
May 12, 2023	1037363	108	14196	9003
May 13, 2023	1041967	0	4900	3706
May 14, 2023	1043271	0	1185	2563
May 15, 2023	1024378	0	8895	623
May 16, 2023	1025201	82	7490	5118
May 17, 2023	987424	0	6527	4149
May 18, 2023	979553	0	0	0
May 19, 2023	897357	0	6144	0
May 20, 2023	816154	0	5642	0
May 21, 2023	813457	0	4030	0
May 22, 2023	818501	76	2163	677
May 23, 2023	811150	79	8639	5901
May 24, 2023	806817	0	6082	4905
May 25, 2023	784600	0	5505	4220
May 26, 2023	776875	56	5103	3724
May 27, 2023	782516	0	3245	3317
May 28, 2023	772029	0	759	2284
May 29, 2023	772991	0	1044	592
May 30, 2023	770733	48	6708	902
May 31, 2023	759719	0	-48	5210
Jun 01, 2023	757778	0	9003	3735
Jun 02, 2023	761204	62	3706	3204
Jun 03, 2023	763781	0	2501	2797
Jun 04, 2023	731605	0	623	2082
Jun 05, 2023	721324	0	5118	443
Jun 06, 2023	724333	51	4149	3590
Jun 07, 2023	720779	0	-51	2762
Jun 08, 2023	712448	0	0	2603
Jun 09, 2023	713809	56	0	2357
Jun 10, 2023	717636	0	-56	2135
Jun 11, 2023	715823	0	677	1282
Jun 12, 2023	713546	0	5901	332
Jun 13, 2023	716503	28	4905	2631
Jun 14, 2023	719052	0	4192	2069
Jun 15, 2023	721294	0	3724	545
Jun 16, 2023	721091	40	3317	2895
Jun 17, 2023	706496	0	2244	1482
Jun 18, 2023	705857	0	592	1080
Jun 19, 2023	704431	0	902	270
Jun 20, 2023	708353	45	5210	2071
Jun 21, 2023	696027	0	3690	1702
Jun 22, 2023	689587	0	3204	1420
Jun 23, 2023	689206	23	2797	1232
Jun 24, 2023	691687	0	2059	1217
Jun 25, 2023	691871	0	443	776
Jun 26, 2023	694596	0	3590	213
Jun 27, 2023	695880	26	2762	1680
Jun 28, 2023	698664	0	2577	1148
Jun 29, 2023	695667	0	2357	1106
Jun 30, 2023	696491	0	2135	1106
Jul 01, 2023	698378	0	0	0
Jul 02, 2023	699598	0	1282	0
Jul 03, 2023	697438	0	332	0
Jul 04, 2023	698560	0	2631	0
Jul 05, 2023	691496	0	2069	0
Jul 06, 2023	687275	0	545	0
Jul 07, 2023	690161	0	2895	0
Jul 08, 2023	693322	0	1482	0
Jul 09, 2023	691939	0	1080	0
Jul 10, 2023	694451	0	270	0
Jul 11, 2023	698330	0	2071	0
Jul 12, 2023	699692	0	1702	0
Jul 13, 2023	699340	0	1420	0
Jul 14, 2023	703020	0	1232	0
Jul 15, 2023	699276	0	1217	0
Jul 16, 2023	702336	0	776	0
Jul 17, 2023	706134	0	213	0
Jul 18, 2023	711027	0	1680	0
Jul 19, 2023	711565	0	1148	0
Jul 20, 2023	712128	0	1106	0
Jul 21, 2023	717267	0	1106	0
Jul 22, 2023	722257	0	0	0
Jul 23, 2023	726466	0	0	0
Jul 24, 2023	731190	0	0	0
Jul 25, 2023	735027	0	0	0
Jul 26, 2023	736273	0	0	0
Jul 27, 2023	739527	0	0	0
Jul 28, 2023	748093	0	0	0
Jul 29, 2023	755833	0	0	0
Jul 30, 2023	759325	0	0	0
Jul 31, 2023	765615	0	0	0
Aug 01, 2023	773296	0	0	0
Aug 02, 2023	777816	0	0	0
Aug 03, 2023	782301	0	0	0
Aug 04, 2023	792045	0	0	0
Aug 05, 2023	800028	0	0	0
Aug 06, 2023	808195	0	0	0
Aug 07, 2023	814272	0	0	0
Aug 08, 2023	824855	0	0	0
Aug 09, 2023	824472	0	0	0
Aug 10, 2023	797530	0	0	0
Aug 11, 2023	801483	0	0	0
Aug 12, 2023	811145	0	0	0
Aug 13, 2023	820325	0	0	0
Aug 14, 2023	829078	0	0	0
Aug 15, 2023	841299	0	0	0
Aug 16, 2023	843881	0	0	0
Aug 17, 2023	857526	0	0	0
Aug 18, 2023	874005	0	0	0
Aug 19, 2023	883746	0	0	0
Aug 20, 2023	895982	0	0	0
Aug 21, 2023	910076	0	0	0
Aug 22, 2023	925397	0	0	0
Aug 23, 2023	932745	0	0	0
Aug 24, 2023	948415	0	0	0
Aug 25, 2023	960432	0	0	0
Aug 26, 2023	976152	0	0	0
Aug 27, 2023	990179	0	0	0
Aug 28, 2023	1002310	0	0	0
Aug 29, 2023	1022428	0	0	0
Aug 30, 2023	1028442	0	0	0
Aug 31, 2023	1034969	0	0	0
Sep 01, 2023	1046559	0	0	0
Sep 02, 2023	1063127	0	0	0
Sep 03, 2023	1077209	0	0	0
Sep 04, 2023	1090785	0	0	0
Sep 05, 2023	1100990	0	0	0
Sep 06, 2023	1099161	0	0	0
Sep 07, 2023	1109927	0	0	0
Sep 08, 2023	1129916	0	0	0
Sep 09, 2023	1137955	0	0	0
Sep 10, 2023	1141772	0	0	0
Sep 11, 2023	1152235	0	0	0
Sep 12, 2023	1161081	0	0	0
Sep 13, 2023	1164158	0	0	0
Sep 14, 2023	1168411	0	0	0
Sep 15, 2023	1172557	0	0	0
Sep 16, 2023	1182628	0	0	0
Sep 17, 2023	1183596	0	0	0
Sep 18, 2023	1182244	0	0	0
Sep 19, 2023	1187711	0	0	0
Sep 20, 2023	1184575	0	0	0
Sep 21, 2023	1175360	0	0	0
Sep 22, 2023	1177110	0	0	0
Sep 23, 2023	1180431	0	0	0
Sep 24, 2023	1183311	0	0	0
Sep 25, 2023	1179690	0	0	0
Sep 26, 2023	1179657	0	0	0
Sep 27, 2023	1169890	0	0	0
Sep 28, 2023	1156143	0	0	0
Sep 29, 2023	1145064	0	0	0
Sep 30, 2023	1128659	0	0	0
Oct 01, 2023	1122558	0	0	0
Oct 02, 2023	1122086	0	0	0
Oct 03, 2023	1119565	0	0	0
Oct 04, 2023	1109200	0	0	0
Oct 05, 2023	1093031	0	0	0
Oct 06, 2023	1083708	0	0	0
Oct 07, 2023	1077429	0	0	0
Oct 08, 2023	1076454	0	0	0
Oct 09, 2023	1072211	0	0	0
Oct 10, 2023	1064473	0	0	0
Oct 11, 2023	1053925	0	0	0
Oct 12, 2023	1035789	0	0	0
Oct 13, 2023	1032004	0	0	0
Oct 14, 2023	1033314	0	0	0
Oct 15, 2023	1032947	0	0	0
Oct 16, 2023	1031771	0	0	0
Oct 17, 2023	1025775	0	0	0
Oct 18, 2023	1018596	0	0	0
Oct 19, 2023	1008363	0	0	0
Oct 20, 2023	1001271	0	0	0
Oct 21, 2023	997881	0	0	0
Oct 22, 2023	1000703	0	0	0
Oct 23, 2023	1001286	0	0	0
Oct 24, 2023	1002923	0	0	0
Oct 25, 2023	997196	0	0	0
Oct 26, 2023	982509	0	0	0
Oct 27, 2023	971366	0	0	0
Oct 28, 2023	971980	0	0	0
Oct 29, 2023	976123	0	0	0
Oct 30, 2023	981701	0	0	0
Oct 31, 2023	989406	0	0	0
Nov 01, 2023	973658	0	0	0
Nov 02, 2023	958201	0	0	0
Nov 03, 2023	950178	0	0	0
Nov 04, 2023	955634	0	0	0
Nov 05, 2023	961425	0	0	0
Nov 06, 2023	963544	0	0	0
Nov 07, 2023	969116	0	0	0
Nov 08, 2023	963934	0	0	0
Nov 09, 2023	961356	0	0	0
Nov 10, 2023	958495	0	0	0
Nov 11, 2023	965502	0	0	0
Nov 12, 2023	973022	0	0	0
Nov 13, 2023	979897	0	0	0
Nov 14, 2023	987485	0	0	0
Nov 15, 2023	973344	0	0	0
Nov 16, 2023	973815	0	0	0
Nov 17, 2023	986328	0	0	0
Nov 18, 2023	988840	0	0	0
Nov 19, 2023	984892	0	0	0
Nov 20, 2023	982949	0	0	0
Nov 21, 2023	973535	0	0	0
Nov 22, 2023	968150	0	0	0
Nov 23, 2023	968044	0	0	0
Nov 24, 2023	971339	0	0	0
Nov 25, 2023	979881	0	0	0
Nov 26, 2023	987130	0	0	0
Nov 27, 2023	986433	0	0	0
Nov 28, 2023	999087	0	0	0
Nov 29, 2023	987218	0	0	0
Nov 30, 2023	988397	0	0	0
Dec 01, 2023	995356	0	0	0
Dec 02, 2023	1007363	0	0	0
Dec 03, 2023	1017196	0	0	0
Dec 04, 2023	1017329	0	0	0
Dec 05, 2023	1027074	0	0	0
Dec 06, 2023	1029142	0	0	0
Dec 07, 2023	1026766	0	0	0
Dec 08, 2023	1033751	0	0	0
Dec 09, 2023	1048179	0	0	0
Dec 10, 2023	1061794	0	0	0
Dec 11, 2023	1072597	0	0	0
Dec 12, 2023	1084119	0	0	0
Dec 13, 2023	1072827	0	0	0
Dec 14, 2023	1075095	0	0	0
Dec 15, 2023	1085229	0	0	0
Dec 16, 2023	1101236	0	0	0
Dec 17, 2023	1117144	0	0	0
Dec 18, 2023	1132987	0	0	0
Dec 19, 2023	1148711	0	0	0
Dec 20, 2023	1143883	0	0	0
Dec 21, 2023	1148659	0	0	0
Dec 22, 2023	1163749	0	0	0
Dec 23, 2023	1186134	0	0	0
Dec 24, 2023	1196138	0	0	0
Dec 25, 2023	1210630	0	0	0
Dec 26, 2023	1217143	0	0	0
Dec 27, 2023	1232300	0	0	0
Dec 28, 2023	1216958	0	0	0
Dec 29, 2023	1236622	0	0	0
Dec 30, 2023	1253145	0	0	0
Dec 31, 2023	1273200	0	0	0
Jan 01, 2024	1282671	0	0	0
Jan 02, 2024	1297731	0	0	0
Jan 03, 2024	1284091	0	0	0
Jan 04, 2024	1282063	0	0	0
Jan 05, 2024	1283432	0	0	0
Jan 06, 2024	1296489	0	0	0
Jan 07, 2024	1313968	0	0	0
Jan 08, 2024	1331330	0	0	0
Jan 09, 2024	1351899	0	0	0
Jan 10, 2024	1334003	0	0	0
Jan 11, 2024	1328141	0	0	0
Jan 12, 2024	1345780	0	0	0
Jan 13, 2024	1336365	0	0	0
Jan 14, 2024	1352874	0	0	0
Jan 15, 2024	1369122	0	0	0
Jan 16, 2024	1378131	0	0	0
Jan 17, 2024	1364215	0	0	0
Jan 18, 2024	1351777	0	0	0
Jan 19, 2024	1356853	0	0	0
Jan 20, 2024	1372059	0	0	0
Jan 21, 2024	1376997	0	0	0
Jan 22, 2024	1385331	0	0	0
Jan 23, 2024	1388724	0	0	0
Jan 24, 2024	1359979	0	0	0
Jan 25, 2024	1351106	0	0	0
Jan 26, 2024	1357396	0	0	0
Jan 27, 2024	1372337	0	0	0
Jan 28, 2024	1372053	0	0	0
Jan 29, 2024	1380390	0	0	0
Jan 30, 2024	1383451	0	0	0
Jan 31, 2024	1373379	0	0	0
Feb 01, 2024	1362221	0	0	0
Feb 02, 2024	1377366	0	0	0
Feb 03, 2024	1367052	0	0	0
Feb 04, 2024	1379997	0	0	0
Feb 05, 2024	1388864	0	0	0
Feb 06, 2024	1397074	0	0	0
Feb 07, 2024	1349643	0	0	0
Feb 08, 2024	1359613	0	0	0
Feb 09, 2024	1371269	0	0	0
Feb 10, 2024	1382558	0	0	0
Feb 11, 2024	1370590	0	0	0
Feb 12, 2024	1331785	0	0	0
Feb 13, 2024	1295376	0	0	0
Feb 14, 2024	1276501	0	0	0
Feb 15, 2024	1245195	0	0	0
Feb 16, 2024	1192432	0	0	0
Feb 17, 2024	1191843	0	0	0
Feb 18, 2024	1186464	0	0	0
Feb 19, 2024	1179390	0	0	0
Feb 20, 2024	1183735	0	0	0
Feb 21, 2024	1172206	0	0	0
Feb 22, 2024	1167790	0	0	0
Feb 23, 2024	1170933	0	0	0
Feb 24, 2024	1174786	0	0	0
Feb 25, 2024	1181018	0	0	0
Feb 26, 2024	1179107	0	0	0
Feb 27, 2024	1153725	0	0	0
Feb 28, 2024	1111808	0	0	0
Feb 29, 2024	1102044	0	0	0
Mar 01, 2024	1091689	0	0	0
Mar 02, 2024	1087970	0	0	0
Mar 03, 2024	1086231	0	0	0
Mar 04, 2024	1079693	0	0	0
Mar 05, 2024	1077684	0	0	0
Mar 06, 2024	1046585	0	0	0
Mar 07, 2024	1041030	0	0	0
Mar 08, 2024	1027382	0	0	0
Mar 09, 2024	1033358	0	0	0
Mar 10, 2024	1036670	0	0	0
Mar 11, 2024	1035225	0	0	0
Mar 12, 2024	1028903	0	0	0
Mar 13, 2024	998201	0	0	0
Mar 14, 2024	986662	0	0	0
Mar 15, 2024	967479	0	0	0
Mar 16, 2024	971373	0	0	0
Mar 17, 2024	973381	0	0	0
Mar 18, 2024	950993	0	0	0
Mar 19, 2024	951106	0	0	0
Mar 20, 2024	917349	0	0	0
Mar 21, 2024	908989	0	0	0
Mar 22, 2024	882218	0	0	0
Mar 23, 2024	881785	0	0	0
