Feb 15, 2020	0	null	null	null
Feb 16, 2020	0	0	0	0
Feb 17, 2020	0	0	1	0
Feb 18, 2020	0	0	2	0
Feb 19, 2020	0	0	0	0
Feb 20, 2020	0	0	0	0
Feb 21, 2020	0	0	0	0
Feb 22, 2020	0	0	3	0
Feb 23, 2020	0	0	0	0
Feb 24, 2020	0	0	1	0
Feb 25, 2020	0	0	0	2
Feb 26, 2020	0	0	0	4
Feb 27, 2020	0	0	0	19
Feb 28, 2020	0	0	0	18
Feb 29, 2020	0	0	1	39
Mar 01, 2020	0	0	0	27
Mar 02, 2020	0	0	0	56
Mar 03, 2020	0	0	0	20
Mar 04, 2020	0	0	0	67
Mar 05, 2020	0	0	0	126
Mar 06, 2020	0	0	0	209
Mar 07, 2020	0	5	0	269
Mar 08, 2020	0	3	0	236
Mar 09, 2020	0	11	0	185
Mar 10, 2020	0	3	0	338
Mar 11, 2020	0	15	0	452
Mar 12, 2020	0	13	0	540
Mar 13, 2020	0	18	0	714
Mar 14, 2020	0	12	0	761
Mar 15, 2020	0	36	0	840
Mar 16, 2020	0	21	0	1100
Mar 17, 2020	0	27	590	997
Mar 18, 2020	2	89	0	1277
Mar 19, 2020	2	108	693	1691
Mar 20, 2020	2	78	292	1469
Mar 21, 2020	2	112	0	1678
Mar 22, 2020	3	112	613	1417
Mar 23, 2020	3	186	0	3488
Mar 24, 2020	3	240	1081	2224
Mar 25, 2020	12	231	619	2662
Mar 26, 2020	16	365	1048	3564
Mar 27, 2020	22	299	752	3462
Mar 28, 2020	28	319	0	4191
Mar 29, 2020	29	292	1502	2362
Mar 30, 2020	35	418	725	3977
Mar 31, 2020	36	498	1517	6887
Apr 01, 2020	36	508	1491	4418
Apr 02, 2020	38	1354	1493	1923
Apr 03, 2020	36	1119	1580	4755
Apr 04, 2020	36	1052	1430	3877
Apr 05, 2020	35	517	745	1703
Apr 06, 2020	33	832	1067	3555
Apr 07, 2020	31	1416	2087	3432
Apr 08, 2020	31	540	1917	3526
Apr 09, 2020	14	1339	1952	3895
Apr 10, 2020	13	986	1726	3946
Apr 11, 2020	10	634	1459	2829
Apr 12, 2020	11	561	795	1466
Apr 13, 2020	13	574	532	2428
Apr 14, 2020	13	761	1087	4996
Apr 15, 2020	16	1437	2150	2393
Apr 16, 2020	16	752	1857	2400
Apr 17, 2020	20	760	1608	368
Apr 18, 2020	22	641	1563	2335
Apr 19, 2020	25	395	595	714
Apr 20, 2020	27	546	831	1864
Apr 21, 2020	32	530	1772	2423
Apr 22, 2020	36	543	1476	1661
Apr 23, 2020	36	515	1431	1502
Apr 24, 2020	44	389	1405	1611
Apr 25, 2020	44	369	1101	1397
Apr 26, 2020	43	242	309	419
Apr 27, 2020	44	436	610	3420
Apr 28, 2020	50	367	1373	1381
Apr 29, 2020	40	426	1342	1675
Apr 30, 2020	48	289	1248	1061
May 01, 2020	32	218	736	563
May 02, 2020	41	166	350	740
May 03, 2020	43	135	222	287
May 04, 2020	56	306	587	537
May 05, 2020	43	330	1365	1029
May 06, 2020	41	278	1236	3898
May 07, 2020	46	178	1055	586
May 08, 2020	52	243	815	598
May 09, 2020	133	80	4206	403
May 10, 2020	143	70	4272	195
May 11, 2020	143	263	2851	425
May 12, 2020	317	348	1265	659
May 13, 2020	315	83	2590	473
May 14, 2020	523	351	5146	580
May 15, 2020	523	104	2529	524
May 16, 2020	489	96	2468	347
May 17, 2020	558	146	77	112
May 18, 2020	562	131	2361	459
May 19, 2020	573	119	1002	489
May 20, 2020	628	110	1941	389
May 21, 2020	557	83	2584	296
May 22, 2020	577	74	1753	366
May 23, 2020	577	43	1610	233
May 24, 2020	577	35	1738	107
May 25, 2020	577	65	1267	334
May 26, 2020	577	98	3800	257
May 27, 2020	271	66	520	178
May 28, 2020	271	66	532	3098
May 29, 2020	271	52	351	556
May 30, 2020	271	57	138	1703
May 31, 2020	271	31	394	239
Jun 01, 2020	170	31	628	315
Jun 02, 2020	170	107	366	283
Jun 03, 2020	170	81	499	330
Jun 04, 2020	170	44	480	720
Jun 05, 2020	170	46	301	573
Jun 06, 2020	170	31	81	543
Jun 07, 2020	170	13	446	322
Jun 08, 2020	278	54	435	198
Jun 09, 2020	278	87	302	378
Jun 10, 2020	278	23	273	511
Jun 11, 2020	278	27	339	399
Jun 12, 2020	207	28	205	681
Jun 13, 2020	243	24	83	494
Jun 14, 2020	225	9	325	382
Jun 15, 2020	229	29	228	143
Jun 16, 2020	252	111	67	323
Jun 17, 2020	259	28	3070	430
Jun 18, 2020	261	28	528	438
Jun 19, 2020	225	14	1689	761
Jun 20, 2020	225	16	223	602
Jun 21, 2020	225	7	308	267
Jun 22, 2020	225	23	260	350
Jun 23, 2020	246	57	273	485
Jun 24, 2020	248	11	709	76
Jun 25, 2020	256	21	552	0
Jun 26, 2020	277	26	517	1490
Jun 27, 2020	277	8	314	490
Jun 28, 2020	224	9	189	490
Jun 29, 2020	235	18	360	263
Jun 30, 2020	241	30	481	508
Jul 01, 2020	254	18	381	861
Jul 02, 2020	254	14	667	618
Jul 03, 2020	254	18	476	546
Jul 04, 2020	254	7	375	526
Jul 05, 2020	254	7	136	600
Jul 06, 2020	254	13	310	165
Jul 07, 2020	505	13	417	446
Jul 08, 2020	480	32	406	622
Jul 09, 2020	549	14	747	583
Jul 10, 2020	574	25	577	617
Jul 11, 2020	658	4	263	628
Jul 12, 2020	688	3	347	627
Jul 13, 2020	766	18	467	270
Jul 14, 2020	845	71	5	480
Jul 15, 2020	975	20	-20	390
Jul 16, 2020	1094	18	1472	501
Jul 17, 2020	1251	14	476	785
Jul 18, 2020	1398	9	481	812
Jul 19, 2020	1531	8	255	812
Jul 20, 2020	1578	8	500	328
Jul 21, 2020	1638	13	848	548
Jul 22, 2020	1778	7	611	937
Jul 23, 2020	1978	10	536	997
Jul 24, 2020	2043	10	516	1060
Jul 25, 2020	2236	4	596	956
Jul 26, 2020	1992	4	161	955
Jul 27, 2020	1597	9	437	482
Jul 28, 2020	1665	14	608	680
Jul 29, 2020	1818	15	568	1306
Jul 30, 2020	2117	16	601	1292
Jul 31, 2020	2009	11	617	1263
Aug 01, 2020	1933	3	624	0
Aug 02, 2020	1684	4	266	2646
Aug 03, 2020	1708	22	458	522
Aug 04, 2020	1511	2	388	975
Aug 05, 2020	1179	9	492	1591
Aug 06, 2020	1179	7	778	1505
Aug 07, 2020	1022	12	800	2147
Aug 08, 2020	1269	1	811	1910
Aug 09, 2020	1152	1	327	1909
Aug 10, 2020	1167	14	534	737
Aug 11, 2020	1030	14	923	1311
Aug 12, 2020	1022	17	980	2369
Aug 13, 2020	1016	17	1043	2505
Aug 14, 2020	1179	17	939	2671
Aug 15, 2020	861	4	951	3106
Aug 16, 2020	671	1	481	2829
Aug 17, 2020	1000	24	656	463
Aug 18, 2020	941	17	1289	2100
Aug 19, 2020	823	17	1275	3544
Aug 20, 2020	972	12	1251	4477
Aug 21, 2020	1224	23	-23	4304
Aug 22, 2020	610	9	2637	3380
Aug 23, 2020	860	1	521	4596
Aug 24, 2020	660	15	960	1835
Aug 25, 2020	603	16	1575	3101
Aug 26, 2020	401	0	1505	5095
Aug 27, 2020	479	32	2115	5735
Aug 28, 2020	551	20	1890	6925
Aug 29, 2020	526	6	1903	5117
Aug 30, 2020	284	4	733	5080
Aug 31, 2020	340	29	1282	2892
Sep 01, 2020	612	26	2343	4675
Sep 02, 2020	629	25	2480	6585
Sep 03, 2020	669	0	2671	6716
Sep 04, 2020	775	0	3106	8423
Sep 05, 2020	749	12	2817	8024
Sep 06, 2020	807	3	460	6636
Sep 07, 2020	793	25	2075	3944
Sep 08, 2020	868	38	3506	6141
Sep 09, 2020	973	30	4447	8049
Sep 10, 2020	1015	19	4285	9237
Sep 11, 2020	1118	80	3300	8827
Sep 12, 2020	1147	17	4579	9911
Sep 13, 2020	967	6	1829	6741
Sep 14, 2020	1020	34	3067	5779
Sep 15, 2020	905	49	5046	7369
Sep 16, 2020	692	46	5689	9182
Sep 17, 2020	573	50	6875	9941
Sep 18, 2020	486	153	4964	12402
Sep 19, 2020	375	26	5054	12667
Sep 20, 2020	436	11	2881	9918
Sep 21, 2020	215	53	4622	4972
Sep 22, 2020	429	78	6507	9392
Sep 23, 2020	482	43	6673	12267
Sep 24, 2020	516	52	8371	15105
Sep 25, 2020	540	150	7874	14825
Sep 26, 2020	553	39	6597	13525
Sep 27, 2020	525	27	3917	10438
Sep 28, 2020	507	81	6060	3819
Sep 29, 2020	446	85	7964	7555
Sep 30, 2020	468	63	9174	12054
Oct 01, 2020	508	63	8764	13110
Oct 02, 2020	517	130	9781	11400
Oct 03, 2020	547	49	6692	15927
Oct 04, 2020	532	32	5747	11792
Oct 05, 2020	449	69	7300	4771
Oct 06, 2020	522	66	9116	9843
Oct 07, 2020	547	80	9861	17592
Oct 08, 2020	601	76	12326	17013
Oct 09, 2020	564	109	12558	19087
Oct 10, 2020	537	54	9864	25240
Oct 11, 2020	522	46	4926	15110
Oct 12, 2020	522	95	9297	7981
Oct 13, 2020	459	108	12159	12193
Oct 14, 2020	421	104	15001	21200
Oct 15, 2020	414	88	14737	28736
Oct 16, 2020	447	178	13347	23542
Oct 17, 2020	516	89	10349	30431
Oct 18, 2020	502	85	3734	28000
Oct 19, 2020	520	146	7409	12428
Oct 20, 2020	598	262	11792	19208
Oct 21, 2020	486	163	12947	25034
Oct 22, 2020	521	162	11238	39060
Oct 23, 2020	570	298	15629	39445
Oct 24, 2020	590	137	11655	42626
Oct 25, 2020	444	116	4655	48808
Oct 26, 2020	407	257	9586	25123
Oct 27, 2020	414	523	17069	31360
Oct 28, 2020	378	244	16769	34194
Oct 29, 2020	392	235	18852	44705
Oct 30, 2020	466	545	24695	46185
Oct 31, 2020	403	223	14887	33447
Nov 01, 2020	398	231	7750	45258
Nov 02, 2020	461	467	11726	51104
Nov 03, 2020	549	906	20294	35912
Nov 04, 2020	530	437	28299	39880
Nov 05, 2020	594	415	23127	56292
Nov 06, 2020	608	880	29551	58581
Nov 07, 2020	686	356	27644	83324
Nov 08, 2020	655	322	12106	38059
Nov 09, 2020	611	548	18660	20732
Nov 10, 2020	628	857	24177	22632
Nov 11, 2020	616	328	38732	35488
Nov 12, 2020	604	425	39020	32948
Nov 13, 2020	609	932	41694	24147
Nov 14, 2020	610	552	48256	31937
Nov 15, 2020	633	500	24623	27370
Nov 16, 2020	434	704	30656	10645
Nov 17, 2020	417	625	33569	13630
Nov 18, 2020	429	677	44028	26636
Nov 19, 2020	403	681	45504	19848
Nov 20, 2020	411	634	32813	21473
Nov 21, 2020	379	390	44868	16780
Nov 22, 2020	366	352	50752	12347
Nov 23, 2020	396	638	35274	4178
Nov 24, 2020	402	592	39288	8591
Nov 25, 2020	423	569	55723	15280
Nov 26, 2020	417	527	58054	12728
Nov 27, 2020	367	581	82743	11692
Nov 28, 2020	307	316	37743	11806
Nov 29, 2020	268	301	20431	9182
Nov 30, 2020	292	509	22123	3758
Dec 01, 2020	249	466	35022	7585
Dec 02, 2020	257	425	32523	13198
Dec 03, 2020	271	439	23708	11914
Dec 04, 2020	348	397	31540	10530
Dec 05, 2020	366	327	27043	12127
Dec 06, 2020	379	287	10358	10344
Dec 07, 2020	356	480	13150	3201
Dec 08, 2020	331	491	26145	12869
Dec 09, 2020	403	403	19445	13697
Dec 10, 2020	420	400	21073	12904
Dec 11, 2020	467	412	16368	12581
Dec 12, 2020	512	314	12033	13088
Dec 13, 2020	519	271	3907	10823
Dec 14, 2020	546	492	8099	2874
Dec 15, 2020	573	428	14852	10822
Dec 16, 2020	452	407	12321	16531
Dec 17, 2020	455	376	11316	17130
Dec 18, 2020	473	374	11432	14709
Dec 19, 2020	491	294	8888	16484
Dec 20, 2020	581	236	3522	12011
Dec 21, 2020	575	456	7129	5440
Dec 22, 2020	612	487	12711	11069
Dec 23, 2020	773	359	11555	14010
Dec 24, 2020	817	373	10157	20302
Dec 25, 2020	1063	242	11885	19015
Dec 26, 2020	1089	230	10114	2903
Dec 27, 2020	1241	257	2944	8279
Dec 28, 2020	1263	447	12422	2778
Dec 29, 2020	1412	468	13229	10694
Dec 30, 2020	1546	377	12527	24828
Dec 31, 2020	1677	325	12256	18700
Jan 01, 2021	1834	207	12881	18157
Jan 02, 2021	1896	231	10592	3253
Jan 03, 2021	2105	191	2683	11720
Jan 04, 2021	2366	453	10369	3774
Jan 05, 2021	2707	420	16111	19228
Jan 06, 2021	3406	387	16743	23817
Jan 07, 2021	3894	381	14328	20367
Jan 08, 2021	4536	381	16103	18594
Jan 09, 2021	5591	264	11747	18935
Jan 10, 2021	6661	248	5192	14963
Jan 11, 2021	7344	407	10662	3362
Jan 12, 2021	8188	452	13558	18536
Jan 13, 2021	9023	347	19955	22384
Jan 14, 2021	9782	401	18614	19921
Jan 15, 2021	9646	399	2504	19962
Jan 16, 2021	10431	264	8015	20088
Jan 17, 2021	10900	213	2565	15618
Jan 18, 2021	10321	475	10219	3506
Jan 19, 2021	10871	441	24387	22155
Jan 20, 2021	10589	420	18280	25135
Jan 21, 2021	10094	456	17701	21442
Jan 22, 2021	10056	429	2824	21858
Jan 23, 2021	9672	295	11425	22451
Jan 24, 2021	8738	237	3537	17301
Jan 25, 2021	6847	510	18718	3979
Jan 26, 2021	6588	417	23400	20726
Jan 27, 2021	6941	505	19862	25259
Jan 28, 2021	6843	499	18095	22307
Jan 29, 2021	6763	510	18425	21451
Jan 30, 2021	7164	322	14641	22890
Jan 31, 2021	5454	275	3087	18051
Feb 01, 2021	4868	536	18000	4079
Feb 02, 2021	5743	485	21899	21900
Feb 03, 2021	6206	476	19445	24739
Feb 04, 2021	6886	476	19486	22005
Feb 05, 2021	7554	413	19675	20776
Feb 06, 2021	7178	263	15355	19319
Feb 07, 2021	6945	243	3263	18501
Feb 08, 2021	6375	530	21625	4051
Feb 09, 2021	5410	508	24627	17708
Feb 10, 2021	5797	404	21038	23824
Feb 11, 2021	5695	468	21390	19766
Feb 12, 2021	5448	429	22022	19427
Feb 13, 2021	4939	257	17044	19924
Feb 14, 2021	5616	226	3753	15527
Feb 15, 2021	6027	471	20255	4107
Feb 16, 2021	6240	410	24849	18384
Feb 17, 2021	6654	391	21916	23478
Feb 18, 2021	6425	352	21099	21116
Feb 19, 2021	6188	409	22481	22631
Feb 20, 2021	5935	213	17838	20994
Feb 21, 2021	5539	163	3916	20689
Feb 22, 2021	5068	363	21537	4360
Feb 23, 2021	5106	341	24398	18829
Feb 24, 2021	5630	370	21635	29579
Feb 25, 2021	5312	354	20422	23839
Feb 26, 2021	3938	379	18940	23655
Feb 27, 2021	3512	214	18287	22519
Feb 28, 2021	2945	125	3926	18724
Mar 01, 2021	2817	404	17304	4413
Mar 02, 2021	2890	330	23494	21450
Mar 03, 2021	2683	389	19377	25139
Mar 04, 2021	3080	360	19067	23723
Mar 05, 2021	3147	305	19619	22060
Mar 06, 2021	3286	187	15340	21871
Mar 07, 2021	3354	147	3960	20482
Mar 08, 2021	2802	377	18007	4999
Mar 09, 2021	2598	316	23162	21868
Mar 10, 2021	2637	295	20821	28438
Mar 11, 2021	2738	296	22335	25494
Mar 12, 2021	2629	254	20740	23676
Mar 13, 2021	2722	192	20497	27927
Mar 14, 2021	1883	137	4223	24721
Mar 15, 2021	1411	357	18472	6073
Mar 16, 2021	1641	338	29241	28130
Mar 17, 2021	1875	300	23539	36131
Mar 18, 2021	2187	327	23328	32844
Mar 19, 2021	2167	362	22157	32911
Mar 20, 2021	1985	244	18480	33169
Mar 21, 2021	2012	170	4243	28699
Mar 22, 2021	2034	402	21048	35259
Mar 23, 2021	2116	347	24792	23350
Mar 24, 2021	2189	305	23418	31334
Mar 25, 2021	2232	285	21775	42831
Mar 26, 2021	2227	363	21508	39292
Mar 27, 2021	2265	201	20281	39995
Mar 28, 2021	2325	142	4857	34736
Mar 29, 2021	2348	371	21497	26843
Mar 30, 2021	2478	348	28090	26580
Mar 31, 2021	2618	325	25169	39327
Apr 01, 2021	2639	314	23362	47541
Apr 02, 2021	2690	304	27623	43804
Apr 03, 2021	2568	213	24508	18571
Apr 04, 2021	2642	185	5888	57172
Apr 05, 2021	2609	197	27933	11576
Apr 06, 2021	2509	414	35717	54241
Apr 07, 2021	2753	431	32413	28890
Apr 08, 2021	2921	374	32537	14892
Apr 09, 2021	2998	301	32868	38704
Apr 10, 2021	1879	179	28520	40620
Apr 11, 2021	785	176	35083	32747
Apr 12, 2021	760	385	22965	8011
Apr 13, 2021	845	351	30983	36705
Apr 14, 2021	919	303	42528	40827
Apr 15, 2021	1019	302	38990	35703
Apr 16, 2021	1103	313	39682	34199
Apr 17, 2021	1055	189	34547	33653
Apr 18, 2021	965	140	26703	27538
Apr 19, 2021	846	489	26091	6847
Apr 20, 2021	906	346	38981	39882
Apr 21, 2021	925	313	47228	32815
Apr 22, 2021	832	283	43521	32205
Apr 23, 2021	750	332	18239	30349
Apr 24, 2021	669	217	56955	30624
Apr 25, 2021	538	152	11424	22959
Apr 26, 2021	452	405	53836	5586
Apr 27, 2021	452	333	28557	28451
Apr 28, 2021	492	322	14570	29598
Apr 29, 2021	431	313	38391	24904
Apr 30, 2021	402	276	40344	22803
May 01, 2021	407	195	32552	24090
May 02, 2021	358	116	7895	9279
May 03, 2021	339	315	36390	3529
May 04, 2021	384	247	40580	22871
May 05, 2021	396	252	35451	24400
May 06, 2021	426	227	33972	20375
May 07, 2021	432	235	33418	17947
May 08, 2021	437	179	27359	19468
May 09, 2021	407	119	6728	8566
May 10, 2021	354	296	39586	3089
May 11, 2021	355	240	32575	18573
May 12, 2021	378	184	32021	20175
May 13, 2021	367	131	30218	18263
May 14, 2021	397	173	30451	6593
May 15, 2021	372	122	22837	14719
May 16, 2021	360	91	5495	13089
May 17, 2021	337	206	28245	3144
May 18, 2021	365	198	29400	16151
May 19, 2021	448	146	24763	17877
May 20, 2021	534	138	22803	15415
May 21, 2021	635	113	23947	12800
May 22, 2021	737	95	9166	12611
May 23, 2021	777	76	3440	9704
May 24, 2021	808	68	22801	2229
May 25, 2021	936	203	24320	3155
May 26, 2021	1115	153	20172	12646
May 27, 2021	1351	151	17803	13933
May 28, 2021	1712	107	19308	11268
May 29, 2021	1881	69	8459	10675
May 30, 2021	2020	46	3021	8541
May 31, 2021	2026	128	18529	1211
Jun 01, 2021	2500	129	20044	9848
Jun 02, 2021	3171	98	18134	8743
Jun 03, 2021	3780	72	6469	8161
Jun 04, 2021	4565	84	14673	6953
Jun 05, 2021	5201	57	13005	6654
Jun 06, 2021	5596	26	3087	5070
Jun 07, 2021	5756	65	16126	1166
Jun 08, 2021	6683	73	17811	6016
Jun 09, 2021	8250	66	15342	5557
Jun 10, 2021	9582	70	12735	4475
Jun 11, 2021	10952	71	12540	3871
Jun 12, 2021	12321	34	9604	3972
Jun 13, 2021	12601	13	2195	2855
Jun 14, 2021	12724	63	3171	689
Jun 15, 2021	14485	80	12583	3235
Jun 16, 2021	16935	50	13853	3058
Jun 17, 2021	18834	62	11224	2044
Jun 18, 2021	19719	56	10607	3181
Jun 19, 2021	18760	22	8485	2624
Jun 20, 2021	19087	14	1189	1815
Jun 21, 2021	18490	40	9834	487
Jun 22, 2021	20071	51	8703	2204
Jun 23, 2021	22123	33	8110	2320
Jun 24, 2021	22867	44	6920	2007
Jun 25, 2021	21889	33	6610	1986
Jun 26, 2021	22099	16	5037	2128
Jun 27, 2021	21964	21	1154	1578
Jun 28, 2021	21129	48	5999	509
Jun 29, 2021	21606	33	5501	2314
Jun 30, 2021	20957	25	4442	2457
Jul 01, 2021	21142	29	3846	2664
Jul 02, 2021	20453	24	3943	2683
Jul 03, 2021	19210	17	2831	3006
Jul 04, 2021	18711	9	672	2549
Jul 05, 2021	17113	36	3226	796
Jul 06, 2021	16822	34	3022	3585
Jul 07, 2021	16964	28	2010	4081
Jul 08, 2021	15681	25	3153	4442
Jul 09, 2021	14893	18	2599	4580
Jul 10, 2021	14525	19	1797	4696
Jul 11, 2021	12557	4	468	4256
Jul 12, 2021	11636	28	2200	1260
Jul 13, 2021	12163	54	2292	6950
Jul 14, 2021	12676	6	1953	8875
Jul 15, 2021	12750	16	1980	3617
Jul 16, 2021	12270	22	2112	10908
Jul 17, 2021	12300	16	1556	10949
Jul 18, 2021	10866	5	493	12532
Jul 19, 2021	9846	20	2309	4151
Jul 20, 2021	9736	33	2437	18181
Jul 21, 2021	9982	29	2631	21539
Jul 22, 2021	9116	11	2654	21909
Jul 23, 2021	8223	26	2995	19561
Jul 24, 2021	7742	25	2523	25624
Jul 25, 2021	7161	7	771	15242
Jul 26, 2021	6356	50	3579	5307
Jul 27, 2021	6106	31	4036	26871
Jul 28, 2021	6137	44	4414	27934
Jul 29, 2021	5575	32	4540	25190
Jul 30, 2021	5509	66	4667	24309
Jul 31, 2021	5191	47	4196	23471
Aug 01, 2021	4781	20	1217	19600
Aug 02, 2021	4128	56	6932	5184
Aug 03, 2021	4360	63	8824	26829
Aug 04, 2021	4703	59	3560	28784
Aug 05, 2021	4729	57	10855	26460
Aug 06, 2021	4512	66	10897	25077
Aug 07, 2021	4352	35	12472	25755
Aug 08, 2021	4086	33	4119	20450
Aug 09, 2021	3659	75	18151	5775
Aug 10, 2021	3995	75	21471	28576
Aug 11, 2021	4286	60	21841	30920
Aug 12, 2021	4254	85	19507	28554
Aug 13, 2021	3679	82	25547	26453
Aug 14, 2021	3187	56	15168	24427
Aug 15, 2021	2855	49	5256	21172
Aug 16, 2021	2539	107	26827	5829
Aug 17, 2021	2513	123	27837	28114
Aug 18, 2021	2677	124	25079	28405
Aug 19, 2021	2511	140	24197	23973
Aug 20, 2021	2400	92	23344	22319
Aug 21, 2021	2393	89	19517	22636
Aug 22, 2021	2416	49	5103	17300
Aug 23, 2021	2292	119	26785	5166
Aug 24, 2021	2437	169	28676	24853
Aug 25, 2021	2407	102	26307	23706
Aug 26, 2021	2294	110	24984	19683
Aug 27, 2021	2258	109	25432	18249
Aug 28, 2021	1986	85	20355	17590
Aug 29, 2021	1793	61	5701	13630
Aug 30, 2021	1594	112	28523	3795
Aug 31, 2021	1601	136	30822	19425
Sep 01, 2021	1690	86	28418	17621
Sep 02, 2021	1590	103	26320	15911
Sep 03, 2021	1630	93	24324	13466
Sep 04, 2021	1433	83	21079	13336
Sep 05, 2021	1295	49	5746	10410
Sep 06, 2021	1158	102	28065	3042
Sep 07, 2021	1174	152	28303	14534
Sep 08, 2021	1234	100	23821	12828
Sep 09, 2021	1137	103	22219	10969
Sep 10, 2021	1084	80	22533	9966
Sep 11, 2021	1056	46	17220	9601
Sep 12, 2021	965	29	5120	7679
Sep 13, 2021	861	86	24824	2062
Sep 14, 2021	869	147	23620	10327
Sep 15, 2021	941	79	19536	9144
Sep 16, 2021	923	65	18170	8128
Sep 17, 2021	863	66	17525	7373
Sep 18, 2021	786	42	13564	7414
Sep 19, 2021	670	28	3753	5814
Sep 20, 2021	600	68	19397	1515
Sep 21, 2021	637	153	17553	7851
Sep 22, 2021	687	58	15758	6794
Sep 23, 2021	632	62	13408	6229
Sep 24, 2021	583	49	13274	5879
Sep 25, 2021	514	29	10361	6012
Sep 26, 2021	466	14	3013	4706
Sep 27, 2021	408	92	14520	1309
Sep 28, 2021	418	60	12736	6765
Sep 29, 2021	478	42	10909	5835
Sep 30, 2021	415	56	9924	5204
Oct 01, 2021	308	46	9545	4935
Oct 02, 2021	321	30	7633	4948
Oct 03, 2021	327	9	2032	3744
Oct 04, 2021	312	50	10318	1138
Oct 05, 2021	316	75	9094	5558
Oct 06, 2021	356	34	8053	4946
Oct 07, 2021	299	34	7339	4615
Oct 08, 2021	295	38	7380	4470
Oct 09, 2021	266	15	5776	4734
Oct 10, 2021	215	8	1500	3991
Oct 11, 2021	191	30	7843	1120
Oct 12, 2021	221	68	6764	5880
Oct 13, 2021	222	23	6161	5578
Oct 14, 2021	208	38	5856	5187
Oct 15, 2021	222	34	5974	6099
Oct 16, 2021	216	15	4672	4899
Oct 17, 2021	196	5	1294	3778
Oct 18, 2021	192	41	6760	1057
Oct 19, 2021	192	49	5794	5934
Oct 20, 2021	204	21	5155	6036
Oct 21, 2021	185	35	4914	6127
Oct 22, 2021	184	29	4913	6366
Oct 23, 2021	177	23	3715	6291
Oct 24, 2021	146	4	1115	5005
Oct 25, 2021	128	41	5554	1295
Oct 26, 2021	115	47	4905	6603
Oct 27, 2021	111	34	4568	6528
Oct 28, 2021	108	33	4436	6461
Oct 29, 2021	111	27	4701	6433
Oct 30, 2021	115	22	3964	7360
Oct 31, 2021	113	12	1098	6329
Nov 01, 2021	100	6	5868	1866
Nov 02, 2021	115	74	5572	2039
Nov 03, 2021	133	39	5113	10050
Nov 04, 2021	159	47	6060	9502
Nov 05, 2021	182	26	4852	8998
Nov 06, 2021	172	25	3752	9605
Nov 07, 2021	170	10	1032	8547
Nov 08, 2021	158	55	5924	2197
Nov 09, 2021	163	58	5981	12476
Nov 10, 2021	176	33	6069	11883
Nov 11, 2021	170	17	6333	12603
Nov 12, 2021	157	48	6274	3860
Nov 13, 2021	141	16	4957	14646
Nov 14, 2021	119	17	1279	12496
Nov 15, 2021	121	70	6586	3241
Nov 16, 2021	99	47	6458	19778
Nov 17, 2021	104	50	6414	20294
Nov 18, 2021	107	52	6383	20366
Nov 19, 2021	90	50	7308	21220
Nov 20, 2021	99	23	6279	22678
Nov 21, 2021	100	15	1843	19749
Nov 22, 2021	90	94	2024	5266
Nov 23, 2021	101	98	9956	30454
Nov 24, 2021	100	81	9404	32591
Nov 25, 2021	101	43	8917	33464
Nov 26, 2021	93	60	9562	34436
Nov 27, 2021	100	34	8487	37218
Nov 28, 2021	90	23	2163	31648
Nov 29, 2021	91	122	12453	8279
Nov 30, 2021	96	115	11761	47177
Dec 01, 2021	115	96	12488	49610
Dec 02, 2021	128	103	3764	48416
Dec 03, 2021	152	127	14543	49858
Dec 04, 2021	173	49	12369	51624
Dec 05, 2021	179	29	3192	42252
Dec 06, 2021	178	192	19749	11308
Dec 07, 2021	217	172	20102	59019
Dec 08, 2021	267	133	20194	61340
Dec 09, 2021	374	136	21087	56854
Dec 10, 2021	510	150	-136	55339
Dec 11, 2021	684	65	42277	53720
Dec 12, 2021	737	48	5201	43848
Dec 13, 2021	875	243	30406	12036
Dec 14, 2021	1318	158	32348	63405
Dec 15, 2021	1864	151	33306	65713
Dec 16, 2021	2666	188	34285	60866
Dec 17, 2021	3882	162	37030	58128
Dec 18, 2021	4771	85	31486	58536
Dec 19, 2021	5606	75	8194	48473
Dec 20, 2021	6009	224	47102	15075
Dec 21, 2021	7777	229	49386	72832
Dec 22, 2021	10486	170	48187	84272
Dec 23, 2021	13317	179	49688	91608
Dec 24, 2021	16309	167	51445	94124
Dec 25, 2021	17858	84	42085	104611
Dec 26, 2021	17945	96	11224	27697
Dec 27, 2021	18055	256	58923	30383
Dec 28, 2021	21087	290	61084	179807
Dec 29, 2021	25703	184	56564	208099
Dec 30, 2021	28797	180	55155	206243
Dec 31, 2021	30746	189	53540	232200
Jan 01, 2022	30449	110	43659	219126
Jan 02, 2022	29653	91	11926	58432
Jan 03, 2022	28462	270	63314	67461
Jan 04, 2022	31223	351	65443	271686
Jan 05, 2022	34304	246	60515	332252
Jan 06, 2022	33427	204	57882	261481
Jan 07, 2022	32739	193	58332	328214
Jan 08, 2022	30818	142	48280	303669
Jan 09, 2022	27461	90	14933	296097
Jan 10, 2022	25252	280	72742	93896
Jan 11, 2022	26313	341	83992	368149
Jan 12, 2022	26952	246	91267	361719
Jan 13, 2022	23990	225	93878	305322
Jan 14, 2022	22169	191	104386	329371
Jan 15, 2022	18859	148	27506	324580
Jan 16, 2022	16297	98	30235	278129
Jan 17, 2022	13629	296	179709	102144
Jan 18, 2022	12944	375	207803	464769
Jan 19, 2022	12795	231	205868	436167
Jan 20, 2022	10959	245	231969	425183
Jan 21, 2022	9056	233	218881	400851
Jan 22, 2022	8146	167	58199	389320
Jan 23, 2022	6491	115	67294	301614
Jan 24, 2022	5439	393	271571	108481
Jan 25, 2022	5366	467	331859	501635
Jan 26, 2022	5666	258	261014	428008
Jan 27, 2022	5293	268	327956	392168
Jan 28, 2022	4506	263	303401	353503
Jan 29, 2022	4058	178	295834	332398
Jan 30, 2022	3745	127	93718	249448
Jan 31, 2022	3158	348	368022	82657
Feb 01, 2022	3291	381	361371	416896
Feb 02, 2022	3491	276	304941	315363
Feb 03, 2022	3228	264	329095	274352
Feb 04, 2022	3123	355	324316	241049
Feb 05, 2022	2909	170	277774	214542
Feb 06, 2022	2603	129	101974	155439
Feb 07, 2022	2486	417	464640	46001
Feb 08, 2022	2583	691	435750	235267
Feb 09, 2022	2873	283	412530	179614
Feb 10, 2022	2912	310	412530	153025
Feb 11, 2022	2978	329	389010	131376
Feb 12, 2022	3036	161	301285	118611
Feb 13, 2022	2637	107	108320	86562
Feb 14, 2022	2498	385	501528	26475
Feb 15, 2022	2599	390	427623	142253
Feb 16, 2022	2772	276	391778	98735
Feb 17, 2022	2759	287	353227	92345
Feb 18, 2022	2622	304	332111	82553
Feb 19, 2022	2375	148	249144	76638
Feb 20, 2022	2057	114	82509	59003
Feb 21, 2022	1894	283	416896	17195
Feb 22, 2022	2040	285	319295	97382
Feb 23, 2022	2268	213	269738	66833
Feb 24, 2022	2194	281	240836	66732
Feb 25, 2022	2180	188	214261	58138
Feb 26, 2022	2088	101	155251	53623
Feb 27, 2022	1909	76	45900	42600
Feb 28, 2022	1696	232	235191	13483
Mar 01, 2022	1753	209	179382	79794
Mar 02, 2022	1916	186	152816	57697
Mar 03, 2022	1770	180	131190	60225
Mar 04, 2022	1687	181	118431	57789
Mar 05, 2022	1586	120	86381	53678
Mar 06, 2022	1363	32	26355	45328
Mar 07, 2022	1275	176	142221	14496
Mar 08, 2022	1416	167	98559	93050
Mar 09, 2022	1855	155	92178	69190
Mar 10, 2022	1833	107	82398	74818
Mar 11, 2022	1690	149	76531	72399
Mar 12, 2022	1666	51	58854	72443
Mar 13, 2022	1477	29	17144	60422
Mar 14, 2022	1477	185	97353	18853
Mar 15, 2022	1655	146	66648	116618
Mar 16, 2022	1473	173	66586	108832
Mar 17, 2022	955	116	57965	101747
Mar 18, 2022	955	112	53507	97579
Mar 19, 2022	955	62	42488	98104
Mar 20, 2022	955	30	13421	81283
Mar 21, 2022	741	152	79764	24179
Mar 22, 2022	833	133	57545	180777
Mar 23, 2022	878	101	60092	145560
Mar 24, 2022	866	124	57688	148635
Mar 25, 2022	856	121	53554	143571
Mar 26, 2022	804	67	45207	139517
Mar 27, 2022	716	41	14429	110174
Mar 28, 2022	716	149	93009	29455
Mar 29, 2022	716	164	69041	217480
Mar 30, 2022	782	149	74654	169024
Mar 31, 2022	748	139	72250	169311
Apr 01, 2022	726	134	72304	148629
Apr 02, 2022	701	68	60288	132114
Apr 03, 2022	636	31	18785	102266
Apr 04, 2022	577	149	116587	27648
Apr 05, 2022	639	129	108683	203021
Apr 06, 2022	753	128	101618	161950
Apr 07, 2022	795	105	97451	158792
Apr 08, 2022	795	139	97999	148768
Apr 09, 2022	812	87	81144	141690
Apr 10, 2022	781	45	24092	107654
Apr 11, 2022	764	178	180732	25492
Apr 12, 2022	764	159	145382	190762
Apr 13, 2022	950	152	148476	146426
Apr 14, 2022	983	133	143419	137342
Apr 15, 2022	1019	151	139384	125394
Apr 16, 2022	941	61	110023	111583
Apr 17, 2022	850	35	29394	86650
Apr 18, 2022	850	48	217445	19810
Apr 19, 2022	831	182	168976	25465
Apr 20, 2022	1021	227	169129	155711
Apr 21, 2022	935	185	148402	104007
Apr 22, 2022	935	146	131929	88389
Apr 23, 2022	935	75	102120	80571
Apr 24, 2022	935	40	27573	58954
Apr 25, 2022	816	197	202981	13984
Apr 26, 2022	878	170	161753	97498
Apr 27, 2022	878	152	158622	67711
Apr 28, 2022	928	132	148616	59760
Apr 29, 2022	928	158	141558	52919
Apr 30, 2022	682	61	107496	49482
May 01, 2022	580	32	25431	36726
May 02, 2022	513	180	190730	8737
May 03, 2022	513	120	146246	67017
May 04, 2022	513	114	137222	47925
May 05, 2022	513	122	125280	44225
May 06, 2022	557	110	111461	40224
May 07, 2022	541	62	86540	37958
May 08, 2022	541	54	19748	29324
May 09, 2022	442	132	25411	7354
May 10, 2022	474	123	155579	56449
May 11, 2022	528	96	103884	40299
May 12, 2022	610	84	88293	36047
May 13, 2022	582	98	80487	32773
May 14, 2022	611	74	58856	30459
May 15, 2022	568	21	13984	22844
May 16, 2022	558	126	97403	5936
May 17, 2022	558	90	67585	43727
May 18, 2022	558	80	59670	29995
May 19, 2022	698	67	52839	27842
May 20, 2022	698	65	49415	24332
May 21, 2022	671	44	36661	22507
May 22, 2022	643	11	8737	16965
May 23, 2022	582	82	66962	4386
May 24, 2022	625	88	47843	32029
May 25, 2022	646	51	44137	22006
May 26, 2022	627	28	40173	21234
May 27, 2022	646	45	37930	4811
May 28, 2022	646	23	29279	23582
May 29, 2022	646	14	7354	16440
May 30, 2022	542	85	56412	4673
May 31, 2022	597	76	40214	35142
Jun 01, 2022	711	58	35971	26144
Jun 02, 2022	711	41	32715	25365
Jun 03, 2022	839	38	30418	25130
Jun 04, 2022	839	34	22806	25172
Jun 05, 2022	826	10	5936	20542
Jun 06, 2022	809	9	43727	6184
Jun 07, 2022	906	74	29942	11627
Jun 08, 2022	1097	77	27768	53802
Jun 09, 2022	1066	42	24255	40151
Jun 10, 2022	1053	39	-42	17152
Jun 11, 2022	1053	0	39433	0
Jun 12, 2022	1087	0	4386	79397
Jun 13, 2022	1047	92	32029	8474
Jun 14, 2022	1071	57	21914	65425
Jun 15, 2022	1192	49	21177	51954
Jun 16, 2022	1244	49	4762	53081
Jun 17, 2022	1206	43	23533	50605
Jun 18, 2022	1206	19	-43	50266
Jun 19, 2022	1166	3	16440	40125
Jun 20, 2022	1080	45	39793	11566
Jun 21, 2022	1227	56	26099	95217
Jun 22, 2022	1227	66	25309	77967
Jun 23, 2022	1361	40	25064	79852
Jun 24, 2022	1385	49	25132	79262
Jun 25, 2022	1385	30	-49	80926
Jun 26, 2022	1385	11	20542	66301
Jun 27, 2022	1111	48	17770	17601
Jun 28, 2022	1165	37	53754	147248
Jun 29, 2022	1165	48	40114	124724
Jun 30, 2022	1257	42	17104	133346
Jul 01, 2022	1257	52	-42	125066
Jul 02, 2022	1203	30	-52	122639
Jul 03, 2022	1099	14	79397	96191
Jul 04, 2022	1099	97	73899	24418
Jul 05, 2022	1099	75	51813	206554
Jul 06, 2022	1013	53	53006	154615
Jul 07, 2022	1092	89	50552	161265
Jul 08, 2022	1079	74	50177	140997
Jul 09, 2022	1261	39	-74	116405
Jul 10, 2022	1134	15	40125	110589
Jul 11, 2022	1001	108	106783	24343
Jul 12, 2022	1001	126	77805	182006
Jul 13, 2022	1001	109	79726	127642
Jul 14, 2022	1455	54	79153	119285
Jul 15, 2022	1566	108	80872	23027
Jul 16, 2022	1566	59	66193	124009
Jul 17, 2022	1566	26	17601	73668
Jul 18, 2022	1475	174	147163	17733
Jul 19, 2022	1515	144	124550	134188
Jul 20, 2022	1515	125	133202	89982
Jul 21, 2022	1515	133	124941	80869
Jul 22, 2022	1515	113	122506	74348
Jul 23, 2022	1515	57	96078	68532
Jul 24, 2022	1549	23	24418	50032
Jul 25, 2022	1429	130	206474	11195
Jul 26, 2022	1429	119	154485	87562
Jul 27, 2022	1429	103	161146	58638
Jul 28, 2022	1429	112	140894	51594
Jul 29, 2022	1429	89	116293	45515
Jul 30, 2022	1429	55	110500	41274
Jul 31, 2022	1429	20	24343	31535
Aug 01, 2022	1313	121	181931	7249
Aug 02, 2022	1239	101	127521	54519
Aug 03, 2022	1239	90	119184	38788
Aug 04, 2022	1393	87	22937	33799
Aug 05, 2022	1161	80	123922	30592
Aug 06, 2022	1343	45	73588	28518
Aug 07, 2022	1259	20	17733	21528
Aug 08, 2022	1138	109	134123	5090
Aug 09, 2022	1134	111	89873	38230
Aug 10, 2022	1134	88	80758	27081
Aug 11, 2022	1300	80	74260	24312
Aug 12, 2022	1329	74	68452	22638
Aug 13, 2022	1329	0	49958	21175
Aug 14, 2022	1329	0	11195	16347
Aug 15, 2022	1273	65	87562	4564
Aug 16, 2022	870	113	58573	6331
Aug 17, 2022	889	93	51481	35745
Aug 18, 2022	889	92	45422	23605
Aug 19, 2022	889	74	41182	20236
Aug 20, 2022	889	40	31461	19870
Aug 21, 2022	693	0	7249	14820
Aug 22, 2022	598	76	54479	4012
Aug 23, 2022	581	88	38712	28988
Aug 24, 2022	584	57	33711	21289
Aug 25, 2022	614	44	30535	19837
Aug 26, 2022	614	51	28474	18116
Aug 27, 2022	614	23	21477	17833
Aug 28, 2022	452	9	5090	14110
Aug 29, 2022	394	78	38198	3806
Aug 30, 2022	394	72	27003	27358
Aug 31, 2022	394	54	24240	19240
Sep 01, 2022	394	41	22584	18646
Sep 02, 2022	394	55	21134	16399
Sep 03, 2022	397	14	16292	15597
Sep 04, 2022	358	3	4564	12894
Sep 05, 2022	314	67	6314	3443
Sep 06, 2022	320	60	35678	26918
Sep 07, 2022	336	46	23545	20142
Sep 08, 2022	353	58	20190	19866
Sep 09, 2022	317	31	19812	19087
Sep 10, 2022	283	15	14789	19517
Sep 11, 2022	247	6	4012	16422
Sep 12, 2022	208	40	28967	4579
Sep 13, 2022	214	49	21249	41850
Sep 14, 2022	231	33	19788	33575
Sep 15, 2022	219	33	18083	33263
Sep 16, 2022	209	28	17800	28686
Sep 17, 2022	194	11	14082	33162
Sep 18, 2022	172	2	3806	23137
Sep 19, 2022	152	58	27345	5219
Sep 20, 2022	152	48	19182	51816
Sep 21, 2022	183	33	18598	38250
Sep 22, 2022	183	30	16366	38464
Sep 23, 2022	183	33	15567	37524
Sep 24, 2022	183	14	12861	38024
Sep 25, 2022	183	8	3443	31365
Sep 26, 2022	183	51	26896	7489
Sep 27, 2022	123	40	20091	73639
Sep 28, 2022	123	45	19826	53410
Sep 29, 2022	139	33	19042	51366
Sep 30, 2022	139	34	19484	48261
Oct 01, 2022	108	17	16388	46596
Oct 02, 2022	93	7	4579	37453
Oct 03, 2022	77	62	41826	8690
Oct 04, 2022	77	74	33513	89185
Oct 05, 2022	77	47	33189	66564
Oct 06, 2022	77	50	28639	65537
Oct 07, 2022	77	53	33112	61121
Oct 08, 2022	77	26	23084	57270
Oct 09, 2022	75	8	5219	42626
Oct 10, 2022	66	79	51782	9373
Oct 11, 2022	63	85	38171	94753
Oct 12, 2022	63	55	38379	67948
Oct 13, 2022	63	62	37469	64218
Oct 14, 2022	63	79	37962	58695
Oct 15, 2022	63	35	31286	55394
Oct 16, 2022	63	17	7489	41973
Oct 17, 2022	42	112	73587	9421
Oct 18, 2022	42	101	53298	87666
Oct 19, 2022	42	106	51265	63031
Oct 20, 2022	42	69	48155	56793
Oct 21, 2022	42	81	46527	49087
Oct 22, 2022	42	33	37372	43746
Oct 23, 2022	42	17	8690	31470
Oct 24, 2022	42	122	89135	6907
Oct 25, 2022	42	131	66442	59653
Oct 26, 2022	29	60	65406	41185
Oct 27, 2022	30	71	61061	37089
Oct 28, 2022	30	61	57199	25783
Oct 29, 2022	35	41	42565	22723
Oct 30, 2022	35	9	9373	16456
Oct 31, 2022	35	112	94703	3768
Nov 01, 2022	21	53	67836	29525
Nov 02, 2022	15	97	64165	5691
Nov 03, 2022	16	55	58598	42025
Nov 04, 2022	16	78	55339	29438
Nov 05, 2022	16	34	41895	26840
Nov 06, 2022	16	9	0	21178
Nov 07, 2022	16	109	97044	3645
Nov 08, 2022	16	117	62922	40591
Nov 09, 2022	16	72	56676	28702
Nov 10, 2022	16	53	49015	27068
Nov 11, 2022	16	33	43693	26353
Nov 12, 2022	16	15	31437	5577
Nov 13, 2022	16	2	6907	27155
Nov 14, 2022	16	100	59636	6017
Nov 15, 2022	16	110	41085	48971
Nov 16, 2022	16	71	36979	34878
Nov 17, 2022	16	87	25712	33331
Nov 18, 2022	16	74	22636	37177
Nov 19, 2022	16	75	16382	47088
Nov 20, 2022	16	6	3768	14204
Nov 21, 2022	16	94	29444	29335
Nov 22, 2022	21	89	5597	64772
Nov 23, 2022	21	84	41936	49188
Nov 24, 2022	21	60	-84	50530
Nov 25, 2022	21	68	56218	48629
Nov 26, 2022	21	29	21110	48331
Nov 27, 2022	21	8	3645	37675
Nov 28, 2022	21	95	40554	9304
Nov 29, 2022	37	88	28607	91814
Nov 30, 2022	37	91	26980	68382
Dec 01, 2022	37	76	26262	69253
Dec 02, 2022	37	67	5501	59008
Dec 03, 2022	37	38	27088	52908
Dec 04, 2022	37	10	6017	40006
Dec 05, 2022	37	104	48923	10591
Dec 06, 2022	37	117	34774	105516
Dec 07, 2022	37	93	33214	75752
Dec 08, 2022	37	62	37084	71597
Dec 09, 2022	37	94	47026	65509
Dec 10, 2022	37	62	14110	61482
Dec 11, 2022	37	30	29335	46422
Dec 12, 2022	37	167	64680	10878
Dec 13, 2022	37	138	49021	97037
Dec 14, 2022	37	114	50392	70224
Dec 15, 2022	37	106	48515	62541
Dec 16, 2022	37	131	48225	56361
Dec 17, 2022	37	45	37544	52544
Dec 18, 2022	37	35	9304	37264
Dec 19, 2022	37	178	91734	8213
Dec 20, 2022	37	130	68204	71212
Dec 21, 2022	37	127	69123	54613
Dec 22, 2022	123	120	58881	49517
Dec 23, 2022	179	158	52788	43766
Dec 24, 2022	179	58	39848	40744
Dec 25, 2022	209	24	0	23681
Dec 26, 2022	207	133	10591	5429
Dec 27, 2022	198	208	105516	30989
Dec 28, 2022	277	140	147349	26081
Dec 29, 2022	345	132	64946	24436
Dec 30, 2022	457	115	61350	23808
Dec 31, 2022	575	52	46307	21836
Jan 01, 2023	586	28	10878	15005
Jan 02, 2023	577	172	96957	2246
Jan 03, 2023	592	163	70052	22916
Jan 04, 2023	769	123	62378	14105
Jan 05, 2023	1000	143	56238	11537
Jan 06, 2023	1116	126	52401	10383
Jan 07, 2023	1216	54	37264	8961
Jan 08, 2023	1216	22	8213	6557
Jan 09, 2023	1118	145	71010	1702
Jan 10, 2023	1315	115	54468	11715
Jan 11, 2023	1648	88	49402	7635
Jan 12, 2023	1648	53	43678	7159
Jan 13, 2023	2013	101	40691	6238
Jan 14, 2023	2013	27	23580	5429
Jan 15, 2023	1920	9	5429	4166
Jan 16, 2023	1920	80	30953	1235
Jan 17, 2023	2052	99	26001	8381
Jan 18, 2023	2281	82	24337	5894
Jan 19, 2023	2340	64	23726	4992
Jan 20, 2023	2256	44	21772	4475
Jan 21, 2023	2292	54	14961	4324
Jan 22, 2023	2292	9	2246	3477
Jan 23, 2023	2292	134	22853	1027
Jan 24, 2023	2144	59	13971	7263
Jan 25, 2023	2247	0	11478	5347
Jan 26, 2023	2131	28	10383	5287
Jan 27, 2023	2037	44	8933	4681
Jan 28, 2023	2037	0	6513	4513
Jan 29, 2023	2037	0	1702	3802
Jan 30, 2023	1545	96	11715	982
Jan 31, 2023	1612	57	7539	6860
Feb 01, 2023	1734	53	7102	4506
Feb 02, 2023	1738	52	6185	4021
Feb 03, 2023	1612	28	0	3618
Feb 04, 2023	1554	21	5429	3312
Feb 05, 2023	1418	0	4166	2632
Feb 06, 2023	1290	40	9616	718
Feb 07, 2023	1338	42	5753	4999
Feb 08, 2023	1340	31	4950	3991
Feb 09, 2023	1340	17	4444	3653
Feb 10, 2023	1150	20	4307	3366
Feb 11, 2023	1026	0	3457	3187
Feb 12, 2023	1026	0	1027	2469
Feb 13, 2023	1040	50	7263	706
Feb 14, 2023	1040	35	5297	4986
Feb 15, 2023	1040	35	5252	3972
Feb 16, 2023	1040	27	4646	4021
Feb 17, 2023	1040	28	4486	3589
Feb 18, 2023	1040	0	3774	4236
Feb 19, 2023	1040	0	982	2999
Feb 20, 2023	434	47	6860	898
Feb 21, 2023	461	32	4459	5774
Feb 22, 2023	487	38	3989	4584
Feb 23, 2023	487	19	3580	4489
Feb 24, 2023	487	29	3293	3917
Feb 25, 2023	487	0	2603	3843
Feb 26, 2023	487	0	718	2942
Feb 27, 2023	262	52	4999	841
Feb 28, 2023	295	34	3939	5651
Mar 01, 2023	295	25	3619	4525
Mar 02, 2023	288	21	3341	4196
Mar 03, 2023	288	21	3166	3194
Mar 04, 2023	238	0	2448	4013
Mar 05, 2023	224	0	0	0
Mar 06, 2023	224	43	5692	953
Mar 07, 2023	224	0	-43	0
Mar 08, 2023	224	0	3972	0
Mar 09, 2023	224	0	4021	0
Mar 10, 2023	224	90	7825	6188
Mar 11, 2023	224	0	2909	6072
Mar 12, 2023	224	0	898	4558
Mar 13, 2023	224	50	5774	1235
Mar 14, 2023	135	27	4534	9937
Mar 15, 2023	163	24	4462	8348
Mar 16, 2023	174	24	3893	7932
Mar 17, 2023	186	26	3819	7228
Mar 18, 2023	207	0	2916	7210
Mar 19, 2023	194	0	841	5459
Mar 20, 2023	194	63	5651	1470
Mar 21, 2023	172	35	4462	11519
Mar 22, 2023	172	13	4161	9762
Mar 23, 2023	206	29	3181	9249
Mar 24, 2023	216	15	3984	8839
Mar 25, 2023	223	0	-15	8435
Mar 26, 2023	223	0	953	6211
Mar 27, 2023	189	65	0	7
Mar 28, 2023	189	39	-65	12933
Mar 29, 2023	189	36	-39	10885
Mar 30, 2023	189	0	-36	0
Mar 31, 2023	179	69	12260	9211
Apr 01, 2023	166	0	4489	8455
Apr 02, 2023	166	0	1235	6027
Apr 03, 2023	113	58	9937	1453
Apr 04, 2023	122	0	-58	0
Apr 05, 2023	122	58	16280	9922
Apr 06, 2023	122	35	7170	9374
Apr 07, 2023	174	28	7175	8786
Apr 08, 2023	165	0	5431	7739
Apr 09, 2023	165	0	1470	6474
Apr 10, 2023	165	0	11519	1342
Apr 11, 2023	165	0	9762	1884
Apr 12, 2023	165	59	9249	14207
Apr 13, 2023	165	0	8780	10678
Apr 14, 2023	165	108	8435	9467
Apr 15, 2023	113	0	6103	8595
Apr 16, 2023	113	0	7	5805
Apr 17, 2023	113	0	12933	1411
Apr 18, 2023	113	140	10885	10616
Apr 19, 2023	113	0	-140	8807
Apr 20, 2023	113	0	9211	8201
Apr 21, 2023	113	125	8455	7400
Apr 22, 2023	113	0	5902	6796
Apr 23, 2023	113	0	1453	5008
Apr 24, 2023	51	0	0	1185
Apr 25, 2023	46	136	9922	8895
Apr 26, 2023	52	0	9238	7490
Apr 27, 2023	58	0	8786	6609
Apr 28, 2023	66	131	7739	6144
Apr 29, 2023	66	0	6343	5642
Apr 30, 2023	66	0	1342	4030
May 01, 2023	41	0	1884	1098
May 02, 2023	41	89	14207	1065
May 03, 2023	41	0	10589	8715
May 04, 2023	41	0	9467	6161
May 05, 2023	41	166	8595	5505
May 06, 2023	41	0	5639	5103
May 07, 2023	41	0	1411	3301
May 08, 2023	41	0	10616	759
May 09, 2023	41	51	8807	1044
May 10, 2023	41	0	8150	6708
May 11, 2023	79	0	0	0
May 12, 2023	79	108	14196	9003
May 13, 2023	79	0	4900	3706
May 14, 2023	79	0	1185	2563
May 15, 2023	79	0	8895	623
May 16, 2023	79	82	7490	5118
May 17, 2023	79	0	6527	4149
May 18, 2023	79	0	0	0
May 19, 2023	79	0	6144	0
May 20, 2023	79	0	5642	0
May 21, 2023	79	0	4030	0
May 22, 2023	79	76	2163	677
May 23, 2023	79	79	8639	5901
May 24, 2023	79	0	6082	4905
May 25, 2023	79	0	5505	4220
May 26, 2023	79	56	5103	3724
May 27, 2023	79	0	3245	3317
May 28, 2023	79	0	759	2284
May 29, 2023	79	0	1044	592
May 30, 2023	79	48	6708	902
May 31, 2023	79	0	-48	5210
Jun 01, 2023	79	0	9003	3735
Jun 02, 2023	79	62	3706	3204
Jun 03, 2023	79	0	2501	2797
Jun 04, 2023	79	0	623	2082
Jun 05, 2023	79	0	5118	443
Jun 06, 2023	79	51	4149	3590
Jun 07, 2023	79	0	-51	2762
Jun 08, 2023	79	0	0	2603
Jun 09, 2023	546	56	0	2357
Jun 10, 2023	546	0	-56	2135
Jun 11, 2023	546	0	677	1282
Jun 12, 2023	546	0	5901	332
Jun 13, 2023	546	28	4905	2631
Jun 14, 2023	546	0	4192	2069
Jun 15, 2023	546	0	3724	545
Jun 16, 2023	1068	40	3317	2895
Jun 17, 2023	1068	0	2244	1482
Jun 18, 2023	1068	0	592	1080
Jun 19, 2023	1068	0	902	270
Jun 20, 2023	1068	45	5210	2071
Jun 21, 2023	1068	0	3690	1702
Jun 22, 2023	1068	0	3204	1420
Jun 23, 2023	1644	23	2797	1232
Jun 24, 2023	1644	0	2059	1217
Jun 25, 2023	1644	0	443	776
Jun 26, 2023	2173	0	3590	213
Jun 27, 2023	2173	26	2762	1680
Jun 28, 2023	2173	0	2577	1148
Jun 29, 2023	2173	0	2357	1106
Jun 30, 2023	2173	0	2135	1106
Jul 01, 2023	2173	0	0	0
Jul 02, 2023	2173	0	1282	0
Jul 03, 2023	3179	0	332	0
Jul 04, 2023	3179	0	2631	0
Jul 05, 2023	3179	0	2069	0
Jul 06, 2023	3179	0	545	0
Jul 07, 2023	3179	0	2895	0
Jul 08, 2023	3179	0	1482	0
Jul 09, 2023	3179	0	1080	0
Jul 10, 2023	3625	0	270	0
Jul 11, 2023	3625	0	2071	0
Jul 12, 2023	3625	0	1702	0
Jul 13, 2023	3625	0	1420	0
Jul 14, 2023	3625	0	1232	0
Jul 15, 2023	3625	0	1217	0
Jul 16, 2023	3625	0	776	0
Jul 17, 2023	3902	0	213	0
Jul 18, 2023	3902	0	1680	0
Jul 19, 2023	3902	0	1148	0
Jul 20, 2023	3902	0	1106	0
Jul 21, 2023	3902	0	1106	0
Jul 22, 2023	3902	0	0	0
Jul 23, 2023	3902	0	0	0
Jul 24, 2023	3902	0	0	0
Jul 25, 2023	3902	0	0	0
Jul 26, 2023	3902	0	0	0
Jul 27, 2023	3902	0	0	0
Jul 28, 2023	3902	0	0	0
Jul 29, 2023	3902	0	0	0
Jul 30, 2023	3902	0	0	0
Jul 31, 2023	3902	0	0	0
Aug 01, 2023	3902	0	0	0
Aug 02, 2023	3902	0	0	0
Aug 03, 2023	3902	0	0	0
Aug 04, 2023	3902	0	0	0
Aug 05, 2023	3902	0	0	0
Aug 06, 2023	3902	0	0	0
Aug 07, 2023	3902	0	0	0
Aug 08, 2023	3902	0	0	0
Aug 09, 2023	3902	0	0	0
Aug 10, 2023	3902	0	0	0
Aug 11, 2023	3902	0	0	0
Aug 12, 2023	3902	0	0	0
Aug 13, 2023	3902	0	0	0
Aug 14, 2023	3902	0	0	0
Aug 15, 2023	3902	0	0	0
Aug 16, 2023	3902	0	0	0
Aug 17, 2023	3902	0	0	0
Aug 18, 2023	3902	0	0	0
Aug 19, 2023	3902	0	0	0
Aug 20, 2023	3902	0	0	0
Aug 21, 2023	3902	0	0	0
Aug 22, 2023	3902	0	0	0
Aug 23, 2023	3902	0	0	0
Aug 24, 2023	3902	0	0	0
Aug 25, 2023	3902	0	0	0
Aug 26, 2023	3902	0	0	0
Aug 27, 2023	3902	0	0	0
Aug 28, 2023	3902	0	0	0
Aug 29, 2023	3902	0	0	0
Aug 30, 2023	3902	0	0	0
Aug 31, 2023	3902	0	0	0
Sep 01, 2023	3902	0	0	0
Sep 02, 2023	3902	0	0	0
Sep 03, 2023	3902	0	0	0
Sep 04, 2023	3902	0	0	0
Sep 05, 2023	3902	0	0	0
Sep 06, 2023	3902	0	0	0
Sep 07, 2023	3902	0	0	0
Sep 08, 2023	3902	0	0	0
Sep 09, 2023	3902	0	0	0
Sep 10, 2023	3902	0	0	0
Sep 11, 2023	3902	0	0	0
Sep 12, 2023	3902	0	0	0
Sep 13, 2023	3902	0	0	0
Sep 14, 2023	3902	0	0	0
Sep 15, 2023	3902	0	0	0
Sep 16, 2023	3902	0	0	0
Sep 17, 2023	3902	0	0	0
Sep 18, 2023	3902	0	0	0
Sep 19, 2023	3902	0	0	0
Sep 20, 2023	3902	0	0	0
Sep 21, 2023	3902	0	0	0
Sep 22, 2023	3902	0	0	0
Sep 23, 2023	3902	0	0	0
Sep 24, 2023	3902	0	0	0
Sep 25, 2023	3902	0	0	0
Sep 26, 2023	3902	0	0	0
Sep 27, 2023	3902	0	0	0
Sep 28, 2023	3902	0	0	0
Sep 29, 2023	3902	0	0	0
Sep 30, 2023	3902	0	0	0
Oct 01, 2023	3902	0	0	0
Oct 02, 2023	3902	0	0	0
Oct 03, 2023	3902	0	0	0
Oct 04, 2023	3902	0	0	0
Oct 05, 2023	3902	0	0	0
Oct 06, 2023	3902	0	0	0
Oct 07, 2023	3902	0	0	0
Oct 08, 2023	3902	0	0	0
Oct 09, 2023	3902	0	0	0
Oct 10, 2023	3902	0	0	0
Oct 11, 2023	3902	0	0	0
Oct 12, 2023	3902	0	0	0
Oct 13, 2023	3902	0	0	0
Oct 14, 2023	3902	0	0	0
Oct 15, 2023	3902	0	0	0
Oct 16, 2023	3902	0	0	0
Oct 17, 2023	3902	0	0	0
Oct 18, 2023	3902	0	0	0
Oct 19, 2023	3902	0	0	0
Oct 20, 2023	3902	0	0	0
Oct 21, 2023	3902	0	0	0
Oct 22, 2023	3902	0	0	0
Oct 23, 2023	3902	0	0	0
Oct 24, 2023	3902	0	0	0
Oct 25, 2023	3902	0	0	0
Oct 26, 2023	3902	0	0	0
Oct 27, 2023	3902	0	0	0
Oct 28, 2023	3902	0	0	0
Oct 29, 2023	3902	0	0	0
Oct 30, 2023	3916	0	0	0
Oct 31, 2023	3916	0	0	0
Nov 01, 2023	3916	0	0	0
Nov 02, 2023	3916	0	0	0
Nov 03, 2023	3916	0	0	0
Nov 04, 2023	3916	0	0	0
Nov 05, 2023	3916	0	0	0
Nov 06, 2023	3916	0	0	0
Nov 07, 2023	3916	0	0	0
Nov 08, 2023	3916	0	0	0
Nov 09, 2023	3916	0	0	0
Nov 10, 2023	3916	0	0	0
Nov 11, 2023	3916	0	0	0
Nov 12, 2023	3916	0	0	0
Nov 13, 2023	3917	0	0	0
Nov 14, 2023	3917	0	0	0
Nov 15, 2023	3917	0	0	0
Nov 16, 2023	3917	0	0	0
Nov 17, 2023	3917	0	0	0
Nov 18, 2023	3917	0	0	0
Nov 19, 2023	3917	0	0	0
Nov 20, 2023	3917	0	0	0
Nov 21, 2023	3917	0	0	0
Nov 22, 2023	3917	0	0	0
Nov 23, 2023	3917	0	0	0
Nov 24, 2023	3917	0	0	0
Nov 25, 2023	3917	0	0	0
Nov 26, 2023	3917	0	0	0
Nov 27, 2023	3919	0	0	0
Nov 28, 2023	3919	0	0	0
Nov 29, 2023	3919	0	0	0
Nov 30, 2023	3919	0	0	0
Dec 01, 2023	3919	0	0	0
Dec 02, 2023	3919	0	0	0
Dec 03, 2023	3919	0	0	0
Dec 04, 2023	3919	0	0	0
Dec 05, 2023	3919	0	0	0
Dec 06, 2023	3919	0	0	0
Dec 07, 2023	3919	0	0	0
Dec 08, 2023	3919	0	0	0
Dec 09, 2023	3919	0	0	0
Dec 10, 2023	3919	0	0	0
Dec 11, 2023	3919	0	0	0
Dec 12, 2023	3919	0	0	0
Dec 13, 2023	3919	0	0	0
Dec 14, 2023	3919	0	0	0
Dec 15, 2023	3919	0	0	0
Dec 16, 2023	3919	0	0	0
Dec 17, 2023	3919	0	0	0
Dec 18, 2023	3919	0	0	0
Dec 19, 2023	3919	0	0	0
Dec 20, 2023	3919	0	0	0
Dec 21, 2023	3919	0	0	0
Dec 22, 2023	3919	0	0	0
Dec 23, 2023	3919	0	0	0
Dec 24, 2023	3919	0	0	0
Dec 25, 2023	3919	0	0	0
Dec 26, 2023	3919	0	0	0
Dec 27, 2023	3919	0	0	0
Dec 28, 2023	3919	0	0	0
Dec 29, 2023	3919	0	0	0
Dec 30, 2023	3919	0	0	0
Dec 31, 2023	3919	0	0	0
Jan 01, 2024	3919	0	0	0
Jan 02, 2024	3919	0	0	0
Jan 03, 2024	3919	0	0	0
Jan 04, 2024	3919	0	0	0
Jan 05, 2024	3919	0	0	0
Jan 06, 2024	3919	0	0	0
Jan 07, 2024	3919	0	0	0
Jan 08, 2024	3919	0	0	0
Jan 09, 2024	3919	0	0	0
Jan 10, 2024	3919	0	0	0
Jan 11, 2024	3919	0	0	0
Jan 12, 2024	3919	0	0	0
Jan 13, 2024	3919	0	0	0
Jan 14, 2024	3919	0	0	0
Jan 15, 2024	3919	0	0	0
Jan 16, 2024	3919	0	0	0
Jan 17, 2024	3919	0	0	0
Jan 18, 2024	3919	0	0	0
Jan 19, 2024	3919	0	0	0
Jan 20, 2024	3919	0	0	0
Jan 21, 2024	3919	0	0	0
Jan 22, 2024	3919	0	0	0
Jan 23, 2024	3919	0	0	0
Jan 24, 2024	3919	0	0	0
Jan 25, 2024	3919	0	0	0
Jan 26, 2024	3919	0	0	0
Jan 27, 2024	3919	0	0	0
Jan 28, 2024	3919	0	0	0
Jan 29, 2024	3919	0	0	0
Jan 30, 2024	3919	0	0	0
Jan 31, 2024	3919	0	0	0
Feb 01, 2024	3919	0	0	0
Feb 02, 2024	3919	0	0	0
Feb 03, 2024	3919	0	0	0
Feb 04, 2024	3919	0	0	0
Feb 05, 2024	3919	0	0	0
Feb 06, 2024	3919	0	0	0
Feb 07, 2024	3919	0	0	0
Feb 08, 2024	3919	0	0	0
Feb 09, 2024	3919	0	0	0
Feb 10, 2024	3919	0	0	0
Feb 11, 2024	3919	0	0	0
Feb 12, 2024	3919	0	0	0
Feb 13, 2024	3919	0	0	0
Feb 14, 2024	3919	0	0	0
Feb 15, 2024	3919	0	0	0
Feb 16, 2024	3919	0	0	0
Feb 17, 2024	3919	0	0	0
Feb 18, 2024	3919	0	0	0
Feb 19, 2024	3919	0	0	0
Feb 20, 2024	3919	0	0	0
Feb 21, 2024	3919	0	0	0
Feb 22, 2024	3919	0	0	0
Feb 23, 2024	3919	0	0	0
Feb 24, 2024	3919	0	0	0
Feb 25, 2024	3919	0	0	0
Feb 26, 2024	3919	0	0	0
Feb 27, 2024	3919	0	0	0
Feb 28, 2024	3919	0	0	0
Feb 29, 2024	3919	0	0	0
Mar 01, 2024	3919	0	0	0
Mar 02, 2024	3919	0	0	0
Mar 03, 2024	3919	0	0	0
Mar 04, 2024	3919	0	0	0
Mar 05, 2024	3919	0	0	0
Mar 06, 2024	3919	0	0	0
Mar 07, 2024	3919	0	0	0
Mar 08, 2024	3919	0	0	0
Mar 09, 2024	3919	0	0	0
Mar 10, 2024	3919	0	0	0
Mar 11, 2024	3919	0	0	0
Mar 12, 2024	3919	0	0	0
Mar 13, 2024	3919	0	0	0
Mar 14, 2024	3919	0	0	0
Mar 15, 2024	3919	0	0	0
Mar 16, 2024	3919	0	0	0
Mar 17, 2024	3919	0	0	0
Mar 18, 2024	3919	0	0	0
Mar 19, 2024	3919	0	0	0
Mar 20, 2024	3919	0	0	0
Mar 21, 2024	3919	0	0	0
Mar 22, 2024	3919	0	0	0
Mar 23, 2024	3919	0	0	0
